0,0.0,0.0,0.08,0.0,0.0,0.0,0.0,0.0,0.0,0.0,0.0,0.0,0.0,0.08,0.1,0.0,0.0,0.2,0.25
8,0.0,0.0,0.2,0.08,0.1,0.0,0.0,0.0,0.0,0.1,0.1,0.2,0.25,0.08,0.1,0.0,0.0,0.08,0.1
15,0.0,0.0,0.25,0.1,0.1,0.0,0.0,0.0,0.0,0.12,0.1,0.25,0.25,0.1,0.1,0.0,0.0,0.1,0.1
21,0.0,0.0,0.1,0.08,0.1,0.0,0.0,0.0,0.0,0.3,0.25,0.0,0.0,0.08,0.1,0.0,0.0,0.2,0.25
28,0.0,0.0,0.2,0.2,0.25,0.0,0.0,0.0,0.0,0.12,0.1,0.0,0.0,0.08,0.1,0.0,0.0,0.0,0.0
34,0.0,0.0,0.2,0.25,0.25,0.0,0.0,0.0,0.0,0.25,0.25,0.1,0.1,0.1,0.1,0.0,0.0,0.1,0.1
41,0.0,0.0,0.25,0.2,0.25,0.0,0.0,0.0,0.0,0.1,0.1,0.2,0.25,0.08,0.1,0.0,0.0,0.08,0.1
53,0.0,0.0,0.1,0.2,0.25,0.12,0.1,0.0,0.0,0.12,0.1,0.08,0.1,0.08,0.1,0.0,0.0,0.2,0.25
60,0.0,0.0,0.08,0.2,0.25,0.0,0.0,0.0,0.0,0.0,0.0,0.2,0.25,0.08,0.1,0.12,0.1,0.2,0.25
66,0.0,0.0,0.2,0.25,0.25,0.0,0.0,0.0,0.0,0.0,0.0,0.25,0.25,0.1,0.1,0.25,0.25,0.25,0.25
74,0.0,0.0,0.2,0.0,0.0,0.0,0.0,0.0,0.0,0.0,0.0,0.0,0.0,0.25,0.25,0.0,0.0,0.0,0.0
81,0.0,0.0,0.25,0.0,0.0,0.0,0.0,0.0,0.0,0.0,0.0,0.08,0.1,0.2,0.25,0.0,0.0,0.0,0.0
88,0.0,0.0,0.08,0.0,0.0,0.0,0.0,0.0,0.0,0.25,0.25,0.0,0.0,0.2,0.25,0.0,0.0,0.08,0.1
94,0.0,0.0,0.08,0.0,0.0,0.0,0.0,0.0,0.0,0.3,0.25,0.0,0.0,0.25,0.25,0.0,0.0,0.1,0.1
101,0.0,0.0,0.25,0.0,0.0,0.0,0.0,0.12,0.1,0.0,0.0,0.2,0.25,0.2,0.25,0.0,0.0,0.08,0.1
109,0.0,0.0,0.25,0.0,0.0,0.0,0.0,0.0,0.0,0.0,0.0,0.0,0.0,0.2,0.25,0.0,0.0,0.2,0.25
116,0.0,0.0,0.08,0.0,0.0,0.0,0.0,0.0,0.0,0.3,0.25,0.08,0.1,0.2,0.25,0.0,0.0,0.2,0.25
123,0.0,0.0,0.1,0.0,0.0,0.1,0.1,0.0,0.0,0.0,0.0,0.25,0.25,0.25,0.25,0.0,0.0,0.1,0.1
130,0.0,0.0,0.08,0.0,0.0,0.0,0.0,0.0,0.0,0.1,0.1,0.25,0.25,0.25,0.25,0.1,0.1,0.0,0.0
136,0.0,0.0,0.2,0.0,0.0,0.0,0.0,0.0,0.0,0.1,0.1,0.0,0.0,0.2,0.25,0.1,0.1,0.2,0.25
142,0.0,0.0,0.2,0.0,0.0,0.0,0.0,0.0,0.0,0.12,0.1,0.0,0.0,0.25,0.25,0.12,0.1,0.25,0.25
146,0.0,0.0,0.2,0.0,0.0,0.0,0.0,0.0,0.0,0.0,0.0,0.1,0.1,0.25,0.25,0.1,0.1,0.25,0.25
154,0.0,0.0,0.2,0.0,0.0,0.1,0.1,0.0,0.0,0.25,0.25,0.0,0.0,0.25,0.25,0.1,0.1,0.1,0.1
161,0.0,0.0,0.25,0.0,0.0,0.1,0.1,0.0,0.0,0.1,0.1,0.08,0.1,0.2,0.25,0.1,0.1,0.08,0.1
169,0.0,0.0,0.25,0.0,0.0,0.1,0.1,0.0,0.0,0.0,0.0,0.2,0.25,0.2,0.25,0.1,0.1,0.08,0.1
176,0.0,0.0,0.2,0.0,0.0,0.1,0.1,0.0,0.0,0.0,0.0,0.0,0.0,0.2,0.25,0.1,0.1,0.2,0.25
183,0.0,0.0,0.25,0.0,0.0,0.12,0.1,0.0,0.0,0.0,0.0,0.0,0.0,0.25,0.25,0.12,0.1,0.25,0.25
190,0.0,0.0,0.08,0.0,0.0,0.12,0.1,0.0,0.0,0.12,0.1,0.1,0.1,0.25,0.25,0.12,0.1,0.25,0.25
208,0.0,0.0,0.08,0.0,0.0,0.0,0.0,0.0,0.0,0.0,0.0,0.2,0.25,0.2,0.25,0.25,0.25,0.2,0.25
219,0.0,0.0,0.25,0.1,0.1,0.0,0.0,0.0,0.0,0.1,0.1,0.0,0.0,0.25,0.25,0.0,0.0,0.0,0.0
226,0.0,0.0,0.2,0.1,0.1,0.0,0.0,0.0,0.0,0.0,0.0,0.1,0.1,0.25,0.25,0.0,0.0,0.0,0.0
233,0.0,0.0,0.25,0.08,0.1,0.0,0.0,0.0,0.0,0.25,0.25,0.08,0.1,0.2,0.25,0.0,0.0,0.08,0.1
240,0.0,0.0,0.2,0.08,0.1,0.0,0.0,0.0,0.0,0.1,0.1,0.2,0.25,0.2,0.25,0.0,0.0,0.08,0.1
249,0.0,0.0,0.25,0.08,0.1,0.0,0.0,0.1,0.1,0.0,0.0,0.0,0.0,0.2,0.25,0.0,0.0,0.08,0.1
256,0.0,0.0,0.2,0.08,0.1,0.0,0.0,0.0,0.0,0.25,0.25,0.08,0.1,0.2,0.25,0.0,0.0,0.2,0.25
263,0.0,0.0,0.25,0.1,0.1,0.0,0.0,0.0,0.0,0.3,0.25,0.1,0.1,0.25,0.25,0.0,0.0,0.25,0.25
268,0.0,0.0,0.2,0.08,0.1,0.0,0.0,0.0,0.0,0.12,0.1,0.2,0.25,0.2,0.25,0.0,0.0,0.2,0.25
277,0.0,0.0,0.25,0.08,0.1,0.0,0.0,0.12,0.1,0.0,0.0,0.0,0.0,0.2,0.25,0.0,0.0,0.2,0.25
283,0.0,0.0,0.1,0.1,0.1,0.1,0.1,0.0,0.0,0.0,0.0,0.0,0.0,0.25,0.25,0.0,0.0,0.1,0.1
290,0.0,0.0,0.2,0.1,0.1,0.1,0.1,0.0,0.0,0.1,0.1,0.25,0.25,0.25,0.25,0.0,0.0,0.1,0.1
297,0.0,0.0,0.1,0.08,0.1,0.1,0.1,0.0,0.0,0.25,0.25,0.0,0.0,0.2,0.25,0.0,0.0,0.2,0.25
304,0.0,0.0,0.08,0.08,0.1,0.1,0.1,0.0,0.0,0.25,0.25,0.08,0.1,0.2,0.25,0.0,0.0,0.2,0.25
311,0.0,0.0,0.1,0.1,0.1,0.12,0.1,0.0,0.0,0.3,0.25,0.1,0.1,0.25,0.25,0.0,0.0,0.25,0.25
318,0.0,0.0,0.2,0.1,0.1,0.0,0.0,0.0,0.0,0.0,0.0,0.25,0.25,0.25,0.25,0.12,0.1,0.0,0.0
322,0.0,0.0,0.2,0.1,0.1,0.0,0.0,0.0,0.0,0.25,0.25,0.25,0.25,0.25,0.25,0.1,0.1,0.1,0.1
332,0.0,0.0,0.2,0.08,0.1,0.0,0.0,0.0,0.0,0.0,0.0,0.0,0.0,0.2,0.25,0.12,0.1,0.2,0.25
336,0.0,0.0,0.08,0.08,0.1,0.0,0.0,0.0,0.0,0.1,0.1,0.2,0.25,0.2,0.25,0.1,0.1,0.2,0.25
344,0.0,0.0,0.08,0.08,0.1,0.1,0.1,0.0,0.0,0.25,0.25,0.0,0.0,0.2,0.25,0.1,0.1,0.2,0.25
350,0.0,0.0,0.08,0.1,0.1,0.12,0.1,0.0,0.0,0.3,0.25,0.0,0.0,0.25,0.25,0.12,0.1,0.25,0.25
357,0.0,0.0,0.25,0.08,0.1,0.0,0.0,0.0,0.0,0.12,0.1,0.08,0.1,0.2,0.25,0.3,0.25,0.08,0.1
364,0.0,0.0,0.2,0.08,0.1,0.0,0.0,0.0,0.0,0.0,0.0,0.2,0.25,0.2,0.25,0.3,0.25,0.08,0.1
372,0.0,0.0,0.2,0.08,0.1,0.0,0.0,0.0,0.0,0.12,0.1,0.0,0.0,0.2,0.25,0.3,0.25,0.2,0.25
379,0.0,0.0,0.25,0.1,0.1,0.0,0.0,0.0,0.0,0.0,0.0,0.1,0.1,0.25,0.25,0.25,0.25,0.25,0.25
392,0.0,0.0,0.2,0.2,0.25,0.0,0.0,0.0,0.0,0.25,0.25,0.2,0.25,0.2,0.25,0.0,0.0,0.0,0.0
398,0.0,0.0,0.2,0.25,0.25,0.0,0.0,0.0,0.0,0.3,0.25,0.25,0.25,0.25,0.25,0.0,0.0,0.0,0.0
407,0.12,0.1,0.25,0.25,0.25,0.0,0.0,0.0,0.0,0.0,0.0,0.25,0.25,0.25,0.25,0.0,0.0,0.0,0.0
413,0.0,0.0,0.25,0.2,0.25,0.0,0.0,0.0,0.0,0.3,0.25,0.2,0.25,0.2,0.25,0.0,0.0,0.08,0.1
419,0.0,0.0,0.25,0.25,0.25,0.0,0.0,0.1,0.1,0.1,0.1,0.0,0.0,0.25,0.25,0.0,0.0,0.1,0.1
425,0.0,0.0,0.25,0.2,0.25,0.0,0.0,0.1,0.1,0.25,0.25,0.0,0.0,0.2,0.25,0.0,0.0,0.2,0.25
432,0.0,0.0,0.2,0.2,0.25,0.1,0.1,0.0,0.0,0.1,0.1,0.0,0.0,0.2,0.25,0.0,0.0,0.0,0.0
439,0.0,0.0,0.25,0.25,0.25,0.12,0.1,0.0,0.0,0.12,0.1,0.0,0.0,0.25,0.25,0.0,0.0,0.0,0.0
446,0.0,0.0,0.2,0.25,0.25,0.12,0.1,0.0,0.0,0.0,0.0,0.1,0.1,0.25,0.25,0.0,0.0,0.0,0.0
460,0.0,0.0,0.08,0.2,0.25,0.12,0.1,0.0,0.0,0.3,0.25,0.0,0.0,0.2,0.25,0.0,0.0,0.2,0.25
470,0.0,0.0,0.08,0.25,0.25,0.12,0.1,0.0,0.0,0.12,0.1,0.1,0.1,0.25,0.25,0.0,0.0,0.25,0.25
481,0.0,0.0,0.1,0.2,0.25,0.1,0.1,0.1,0.1,0.25,0.25,0.2,0.25,0.2,0.25,0.0,0.0,0.2,0.25
485,0.0,0.0,0.1,0.2,0.25,0.12,0.1,0.12,0.1,0.3,0.25,0.2,0.25,0.2,0.25,0.0,0.0,0.2,0.25
491,0.1,0.1,0.1,0.25,0.25,0.1,0.1,0.0,0.0,0.25,0.25,0.25,0.25,0.25,0.25,0.0,0.0,0.25,0.25
500,0.0,0.0,0.0,0.2,0.25,0.0,0.0,0.0,0.0,0.0,0.0,0.2,0.25,0.2,0.25,0.12,0.1,0.0,0.0
509,0.0,0.0,0.25,0.2,0.25,0.0,0.0,0.0,0.0,0.3,0.25,0.0,0.0,0.2,0.25,0.12,0.1,0.2,0.25
516,0.0,0.0,0.2,0.2,0.25,0.0,0.0,0.0,0.0,0.12,0.1,0.08,0.1,0.2,0.25,0.12,0.1,0.2,0.25
522,0.0,0.0,0.2,0.25,0.25,0.0,0.0,0.0,0.0,0.0,0.0,0.25,0.25,0.25,0.25,0.1,0.1,0.25,0.25
529,0.0,0.0,0.25,0.2,0.25,0.1,0.1,0.0,0.0,0.1,0.1,0.0,0.0,0.2,0.25,0.1,0.1,0.2,0.25
535,0.0,0.0,0.25,0.25,0.25,0.12,0.1,0.0,0.0,0.12,0.1,0.0,0.0,0.25,0.25,0.12,0.1,0.25,0.25
542,0.0,0.0,0.2,0.25,0.25,0.12,0.1,0.0,0.0,0.12,0.1,0.25,0.25,0.25,0.25,0.12,0.1,0.25,0.25
549,0.0,0.0,0.25,0.2,0.25,0.12,0.1,0.12,0.1,0.0,0.0,0.0,0.0,0.2,0.25,0.12,0.1,0.2,0.25
560,0.0,0.0,0.08,0.2,0.25,0.0,0.0,0.0,0.0,0.0,0.0,0.2,0.25,0.2,0.25,0.25,0.25,0.0,0.0
576,0.0,0.0,0.2,0.2,0.25,0.0,0.0,0.0,0.0,0.1,0.1,0.08,0.1,0.2,0.25,0.25,0.25,0.08,0.1
582,0.0,0.0,0.2,0.25,0.25,0.0,0.0,0.0,0.0,0.12,0.1,0.1,0.1,0.25,0.25,0.3,0.25,0.1,0.1
604,0.0,0.0,0.2,0.2,0.25,0.0,0.0,0.0,0.0,0.3,0.25,0.2,0.25,0.2,0.25,0.3,0.25,0.2,0.25
611,0.0,0.0,0.25,0.25,0.25,0.0,0.0,0.0,0.0,0.1,0.1,0.1,0.1,0.0,0.0,0.0,0.0,0.25,0.25
618,0.0,0.0,0.2,0.25,0.25,0.0,0.0,0.0,0.0,0.0,0.0,0.25,0.25,0.0,0.0,0.0,0.0,0.25,0.25
625,0.0,0.0,0.25,0.0,0.0,0.0,0.0,0.0,0.0,0.0,0.0,0.2,0.25,0.08,0.1,0.0,0.0,0.0,0.0
633,0.0,0.0,0.25,0.0,0.0,0.0,0.0,0.0,0.0,0.25,0.25,0.2,0.25,0.08,0.1,0.0,0.0,0.2,0.25
640,0.0,0.0,0.2,0.08,0.1,0.0,0.0,0.0,0.0,0.0,0.0,0.08,0.1,0.08,0.1,0.0,0.0,0.08,0.1
649,0.0,0.0,0.25,0.08,0.1,0.0,0.0,0.0,0.0,0.1,0.1,0.0,0.0,0.08,0.1,0.0,0.0,0.2,0.25
656,0.0,0.0,0.2,0.08,0.1,0.1,0.1,0.1,0.1,0.0,0.0,0.08,0.1,0.08,0.1,0.0,0.0,0.2,0.25
663,0.0,0.0,0.25,0.1,0.1,0.12,0.1,0.12,0.1,0.0,0.0,0.1,0.1,0.1,0.1,0.0,0.0,0.25,0.25
671,0.0,0.0,0.25,0.25,0.25,0.0,0.0,0.0,0.0,0.3,0.25,0.0,0.0,0.1,0.1,0.0,0.0,0.0,0.0
678,0.0,0.0,0.2,0.25,0.25,0.0,0.0,0.0,0.0,0.3,0.25,0.25,0.25,0.1,0.1,0.0,0.0,0.25,0.25
689,0.0,0.0,0.25,0.2,0.25,0.1,0.1,0.0,0.0,0.0,0.0,0.0,0.0,0.08,0.1,0.0,0.0,0.2,0.25
696,0.0,0.0,0.08,0.2,0.25,0.1,0.1,0.0,0.0,0.1,0.1,0.2,0.25,0.08,0.1,0.0,0.0,0.2,0.25
703,0.0,0.0,0.1,0.25,0.25,0.12,0.1,0.0,0.0,0.12,0.1,0.25,0.25,0.1,0.1,0.0,0.0,0.25,0.25
710,0.0,0.0,0.2,0.25,0.25,0.0,0.0,0.0,0.0,0.0,0.0,0.25,0.25,0.1,0.1,0.12,0.1,0.25,0.25
716,0.0,0.0,0.2,0.2,0.25,0.12,0.1,0.0,0.0,0.0,0.0,0.0,0.0,0.08,0.1,0.12,0.1,0.08,0.1
723,0.0,0.0,0.25,0.0,0.0,0.0,0.0,0.0,0.0,0.25,0.25,0.0,0.0,0.25,0.25,0.0,0.0,0.0,0.0
730,0.0,0.0,0.2,0.0,0.0,0.0,0.0,0.0,0.0,0.1,0.1,0.1,0.1,0.25,0.25,0.0,0.0,0.0,0.0
737,0.0,0.0,0.25,0.0,0.0,0.0,0.0,0.0,0.0,0.0,0.0,0.2,0.25,0.2,0.25,0.0,0.0,0.0,0.0
743,0.0,0.0,0.25,0.0,0.0,0.0,0.0,0.0,0.0,0.0,0.0,0.25,0.25,0.25,0.25,0.0,0.0,0.0,0.0
752,0.0,0.0,0.2,0.0,0.0,0.0,0.0,0.0,0.0,0.0,0.0,0.08,0.1,0.2,0.25,0.0,0.0,0.08,0.1
759,0.0,0.0,0.25,0.0,0.0,0.0,0.0,0.0,0.0,0.0,0.0,0.1,0.1,0.25,0.25,0.0,0.0,0.1,0.1
765,0.0,0.0,0.25,0.0,0.0,0.0,0.0,0.12,0.1,0.3,0.25,0.2,0.25,0.2,0.25,0.0,0.0,0.08,0.1
772,0.0,0.0,0.0,0.0,0.0,0.0,0.0,0.0,0.0,0.12,0.1,0.0,0.0,0.2,0.25,0.0,0.0,0.2,0.25
779,0.0,0.0,0.25,0.0,0.0,0.0,0.0,0.0,0.0,0.25,0.25,0.1,0.1,0.25,0.25,0.0,0.0,0.25,0.25
786,0.0,0.0,0.2,0.0,0.0,0.0,0.0,0.0,0.0,0.1,0.1,0.25,0.25,0.25,0.25,0.0,0.0,0.25,0.25
793,0.0,0.0,0.25,0.0,0.0,0.0,0.0,0.1,0.1,0.0,0.0,0.0,0.0,0.2,0.25,0.0,0.0,0.2,0.25
800,0.0,0.0,0.2,0.0,0.0,0.1,0.1,0.1,0.1,0.0,0.0,0.0,0.0,0.2,0.25,0.0,0.0,0.08,0.1
806,0.0,0.0,0.2,0.0,0.0,0.12,0.1,0.12,0.1,0.0,0.0,0.0,0.0,0.25,0.25,0.0,0.0,0.1,0.1
811,0.0,0.0,0.25,0.0,0.0,0.0,0.0,0.0,0.0,0.0,0.0,0.25,0.25,0.25,0.25,0.1,0.1,0.0,0.0
817,0.0,0.0,0.25,0.0,0.0,0.0,0.0,0.0,0.0,0.0,0.0,0.0,0.0,0.2,0.25,0.1,0.1,0.08,0.1
824,0.0,0.0,0.08,0.0,0.0,0.0,0.0,0.0,0.0,0.1,0.1,0.2,0.25,0.2,0.25,0.1,0.1,0.08,0.1
830,0.0,0.0,0.08,0.0,0.0,0.0,0.0,0.0,0.0,0.12,0.1,0.25,0.25,0.25,0.25,0.12,0.1,0.1,0.1
837,0.0,0.0,0.25,0.0,0.0,0.0,0.0,0.0,0.0,0.3,0.25,0.2,0.25,0.2,0.25,0.12,0.1,0.2,0.25
844,0.0,0.0,0.2,0.0,0.0,0.12,0.1,0.0,0.0,0.0,0.0,0.0,0.0,0.2,0.25,0.12,0.1,0.08,0.1
851,0.0,0.0,0.1,0.0,0.0,0.1,0.1,0.0,0.0,0.1,0.1,0.0,0.0,0.25,0.25,0.1,0.1,0.25,0.25
858,0.0,0.0,0.08,0.0,0.0,0.0,0.0,0.0,0.0,0.0,0.0,0.25,0.25,0.25,0.25,0.25,0.25,0.0,0.0
868,0.0,0.0,0.2,0.0,0.0,0.0,0.0,0.0,0.0,0.12,0.1,0.08,0.1,0.2,0.25,0.3,0.25,0.08,0.1
875,0.0,0.0,0.25,0.0,0.0,0.0,0.0,0.0,0.0,0.1,0.1,0.25,0.25,0.25,0.25,0.25,0.25,0.1,0.1
881,0.0,0.0,0.25,0.0,0.0,0.0,0.0,0.0,0.0,0.0,0.0,0.0,0.0,0.2,0.25,0.25,0.25,0.2,0.25
890,0.0,0.0,0.08,0.0,0.0,0.0,0.0,0.0,0.0,0.1,0.1,0.25,0.25,0.25,0.25,0.25,0.25,0.25,0.25
904,0.0,0.0,0.2,0.08,0.1,0.0,0.0,0.0,0.0,0.25,0.25,0.0,0.0,0.2,0.25,0.0,0.0,0.08,0.1
910,0.0,0.0,0.2,0.1,0.1,0.0,0.0,0.0,0.0,0.3,0.25,0.0,0.0,0.25,0.25,0.0,0.0,0.1,0.1
918,0.0,0.0,0.2,0.1,0.1,0.0,0.0,0.0,0.0,0.12,0.1,0.1,0.1,0.25,0.25,0.0,0.0,0.1,0.1
925,0.0,0.0,0.25,0.08,0.1,0.0,0.0,0.0,0.0,0.0,0.0,0.2,0.25,0.2,0.25,0.0,0.0,0.08,0.1
933,0.0,0.0,0.0,0.08,0.1,0.0,0.0,0.0,0.0,0.3,0.25,0.08,0.1,0.2,0.25,0.0,0.0,0.2,0.25
942,0.12,0.1,0.08,0.1,0.1,0.0,0.0,0.0,0.0,0.12,0.1,0.1,0.1,0.25,0.25,0.0,0.0,0.25,0.25
947,0.0,0.0,0.1,0.1,0.1,0.1,0.1,0.0,0.0,0.1,0.1,0.0,0.0,0.25,0.25,0.0,0.0,0.25,0.25
954,0.0,0.0,0.08,0.1,0.1,0.1,0.1,0.0,0.0,0.0,0.0,0.25,0.25,0.25,0.25,0.0,0.0,0.25,0.25
961,0.0,0.0,0.1,0.08,0.1,0.0,0.0,0.0,0.0,0.0,0.0,0.08,0.1,0.2,0.25,0.1,0.1,0.0,0.0
970,0.0,0.0,0.2,0.1,0.1,0.0,0.0,0.0,0.0,0.25,0.25,0.0,0.0,0.25,0.25,0.1,0.1,0.25,0.25
975,0.0,0.0,0.25,0.1,0.1,0.0,0.0,0.0,0.0,0.3,0.25,0.0,0.0,0.25,0.25,0.12,0.1,0.25,0.25
983,0.0,0.0,0.25,0.1,0.1,0.0,0.0,0.0,0.0,0.12,0.1,0.1,0.1,0.25,0.25,0.12,0.1,0.25,0.25
989,0.0,0.0,0.25,0.08,0.1,0.0,0.0,0.0,0.0,0.0,0.0,0.2,0.25,0.2,0.25,0.12,0.1,0.2,0.25
997,0.0,0.0,0.1,0.08,0.1,0.12,0.1,0.0,0.0,0.0,0.0,0.0,0.0,0.2,0.25,0.12,0.1,0.2,0.25
1016,0.0,0.0,0.08,0.08,0.1,0.0,0.0,0.0,0.0,0.25,0.25,0.2,0.25,0.2,0.25,0.25,0.25,0.0,0.0
1024,0.0,0.0,0.2,0.08,0.1,0.0,0.0,0.0,0.0,0.0,0.0,0.0,0.0,0.2,0.25,0.25,0.25,0.08,0.1
1031,0.0,0.0,0.25,0.1,0.1,0.0,0.0,0.0,0.0,0.0,0.0,0.0,0.0,0.25,0.25,0.3,0.25,0.1,0.1
1038,0.0,0.0,0.08,0.1,0.1,0.0,0.0,0.0,0.0,0.3,0.25,0.1,0.1,0.25,0.25,0.3,0.25,0.1,0.1
1053,0.0,0.0,0.25,0.08,0.1,0.0,0.0,0.0,0.0,0.3,0.25,0.08,0.1,0.2,0.25,0.3,0.25,0.2,0.25
1060,0.0,0.0,0.2,0.08,0.1,0.0,0.0,0.0,0.0,0.12,0.1,0.2,0.25,0.2,0.25,0.3,0.25,0.2,0.25
1067,0.0,0.0,0.25,0.25,0.25,0.0,0.0,0.0,0.0,0.0,0.0,0.0,0.0,0.25,0.25,0.0,0.0,0.0,0.0
1074,0.0,0.0,0.08,0.25,0.25,0.0,0.0,0.0,0.0,0.1,0.1,0.25,0.25,0.25,0.25,0.0,0.0,0.0,0.0
1081,0.0,0.0,0.25,0.2,0.25,0.0,0.0,0.0,0.0,0.0,0.0,0.0,0.0,0.2,0.25,0.0,0.0,0.08,0.1
1099,0.0,0.0,0.25,0.25,0.25,0.0,0.0,0.0,0.0,0.25,0.25,0.25,0.25,0.25,0.25,0.0,0.0,0.25,0.25
1103,0.0,0.0,0.25,0.25,0.25,0.0,0.0,0.0,0.0,0.3,0.25,0.25,0.25,0.25,0.25,0.0,0.0,0.25,0.25
1111,0.0,0.0,0.25,0.25,0.25,0.0,0.0,0.12,0.1,0.12,0.1,0.0,0.0,0.25,0.25,0.0,0.0,0.25,0.25
1117,0.0,0.0,0.25,0.2,0.25,0.12,0.1,0.0,0.0,0.3,0.25,0.0,0.0,0.2,0.25,0.0,0.0,0.0,0.0
1125,0.0,0.0,0.25,0.2,0.25,0.12,0.1,0.0,0.0,0.12,0.1,0.08,0.1,0.2,0.25,0.0,0.0,0.0,0.0
1132,0.0,0.0,0.2,0.2,0.25,0.12,0.1,0.0,0.0,0.0,0.0,0.2,0.25,0.2,0.25,0.0,0.0,0.0,0.0
1138,0.0,0.0,0.2,0.25,0.25,0.1,0.1,0.0,0.0,0.1,0.1,0.0,0.0,0.25,0.25,0.0,0.0,0.1,0.1
1148,0.0,0.0,0.2,0.2,0.25,0.12,0.1,0.0,0.0,0.12,0.1,0.08,0.1,0.2,0.25,0.0,0.0,0.08,0.1
1155,0.0,0.0,0.25,0.25,0.25,0.1,0.1,0.0,0.0,0.0,0.0,0.25,0.25,0.25,0.25,0.0,0.0,0.1,0.1
1162,0.0,0.0,0.2,0.25,0.25,0.1,0.1,0.0,0.0,0.0,0.0,0.0,0.0,0.25,0.25,0.0,0.0,0.25,0.25
1169,0.0,0.0,0.1,0.2,0.25,0.1,0.1,0.0,0.0,0.25,0.25,0.08,0.1,0.2,0.25,0.0,0.0,0.2,0.25
1176,0.0,0.0,0.08,0.2,0.25,0.1,0.1,0.0,0.0,0.1,0.1,0.2,0.25,0.2,0.25,0.0,0.0,0.2,0.25
1184,0.0,0.0,0.08,0.2,0.25,0.0,0.0,0.0,0.0,0.25,0.25,0.08,0.1,0.2,0.25,0.1,0.1,0.0,0.0
1191,0.0,0.0,0.1,0.25,0.25,0.0,0.0,0.0,0.0,0.3,0.25,0.1,0.1,0.25,0.25,0.12,0.1,0.0,0.0
1198,0.0,0.0,0.08,0.25,0.25,0.0,0.0,0.0,0.0,0.12,0.1,0.25,0.25,0.25,0.25,0.12,0.1,0.0,0.0
1206,0.0,0.0,0.2,0.25,0.25,0.12,0.1,0.0,0.0,0.12,0.1,0.0,0.0,0.25,0.25,0.12,0.1,0.1,0.1
1214,0.0,0.0,0.08,0.25,0.25,0.12,0.1,0.0,0.0,0.3,0.25,0.0,0.0,0.25,0.25,0.12,0.1,0.25,0.25
1221,0.0,0.0,0.25,0.2,0.25,0.12,0.1,0.0,0.0,0.0,0.0,0.08,0.1,0.2,0.25,0.12,0.1,0.2,0.25
1227,0.0,0.0,0.25,0.25,0.25,0.25,0.25,0.0,0.0,0.0,0.0,0.25,0.25,0.25,0.25,0.1,0.1,0.25,0.25
1237,0.0,0.0,0.25,0.2,0.25,0.0,0.0,0.0,0.0,0.12,0.1,0.2,0.25,0.2,0.25,0.3,0.25,0.0,0.0
1245,0.0,0.0,0.25,0.2,0.25,0.0,0.0,0.0,0.0,0.0,0.0,0.08,0.1,0.2,0.25,0.3,0.25,0.2,0.25
1250,0.0,0.0,0.08,0.25,0.25,0.0,0.0,0.0,0.0,0.25,0.25,0.25,0.25,0.25,0.25,0.25,0.25,0.25,0.25
1258,0.0,0.0,0.2,0.25,0.25,0.0,0.0,0.0,0.0,0.0,0.0,0.1,0.1,0.0,0.0,0.0,0.0,0.1,0.1
1265,0.0,0.0,0.25,0.2,0.25,0.0,0.0,0.0,0.0,0.0,0.0,0.2,0.25,0.0,0.0,0.0,0.0,0.08,0.1
1271,0.0,0.0,0.25,0.25,0.25,0.0,0.0,0.0,0.0,0.0,0.0,0.25,0.25,0.0,0.0,0.0,0.0,0.1,0.1
1279,0.0,0.0,0.25,0.25,0.25,0.12,0.1,0.12,0.1,0.0,0.0,0.1,0.1,0.0,0.0,0.0,0.0,0.25,0.25
1285,0.0,0.0,0.25,0.0,0.0,0.0,0.0,0.0,0.0,0.0,0.0,0.2,0.25,0.08,0.1,0.0,0.0,0.08,0.1
1292,0.0,0.0,0.2,0.0,0.0,0.0,0.0,0.0,0.0,0.0,0.0,0.2,0.25,0.08,0.1,0.0,0.0,0.2,0.25
1298,0.0,0.0,0.2,0.1,0.1,0.0,0.0,0.0,0.0,0.0,0.0,0.0,0.0,0.1,0.1,0.0,0.0,0.25,0.25
1304,0.0,0.0,0.2,0.08,0.1,0.0,0.0,0.0,0.0,0.0,0.0,0.08,0.1,0.08,0.1,0.0,0.0,0.2,0.25
1314,0.0,0.0,0.2,0.25,0.25,0.0,0.0,0.0,0.0,0.25,0.25,0.25,0.25,0.1,0.1,0.0,0.0,0.1,0.1
1321,0.0,0.0,0.25,0.2,0.25,0.0,0.0,0.0,0.0,0.1,0.1,0.0,0.0,0.08,0.1,0.0,0.0,0.2,0.25
1328,0.0,0.0,0.2,0.2,0.25,0.0,0.0,0.0,0.0,0.0,0.0,0.08,0.1,0.08,0.1,0.0,0.0,0.2,0.25
1335,0.0,0.0,0.25,0.25,0.25,0.0,0.0,0.0,0.0,0.0,0.0,0.1,0.1,0.1,0.1,0.0,0.0,0.25,0.25
1342,0.0,0.0,0.2,0.25,0.25,0.12,0.1,0.0,0.0,0.0,0.0,0.0,0.0,0.1,0.1,0.12,0.1,0.25,0.25
1349,0.0,0.0,0.25,0.2,0.25,0.12,0.1,0.0,0.0,0.3,0.25,0.2,0.25,0.08,0.1,0.12,0.1,0.2,0.25
1356,0.0,0.0,0.0,0.0,0.0,0.0,0.0,0.0,0.0,0.12,0.1,0.08,0.1,0.2,0.25,0.0,0.0,0.08,0.1
1365,0.0,0.0,0.25,0.0,0.0,0.0,0.0,0.0,0.0,0.3,0.25,0.2,0.25,0.2,0.25,0.0,0.0,0.08,0.1
1372,0.0,0.0,0.2,0.0,0.0,0.0,0.0,0.12,0.1,0.0,0.0,0.08,0.1,0.2,0.25,0.0,0.0,0.08,0.1
1379,0.0,0.0,0.0,0.0,0.0,0.0,0.0,0.0,0.0,0.1,0.1,0.1,0.1,0.25,0.25,0.0,0.0,0.25,0.25
1386,0.0,0.0,0.2,0.0,0.0,0.0,0.0,0.1,0.1,0.25,0.25,0.0,0.0,0.25,0.25,0.0,0.0,0.25,0.25
1393,0.0,0.0,0.25,0.0,0.0,0.0,0.0,0.1,0.1,0.0,0.0,0.08,0.1,0.2,0.25,0.0,0.0,0.2,0.25
1399,0.0,0.0,0.25,0.0,0.0,0.0,0.0,0.12,0.1,0.0,0.0,0.1,0.1,0.25,0.25,0.0,0.0,0.25,0.25
1406,0.0,0.0,0.2,0.0,0.0,0.0,0.0,0.0,0.0,0.12,0.1,0.25,0.25,0.25,0.25,0.12,0.1,0.1,0.1
1430,0.0,0.0,0.0,0.0,0.0,0.12,0.1,0.0,0.0,0.0,0.0,0.1,0.1,0.25,0.25,0.12,0.1,0.25,0.25
1440,0.0,0.0,0.2,0.0,0.0,0.1,0.1,0.0,0.0,0.1,0.1,0.2,0.25,0.2,0.25,0.1,0.1,0.2,0.25
1446,0.0,0.0,0.2,0.0,0.0,0.12,0.1,0.0,0.0,0.12,0.1,0.25,0.25,0.25,0.25,0.12,0.1,0.25,0.25
1454,0.0,0.0,0.08,0.0,0.0,0.0,0.0,0.0,0.0,0.12,0.1,0.1,0.1,0.25,0.25,0.3,0.25,0.1,0.1
1462,0.0,0.0,0.08,0.0,0.0,0.0,0.0,0.0,0.0,0.0,0.0,0.25,0.25,0.25,0.25,0.3,0.25,0.1,0.1
1481,0.0,0.0,0.1,0.08,0.1,0.0,0.0,0.0,0.0,0.25,0.25,0.0,0.0,0.2,0.25,0.0,0.0,0.08,0.1
1489,0.0,0.0,0.25,0.08,0.1,0.0,0.0,0.0,0.0,0.1,0.1,0.0,0.0,0.2,0.25,0.0,0.0,0.2,0.25
1496,0.0,0.0,0.2,0.08,0.1,0.0,0.0,0.0,0.0,0.0,0.0,0.08,0.1,0.2,0.25,0.0,0.0,0.2,0.25
1504,0.0,0.0,0.2,0.08,0.1,0.0,0.0,0.1,0.1,0.25,0.25,0.08,0.1,0.2,0.25,0.0,0.0,0.2,0.25
1509,0.0,0.0,0.25,0.08,0.1,0.0,0.0,0.12,0.1,0.3,0.25,0.08,0.1,0.2,0.25,0.0,0.0,0.2,0.25
1516,0.0,0.0,0.2,0.08,0.1,0.12,0.1,0.0,0.0,0.0,0.0,0.2,0.25,0.2,0.25,0.0,0.0,0.08,0.1
1523,0.0,0.0,0.1,0.1,0.1,0.1,0.1,0.0,0.0,0.1,0.1,0.1,0.1,0.25,0.25,0.0,0.0,0.25,0.25
1530,0.0,0.0,0.2,0.1,0.1,0.0,0.0,0.0,0.0,0.25,0.25,0.1,0.1,0.25,0.25,0.1,0.1,0.1,0.1
1537,0.0,0.0,0.25,0.08,0.1,0.0,0.0,0.0,0.0,0.1,0.1,0.2,0.25,0.2,0.25,0.1,0.1,0.08,0.1
1544,0.0,0.0,0.0,0.08,0.1,0.0,0.0,0.0,0.0,0.25,0.25,0.0,0.0,0.2,0.25,0.1,0.1,0.2,0.25
1555,0.0,0.0,0.25,0.1,0.1,0.0,0.0,0.0,0.0,0.25,0.25,0.1,0.1,0.25,0.25,0.1,0.1,0.25,0.25
1559,0.0,0.0,0.25,0.1,0.1,0.0,0.0,0.0,0.0,0.3,0.25,0.1,0.1,0.25,0.25,0.12,0.1,0.25,0.25
1565,0.0,0.0,0.25,0.08,0.1,0.0,0.0,0.0,0.0,0.12,0.1,0.2,0.25,0.2,0.25,0.12,0.1,0.2,0.25
1572,0.0,0.0,0.08,0.08,0.1,0.12,0.1,0.0,0.0,0.12,0.1,0.0,0.0,0.2,0.25,0.12,0.1,0.2,0.25
1579,0.0,0.0,0.25,0.1,0.1,0.1,0.1,0.1,0.1,0.1,0.1,0.1,0.1,0.25,0.25,0.1,0.1,0.25,0.25
1587,0.0,0.0,0.25,0.1,0.1,0.1,0.1,0.1,0.1,0.0,0.0,0.25,0.25,0.25,0.25,0.1,0.1,0.25,0.25
1594,0.0,0.0,0.08,0.1,0.1,0.0,0.0,0.0,0.0,0.0,0.0,0.25,0.25,0.25,0.25,0.25,0.25,0.0,0.0
1604,0.0,0.0,0.08,0.08,0.1,0.0,0.0,0.0,0.0,0.0,0.0,0.08,0.1,0.2,0.25,0.3,0.25,0.08,0.1
1611,0.0,0.0,0.1,0.1,0.1,0.0,0.0,0.0,0.0,0.1,0.1,0.25,0.25,0.25,0.25,0.25,0.25,0.1,0.1
1628,0.0,0.0,0.08,0.2,0.25,0.0,0.0,0.0,0.0,0.12,0.1,0.0,0.0,0.2,0.25,0.0,0.0,0.0,0.0
1634,0.0,0.0,0.08,0.25,0.25,0.0,0.0,0.0,0.0,0.1,0.1,0.1,0.1,0.25,0.25,0.0,0.0,0.0,0.0
1641,0.0,0.0,0.1,0.2,0.25,0.0,0.0,0.0,0.0,0.25,0.25,0.2,0.25,0.2,0.25,0.0,0.0,0.0,0.0
1646,0.0,0.0,0.08,0.25,0.25,0.0,0.0,0.0,0.0,0.3,0.25,0.25,0.25,0.25,0.25,0.0,0.0,0.0,0.0
1655,0.0,0.0,0.25,0.25,0.25,0.0,0.0,0.0,0.0,0.3,0.25,0.0,0.0,0.25,0.25,0.0,0.0,0.25,0.25
1663,0.0,0.0,0.25,0.25,0.25,0.0,0.0,0.0,0.0,0.12,0.1,0.1,0.1,0.25,0.25,0.0,0.0,0.25,0.25
1672,0.1,0.1,0.2,0.2,0.25,0.0,0.0,0.0,0.0,0.0,0.0,0.2,0.25,0.2,0.25,0.0,0.0,0.2,0.25
1679,0.12,0.1,0.25,0.25,0.25,0.0,0.0,0.0,0.0,0.0,0.0,0.25,0.25,0.25,0.25,0.0,0.0,0.25,0.25
1686,0.0,0.0,0.2,0.25,0.25,0.12,0.1,0.0,0.0,0.0,0.0,0.0,0.0,0.25,0.25,0.0,0.0,0.0,0.0
1693,0.0,0.0,0.0,0.2,0.25,0.12,0.1,0.0,0.0,0.3,0.25,0.08,0.1,0.2,0.25,0.0,0.0,0.08,0.1
1700,0.0,0.0,0.2,0.2,0.25,0.12,0.1,0.12,0.1,0.0,0.0,0.2,0.25,0.2,0.25,0.0,0.0,0.08,0.1
1707,0.0,0.0,0.0,0.25,0.25,0.1,0.1,0.0,0.0,0.1,0.1,0.0,0.0,0.25,0.25,0.0,0.0,0.25,0.25
1714,0.0,0.0,0.0,0.25,0.25,0.1,0.1,0.0,0.0,0.0,0.0,0.1,0.1,0.25,0.25,0.0,0.0,0.25,0.25
1723,0.0,0.0,0.25,0.25,0.25,0.1,0.1,0.0,0.0,0.25,0.25,0.1,0.1,0.25,0.25,0.0,0.0,0.25,0.25
1730,0.0,0.0,0.2,0.25,0.25,0.1,0.1,0.0,0.0,0.1,0.1,0.25,0.25,0.25,0.25,0.0,0.0,0.25,0.25
1737,0.0,0.0,0.1,0.2,0.25,0.1,0.1,0.1,0.1,0.1,0.1,0.2,0.25,0.2,0.25,0.0,0.0,0.2,0.25
1741,0.0,0.0,0.1,0.2,0.25,0.12,0.1,0.12,0.1,0.12,0.1,0.2,0.25,0.2,0.25,0.0,0.0,0.2,0.25
1747,0.1,0.1,0.1,0.25,0.25,0.1,0.1,0.0,0.0,0.1,0.1,0.25,0.25,0.25,0.25,0.0,0.0,0.25,0.25
1754,0.0,0.0,0.08,0.25,0.25,0.0,0.0,0.0,0.0,0.0,0.0,0.1,0.1,0.25,0.25,0.1,0.1,0.0,0.0
1762,0.0,0.0,0.2,0.25,0.25,0.0,0.0,0.0,0.0,0.25,0.25,0.25,0.25,0.25,0.25,0.1,0.1,0.0,0.0
1770,0.0,0.0,0.2,0.25,0.25,0.0,0.0,0.0,0.0,0.25,0.25,0.1,0.1,0.25,0.25,0.1,0.1,0.1,0.1
1777,0.0,0.0,0.25,0.2,0.25,0.0,0.0,0.0,0.0,0.1,0.1,0.2,0.25,0.2,0.25,0.1,0.1,0.08,0.1
1784,0.0,0.0,0.2,0.2,0.25,0.0,0.0,0.0,0.0,0.1,0.1,0.0,0.0,0.2,0.25,0.1,0.1,0.2,0.25
1790,0.0,0.0,0.2,0.25,0.25,0.0,0.0,0.0,0.0,0.12,0.1,0.0,0.0,0.25,0.25,0.12,0.1,0.25,0.25
1800,0.0,0.0,0.2,0.2,0.25,0.1,0.1,0.0,0.0,0.25,0.25,0.0,0.0,0.2,0.25,0.1,0.1,0.08,0.1
1804,0.0,0.0,0.2,0.2,0.25,0.12,0.1,0.0,0.0,0.3,0.25,0.0,0.0,0.2,0.25,0.12,0.1,0.08,0.1
1811,0.0,0.0,0.0,0.25,0.25,0.1,0.1,0.0,0.0,0.0,0.0,0.1,0.1,0.25,0.25,0.1,0.1,0.25,0.25
1822,0.0,0.0,0.2,0.25,0.25,0.12,0.1,0.0,0.0,0.3,0.25,0.1,0.1,0.25,0.25,0.12,0.1,0.25,0.25
1829,0.0,0.0,0.25,0.2,0.25,0.12,0.1,0.0,0.0,0.3,0.25,0.2,0.25,0.2,0.25,0.12,0.1,0.2,0.25
1836,0.0,0.0,0.2,0.2,0.25,0.12,0.1,0.12,0.1,0.12,0.1,0.0,0.0,0.2,0.25,0.12,0.1,0.2,0.25
1842,0.0,0.0,0.2,0.25,0.25,0.1,0.1,0.1,0.1,0.0,0.0,0.1,0.1,0.25,0.25,0.1,0.1,0.25,0.25
1849,0.0,0.0,0.25,0.2,0.25,0.0,0.0,0.0,0.0,0.0,0.0,0.0,0.0,0.2,0.25,0.25,0.25,0.08,0.1
1856,0.0,0.0,0.08,0.2,0.25,0.0,0.0,0.0,0.0,0.25,0.25,0.08,0.1,0.2,0.25,0.25,0.25,0.08,0.1
1876,0.0,0.0,0.08,0.2,0.25,0.0,0.0,0.0,0.0,0.3,0.25,0.08,0.1,0.2,0.25,0.3,0.25,0.2,0.25
1884,0.0,0.0,0.08,0.2,0.25,0.0,0.0,0.0,0.0,0.0,0.0,0.2,0.25,0.2,0.25,0.3,0.25,0.2,0.25
1892,0.0,0.0,0.2,0.2,0.25,0.0,0.0,0.12,0.1,0.3,0.25,0.2,0.25,0.2,0.25,0.3,0.25,0.2,0.25
1907,0.0,0.0,0.25,0.25,0.25,0.0,0.0,0.0,0.0,0.0,0.0,0.1,0.1,0.0,0.0,0.0,0.0,0.25,0.25
1913,0.0,0.0,0.25,0.08,0.1,0.0,0.0,0.0,0.0,0.1,0.1,0.08,0.1,0.08,0.1,0.0,0.0,0.0,0.0
1919,0.0,0.0,0.25,0.1,0.1,0.0,0.0,0.0,0.0,0.12,0.1,0.1,0.1,0.1,0.1,0.0,0.0,0.0,0.0
1926,0.0,0.0,0.2,0.1,0.1,0.0,0.0,0.0,0.0,0.3,0.25,0.1,0.1,0.1,0.1,0.0,0.0,0.25,0.25
1933,0.0,0.0,0.25,0.08,0.1,0.0,0.0,0.0,0.0,0.12,0.1,0.2,0.25,0.08,0.1,0.0,0.0,0.2,0.25
1939,0.0,0.0,0.25,0.1,0.1,0.1,0.1,0.1,0.1,0.0,0.0,0.25,0.25,0.1,0.1,0.0,0.0,0.25,0.25
1948,0.0,0.0,0.2,0.2,0.25,0.0,0.0,0.0,0.0,0.3,0.25,0.0,0.0,0.08,0.1,0.0,0.0,0.08,0.1
1955,0.0,0.0,0.25,0.25,0.25,0.0,0.0,0.0,0.0,0.1,0.1,0.1,0.1,0.1,0.1,0.0,0.0,0.1,0.1
1961,0.0,0.0,0.25,0.2,0.25,0.0,0.0,0.0,0.0,0.0,0.0,0.2,0.25,0.08,0.1,0.0,0.0,0.08,0.1
1967,0.0,0.0,0.25,0.25,0.25,0.0,0.0,0.0,0.0,0.0,0.0,0.25,0.25,0.1,0.1,0.0,0.0,0.1,0.1
1973,0.0,0.0,0.25,0.2,0.25,0.0,0.0,0.0,0.0,0.3,0.25,0.0,0.0,0.08,0.1,0.0,0.0,0.2,0.25
1983,0.0,0.0,0.25,0.25,0.25,0.0,0.0,0.0,0.0,0.12,0.1,0.1,0.1,0.1,0.1,0.0,0.0,0.25,0.25
1990,0.0,0.0,0.2,0.25,0.25,0.0,0.0,0.0,0.0,0.0,0.0,0.25,0.25,0.1,0.1,0.0,0.0,0.25,0.25
1998,0.0,0.0,0.08,0.25,0.25,0.12,0.1,0.0,0.0,0.3,0.25,0.25,0.25,0.1,0.1,0.0,0.0,0.25,0.25
2005,0.0,0.0,0.25,0.0,0.0,0.0,0.0,0.0,0.0,0.12,0.1,0.0,0.0,0.2,0.25,0.0,0.0,0.0,0.0
2019,0.0,0.0,0.0,0.0,0.0,0.0,0.0,0.0,0.0,0.25,0.25,0.1,0.1,0.25,0.25,0.0,0.0,0.1,0.1
2027,0.0,0.0,0.25,0.0,0.0,0.0,0.0,0.1,0.1,0.1,0.1,0.25,0.25,0.25,0.25,0.0,0.0,0.1,0.1
2034,0.0,0.0,0.2,0.0,0.0,0.0,0.0,0.0,0.0,0.25,0.25,0.0,0.0,0.25,0.25,0.0,0.0,0.25,0.25
2041,0.0,0.0,0.25,0.0,0.0,0.0,0.0,0.0,0.0,0.1,0.1,0.08,0.1,0.2,0.25,0.0,0.0,0.2,0.25
2048,0.0,0.0,0.2,0.0,0.0,0.0,0.0,0.0,0.0,0.0,0.0,0.2,0.25,0.2,0.25,0.0,0.0,0.2,0.25
2059,0.0,0.0,0.25,0.0,0.0,0.0,0.0,0.1,0.1,0.25,0.25,0.25,0.25,0.25,0.25,0.0,0.0,0.25,0.25
2065,0.0,0.0,0.25,0.0,0.0,0.1,0.1,0.1,0.1,0.0,0.0,0.08,0.1,0.2,0.25,0.0,0.0,0.2,0.25
2072,0.0,0.0,0.2,0.0,0.0,0.0,0.0,0.0,0.0,0.25,0.25,0.2,0.25,0.2,0.25,0.1,0.1,0.08,0.1
2079,0.0,0.0,0.25,0.0,0.0,0.0,0.0,0.0,0.0,0.3,0.25,0.25,0.25,0.25,0.25,0.12,0.1,0.1,0.1
2093,0.0,0.0,0.25,0.0,0.0,0.12,0.1,0.0,0.0,0.12,0.1,0.0,0.0,0.2,0.25,0.12,0.1,0.2,0.25
2100,0.0,0.0,0.2,0.0,0.0,0.12,0.1,0.0,0.0,0.0,0.0,0.08,0.1,0.2,0.25,0.12,0.1,0.2,0.25
2106,0.0,0.0,0.08,0.0,0.0,0.0,0.0,0.0,0.0,0.0,0.0,0.0,0.0,0.25,0.25,0.25,0.25,0.1,0.1
2116,0.0,0.0,0.2,0.0,0.0,0.0,0.0,0.0,0.0,0.3,0.25,0.2,0.25,0.2,0.25,0.3,0.25,0.2,0.25
2122,0.0,0.0,0.2,0.1,0.1,0.0,0.0,0.0,0.0,0.0,0.0,0.0,0.0,0.25,0.25,0.0,0.0,0.0,0.0
2129,0.0,0.0,0.1,0.08,0.1,0.0,0.0,0.0,0.0,0.1,0.1,0.08,0.1,0.2,0.25,0.0,0.0,0.0,0.0
2137,0.0,0.0,0.25,0.08,0.1,0.0,0.0,0.0,0.0,0.25,0.25,0.2,0.25,0.2,0.25,0.0,0.0,0.08,0.1
2144,0.0,0.0,0.2,0.08,0.1,0.0,0.0,0.1,0.1,0.1,0.1,0.0,0.0,0.2,0.25,0.0,0.0,0.08,0.1
2149,0.0,0.0,0.25,0.08,0.1,0.0,0.0,0.12,0.1,0.12,0.1,0.0,0.0,0.2,0.25,0.0,0.0,0.08,0.1
2159,0.0,0.0,0.25,0.1,0.1,0.0,0.0,0.12,0.1,0.0,0.0,0.1,0.1,0.25,0.25,0.0,0.0,0.1,0.1
2165,0.0,0.0,0.25,0.08,0.1,0.0,0.0,0.0,0.0,0.3,0.25,0.0,0.0,0.2,0.25,0.0,0.0,0.2,0.25
2173,0.0,0.0,0.25,0.08,0.1,0.0,0.0,0.0,0.0,0.12,0.1,0.08,0.1,0.2,0.25,0.0,0.0,0.2,0.25
2177,0.0,0.0,0.25,0.08,0.1,0.0,0.0,0.0,0.0,0.0,0.0,0.2,0.25,0.2,0.25,0.0,0.0,0.2,0.25
2185,0.0,0.0,0.25,0.08,0.1,0.1,0.1,0.0,0.0,0.1,0.1,0.2,0.25,0.2,0.25,0.0,0.0,0.0,0.0
2191,0.0,0.0,0.25,0.1,0.1,0.12,0.1,0.0,0.0,0.12,0.1,0.25,0.25,0.25,0.25,0.0,0.0,0.0,0.0
2198,0.0,0.0,0.08,0.1,0.1,0.12,0.1,0.0,0.0,0.3,0.25,0.1,0.1,0.25,0.25,0.0,0.0,0.1,0.1
2206,0.0,0.0,0.08,0.1,0.1,0.12,0.1,0.0,0.0,0.12,0.1,0.25,0.25,0.25,0.25,0.0,0.0,0.1,0.1
2213,0.0,0.0,0.25,0.08,0.1,0.12,0.1,0.0,0.0,0.0,0.0,0.2,0.25,0.2,0.25,0.0,0.0,0.2,0.25
2221,0.0,0.0,0.25,0.08,0.1,0.0,0.0,0.0,0.0,0.12,0.1,0.2,0.25,0.2,0.25,0.12,0.1,0.0,0.0
2228,0.0,0.0,0.2,0.08,0.1,0.0,0.0,0.0,0.0,0.12,0.1,0.0,0.0,0.2,0.25,0.12,0.1,0.08,0.1
2235,0.0,0.0,0.25,0.1,0.1,0.0,0.0,0.0,0.0,0.0,0.0,0.1,0.1,0.25,0.25,0.1,0.1,0.1,0.1
2244,0.0,0.0,0.08,0.08,0.1,0.0,0.0,0.0,0.0,0.3,0.25,0.2,0.25,0.2,0.25,0.12,0.1,0.08,0.1
2258,0.0,0.0,0.2,0.1,0.1,0.1,0.1,0.0,0.0,0.25,0.25,0.1,0.1,0.25,0.25,0.1,0.1,0.25,0.25
2266,0.0,0.0,0.2,0.1,0.1,0.1,0.1,0.0,0.0,0.1,0.1,0.25,0.25,0.25,0.25,0.1,0.1,0.25,0.25
2274,0.0,0.0,0.2,0.1,0.1,0.1,0.1,0.1,0.1,0.0,0.0,0.0,0.0,0.25,0.25,0.1,0.1,0.25,0.25
2277,0.0,0.0,0.25,0.08,0.1,0.12,0.1,0.12,0.1,0.0,0.0,0.0,0.0,0.2,0.25,0.12,0.1,0.2,0.25
2285,0.0,0.0,0.1,0.08,0.1,0.0,0.0,0.0,0.0,0.12,0.1,0.0,0.0,0.2,0.25,0.3,0.25,0.08,0.1
2296,0.0,0.0,0.2,0.08,0.1,0.0,0.0,0.0,0.0,0.25,0.25,0.2,0.25,0.2,0.25,0.25,0.25,0.08,0.1
2307,0.0,0.0,0.1,0.25,0.25,0.0,0.0,0.0,0.0,0.0,0.0,0.1,0.1,0.25,0.25,0.0,0.0,0.0,0.0
2316,0.0,0.0,0.08,0.2,0.25,0.0,0.0,0.0,0.0,0.0,0.0,0.2,0.25,0.2,0.25,0.0,0.0,0.0,0.0
2321,0.1,0.1,0.25,0.2,0.25,0.0,0.0,0.0,0.0,0.1,0.1,0.2,0.25,0.2,0.25,0.0,0.0,0.0,0.0
2327,0.12,0.1,0.25,0.25,0.25,0.0,0.0,0.0,0.0,0.12,0.1,0.25,0.25,0.25,0.25,0.0,0.0,0.0,0.0
2333,0.0,0.0,0.25,0.2,0.25,0.0,0.0,0.12,0.1,0.3,0.25,0.0,0.0,0.2,0.25,0.0,0.0,0.08,0.1
2343,0.0,0.0,0.0,0.25,0.25,0.0,0.0,0.0,0.0,0.3,0.25,0.1,0.1,0.25,0.25,0.0,0.0,0.25,0.25
2356,0.12,0.1,0.2,0.2,0.25,0.0,0.0,0.0,0.0,0.12,0.1,0.2,0.25,0.2,0.25,0.0,0.0,0.2,0.25
2363,0.0,0.0,0.25,0.25,0.25,0.1,0.1,0.0,0.0,0.0,0.0,0.0,0.0,0.25,0.25,0.0,0.0,0.1,0.1
2370,0.0,0.0,0.08,0.25,0.25,0.1,0.1,0.0,0.0,0.25,0.25,0.1,0.1,0.25,0.25,0.0,0.0,0.1,0.1
2377,0.0,0.0,0.25,0.2,0.25,0.1,0.1,0.1,0.1,0.1,0.1,0.2,0.25,0.2,0.25,0.0,0.0,0.08,0.1
2384,0.0,0.0,0.2,0.2,0.25,0.1,0.1,0.0,0.0,0.1,0.1,0.0,0.0,0.2,0.25,0.0,0.0,0.2,0.25
2391,0.0,0.0,0.25,0.25,0.25,0.12,0.1,0.0,0.0,0.12,0.1,0.0,0.0,0.25,0.25,0.0,0.0,0.25,0.25
2398,0.0,0.0,0.2,0.25,0.25,0.12,0.1,0.0,0.0,0.0,0.0,0.1,0.1,0.25,0.25,0.0,0.0,0.25,0.25
2405,0.0,0.0,0.1,0.2,0.25,0.12,0.1,0.0,0.0,0.3,0.25,0.2,0.25,0.2,0.25,0.0,0.0,0.2,0.25
2412,0.0,0.0,0.2,0.2,0.25,0.12,0.1,0.12,0.1,0.0,0.0,0.2,0.25,0.2,0.25,0.0,0.0,0.2,0.25
2419,0.0,0.0,0.25,0.25,0.25,0.0,0.0,0.0,0.0,0.1,0.1,0.1,0.1,0.25,0.25,0.1,0.1,0.0,0.0
2429,0.0,0.0,0.25,0.2,0.25,0.0,0.0,0.0,0.0,0.0,0.0,0.2,0.25,0.2,0.25,0.12,0.1,0.0,0.0
2437,0.0,0.0,0.25,0.2,0.25,0.0,0.0,0.0,0.0,0.3,0.25,0.0,0.0,0.2,0.25,0.12,0.1,0.08,0.1
2444,0.0,0.0,0.2,0.2,0.25,0.0,0.0,0.0,0.0,0.12,0.1,0.08,0.1,0.2,0.25,0.12,0.1,0.08,0.1
2451,0.0,0.0,0.25,0.25,0.25,0.0,0.0,0.0,0.0,0.0,0.0,0.25,0.25,0.25,0.25,0.1,0.1,0.1,0.1
2458,0.0,0.0,0.2,0.25,0.25,0.0,0.0,0.0,0.0,0.25,0.25,0.1,0.1,0.25,0.25,0.1,0.1,0.25,0.25
2464,0.0,0.0,0.2,0.2,0.25,0.0,0.0,0.0,0.0,0.1,0.1,0.2,0.25,0.2,0.25,0.1,0.1,0.2,0.25
2473,0.0,0.0,0.0,0.2,0.25,0.1,0.1,0.0,0.0,0.25,0.25,0.0,0.0,0.2,0.25,0.1,0.1,0.2,0.25
2482,0.0,0.0,0.08,0.25,0.25,0.1,0.1,0.0,0.0,0.25,0.25,0.1,0.1,0.25,0.25,0.1,0.1,0.25,0.25
2505,0.0,0.0,0.1,0.2,0.25,0.0,0.0,0.0,0.0,0.1,0.1,0.08,0.1,0.2,0.25,0.25,0.25,0.08,0.1
2520,0.0,0.0,0.2,0.0,0.0,0.1,0.1,0.1,0.1,0.0,0.0,0.2,0.25,0.08,0.1,0.0,0.0,0.2,0.25
2528,0.0,0.0,0.2,0.08,0.1,0.0,0.0,0.0,0.0,0.0,0.0,0.08,0.1,0.08,0.1,0.0,0.0,0.0,0.0
2538,0.0,0.0,0.2,0.1,0.1,0.0,0.0,0.0,0.0,0.1,0.1,0.1,0.1,0.1,0.1,0.0,0.0,0.25,0.25
2545,0.0,0.0,0.25,0.08,0.1,0.0,0.0,0.0,0.0,0.0,0.0,0.2,0.25,0.08,0.1,0.0,0.0,0.2,0.25
2553,0.0,0.0,0.25,0.08,0.1,0.1,0.1,0.0,0.0,0.0,0.0,0.2,0.25,0.08,0.1,0.1,0.1,0.2,0.25
2559,0.0,0.0,0.25,0.1,0.1,0.12,0.1,0.0,0.0,0.0,0.0,0.25,0.25,0.1,0.1,0.12,0.1,0.25,0.25
2566,0.0,0.0,0.2,0.25,0.25,0.0,0.0,0.0,0.0,0.12,0.1,0.0,0.0,0.1,0.1,0.0,0.0,0.1,0.1
2572,0.0,0.0,0.2,0.2,0.25,0.0,0.0,0.0,0.0,0.0,0.0,0.0,0.0,0.08,0.1,0.0,0.0,0.2,0.25
2579,0.0,0.0,0.1,0.25,0.25,0.0,0.0,0.0,0.0,0.1,0.1,0.25,0.25,0.1,0.1,0.0,0.0,0.25,0.25
2586,0.0,0.0,0.08,0.25,0.25,0.1,0.1,0.0,0.0,0.0,0.0,0.25,0.25,0.1,0.1,0.0,0.0,0.25,0.25
2592,0.0,0.0,0.2,0.2,0.25,0.1,0.1,0.0,0.0,0.25,0.25,0.08,0.1,0.08,0.1,0.1,0.1,0.2,0.25
2599,0.0,0.0,0.25,0.25,0.25,0.12,0.1,0.0,0.0,0.3,0.25,0.1,0.1,0.1,0.1,0.12,0.1,0.25,0.25
2608,0.0,0.0,0.08,0.2,0.25,0.0,0.0,0.0,0.0,0.0,0.0,0.2,0.25,0.08,0.1,0.25,0.25,0.2,0.25
2616,0.0,0.0,0.2,0.0,0.0,0.0,0.0,0.0,0.0,0.25,0.25,0.08,0.1,0.2,0.25,0.0,0.0,0.0,0.0
2623,0.0,0.0,0.25,0.0,0.0,0.0,0.0,0.0,0.0,0.3,0.25,0.1,0.1,0.25,0.25,0.0,0.0,0.0,0.0
2629,0.0,0.0,0.1,0.0,0.0,0.0,0.0,0.0,0.0,0.12,0.1,0.0,0.0,0.2,0.25,0.0,0.0,0.08,0.1
2639,0.0,0.0,0.0,0.0,0.0,0.0,0.0,0.0,0.0,0.3,0.25,0.25,0.25,0.25,0.25,0.0,0.0,0.1,0.1
2647,0.0,0.0,0.25,0.0,0.0,0.0,0.0,0.0,0.0,0.12,0.1,0.0,0.0,0.25,0.25,0.0,0.0,0.25,0.25
2655,0.0,0.0,0.25,0.0,0.0,0.0,0.0,0.0,0.0,0.0,0.0,0.1,0.1,0.25,0.25,0.0,0.0,0.25,0.25
2664,0.0,0.0,0.2,0.0,0.0,0.1,0.1,0.0,0.0,0.1,0.1,0.2,0.25,0.2,0.25,0.1,0.1,0.08,0.1
2671,0.0,0.0,0.25,0.0,0.0,0.12,0.1,0.0,0.0,0.12,0.1,0.25,0.25,0.25,0.25,0.12,0.1,0.1,0.1
2679,0.0,0.0,0.1,0.0,0.0,0.12,0.1,0.0,0.0,0.0,0.0,0.0,0.0,0.25,0.25,0.12,0.1,0.25,0.25
2686,0.0,0.0,0.08,0.0,0.0,0.12,0.1,0.0,0.0,0.3,0.25,0.25,0.25,0.25,0.25,0.12,0.1,0.25,0.25
2693,0.0,0.0,0.25,0.0,0.0,0.0,0.0,0.0,0.0,0.0,0.0,0.08,0.1,0.2,0.25,0.3,0.25,0.08,0.1
2699,0.0,0.0,0.1,0.0,0.0,0.0,0.0,0.0,0.0,0.25,0.25,0.25,0.25,0.25,0.25,0.25,0.25,0.1,0.1
2707,0.0,0.0,0.25,0.0,0.0,0.0,0.0,0.0,0.0,0.1,0.1,0.0,0.0,0.25,0.25,0.25,0.25,0.25,0.25
2714,0.0,0.0,0.2,0.0,0.0,0.0,0.0,0.0,0.0,0.0,0.0,0.1,0.1,0.25,0.25,0.25,0.25,0.25,0.25
2719,0.0,0.0,0.25,0.0,0.0,0.0,0.0,0.0,0.0,0.0,0.0,0.1,0.1,0.25,0.25,0.3,0.25,0.25,0.25
2730,0.0,0.0,0.0,0.1,0.1,0.0,0.0,0.0,0.0,0.25,0.25,0.0,0.0,0.25,0.25,0.0,0.0,0.1,0.1
2746,0.0,0.0,0.2,0.1,0.1,0.0,0.0,0.0,0.0,0.0,0.0,0.0,0.0,0.25,0.25,0.0,0.0,0.25,0.25
2751,0.0,0.0,0.25,0.1,0.1,0.0,0.0,0.0,0.0,0.0,0.0,0.0,0.0,0.25,0.25,0.0,0.0,0.25,0.25
2761,0.0,0.0,0.1,0.08,0.1,0.1,0.1,0.0,0.0,0.25,0.25,0.2,0.25,0.2,0.25,0.0,0.0,0.2,0.25
2771,0.0,0.0,0.1,0.1,0.1,0.0,0.0,0.0,0.0,0.25,0.25,0.25,0.25,0.25,0.25,0.1,0.1,0.0,0.0
2779,0.0,0.0,0.1,0.1,0.1,0.0,0.0,0.0,0.0,0.1,0.1,0.1,0.1,0.25,0.25,0.1,0.1,0.1,0.1
2785,0.0,0.0,0.25,0.08,0.1,0.1,0.1,0.0,0.0,0.0,0.0,0.0,0.0,0.2,0.25,0.1,0.1,0.08,0.1
2792,0.0,0.0,0.2,0.08,0.1,0.1,0.1,0.0,0.0,0.1,0.1,0.0,0.0,0.2,0.25,0.1,0.1,0.2,0.25
2799,0.0,0.0,0.25,0.1,0.1,0.12,0.1,0.0,0.0,0.12,0.1,0.0,0.0,0.25,0.25,0.12,0.1,0.25,0.25
2809,0.0,0.0,0.25,0.08,0.1,0.0,0.0,0.0,0.0,0.25,0.25,0.08,0.1,0.2,0.25,0.25,0.25,0.08,0.1
2819,0.0,0.0,0.25,0.1,0.1,0.0,0.0,0.0,0.0,0.1,0.1,0.25,0.25,0.25,0.25,0.25,0.25,0.1,0.1
2824,0.0,0.0,0.2,0.08,0.1,0.0,0.0,0.0,0.0,0.0,0.0,0.0,0.0,0.2,0.25,0.25,0.25,0.2,0.25
2835,0.0,0.0,0.1,0.1,0.1,0.0,0.0,0.0,0.0,0.1,0.1,0.25,0.25,0.25,0.25,0.25,0.25,0.25,0.25
2842,0.0,0.0,0.2,0.25,0.25,0.0,0.0,0.0,0.0,0.25,0.25,0.0,0.0,0.25,0.25,0.0,0.0,0.0,0.0
2849,0.0,0.0,0.25,0.2,0.25,0.0,0.0,0.0,0.0,0.0,0.0,0.2,0.25,0.2,0.25,0.0,0.0,0.0,0.0
2855,0.0,0.0,0.25,0.25,0.25,0.0,0.0,0.0,0.0,0.0,0.0,0.25,0.25,0.25,0.25,0.0,0.0,0.0,0.0
2864,0.0,0.0,0.2,0.2,0.25,0.0,0.0,0.0,0.0,0.1,0.1,0.0,0.0,0.2,0.25,0.0,0.0,0.2,0.25
2871,0.0,0.0,0.25,0.25,0.25,0.0,0.0,0.0,0.0,0.12,0.1,0.0,0.0,0.25,0.25,0.0,0.0,0.25,0.25
2892,0.12,0.1,0.2,0.2,0.25,0.0,0.0,0.0,0.0,0.3,0.25,0.2,0.25,0.2,0.25,0.0,0.0,0.2,0.25
2898,0.0,0.0,0.2,0.25,0.25,0.1,0.1,0.0,0.0,0.25,0.25,0.1,0.1,0.25,0.25,0.0,0.0,0.0,0.0
2905,0.0,0.0,0.25,0.2,0.25,0.1,0.1,0.0,0.0,0.1,0.1,0.2,0.25,0.2,0.25,0.0,0.0,0.0,0.0
2912,0.0,0.0,0.08,0.2,0.25,0.1,0.1,0.0,0.0,0.1,0.1,0.0,0.0,0.2,0.25,0.0,0.0,0.08,0.1
2919,0.0,0.0,0.1,0.25,0.25,0.12,0.1,0.0,0.0,0.12,0.1,0.0,0.0,0.25,0.25,0.0,0.0,0.1,0.1
2930,0.0,0.0,0.08,0.25,0.25,0.1,0.1,0.0,0.0,0.0,0.0,0.0,0.0,0.25,0.25,0.0,0.0,0.25,0.25
2937,0.0,0.0,0.1,0.2,0.25,0.1,0.1,0.0,0.0,0.0,0.0,0.08,0.1,0.2,0.25,0.0,0.0,0.2,0.25
2944,0.0,0.0,0.0,0.2,0.25,0.1,0.1,0.0,0.0,0.0,0.0,0.2,0.25,0.2,0.25,0.0,0.0,0.2,0.25
2951,0.0,0.0,0.0,0.25,0.25,0.12,0.1,0.0,0.0,0.0,0.0,0.25,0.25,0.25,0.25,0.0,0.0,0.25,0.25
2960,0.0,0.0,0.2,0.2,0.25,0.0,0.0,0.0,0.0,0.0,0.0,0.08,0.1,0.2,0.25,0.1,0.1,0.0,0.0
2967,0.0,0.0,0.25,0.25,0.25,0.0,0.0,0.0,0.0,0.0,0.0,0.1,0.1,0.25,0.25,0.12,0.1,0.0,0.0
2974,0.0,0.0,0.08,0.25,0.25,0.0,0.0,0.0,0.0,0.3,0.25,0.25,0.25,0.25,0.25,0.12,0.1,0.0,0.0
2982,0.0,0.0,0.2,0.25,0.25,0.0,0.0,0.0,0.0,0.3,0.25,0.25,0.25,0.25,0.25,0.12,0.1,0.1,0.1
3002,0.0,0.0,0.2,0.25,0.25,0.1,0.1,0.1,0.1,0.25,0.25,0.1,0.1,0.25,0.25,0.1,0.1,0.25,0.25
3011,0.0,0.0,0.25,0.25,0.25,0.25,0.25,0.0,0.0,0.0,0.0,0.25,0.25,0.25,0.25,0.1,0.1,0.1,0.1
3019,0.0,0.0,0.1,0.25,0.25,0.25,0.25,0.0,0.0,0.0,0.0,0.1,0.1,0.25,0.25,0.1,0.1,0.25,0.25
3026,0.0,0.0,0.08,0.25,0.25,0.0,0.0,0.0,0.0,0.1,0.1,0.25,0.25,0.25,0.25,0.25,0.25,0.0,0.0
3034,0.0,0.0,0.2,0.25,0.25,0.0,0.0,0.0,0.0,0.1,0.1,0.0,0.0,0.25,0.25,0.25,0.25,0.1,0.1
3048,0.0,0.0,0.2,0.2,0.25,0.0,0.0,0.0,0.0,0.25,0.25,0.0,0.0,0.2,0.25,0.25,0.25,0.2,0.25
3056,0.0,0.0,0.2,0.2,0.25,0.0,0.0,0.0,0.0,0.1,0.1,0.08,0.1,0.2,0.25,0.25,0.25,0.2,0.25
3063,0.0,0.0,0.25,0.25,0.25,0.0,0.0,0.0,0.0,0.12,0.1,0.1,0.1,0.25,0.25,0.3,0.25,0.25,0.25
3067,0.0,0.0,0.25,0.25,0.25,0.0,0.0,0.0,0.0,0.0,0.0,0.25,0.25,0.25,0.25,0.25,0.25,0.25,0.25
3080,0.0,0.0,0.2,0.2,0.25,0.0,0.0,0.0,0.0,0.25,0.25,0.2,0.25,0.0,0.0,0.0,0.0,0.2,0.25
3087,0.0,0.0,0.25,0.25,0.25,0.0,0.0,0.0,0.0,0.3,0.25,0.25,0.25,0.0,0.0,0.0,0.0,0.25,0.25
3095,0.0,0.0,0.25,0.0,0.0,0.0,0.0,0.0,0.0,0.0,0.0,0.1,0.1,0.1,0.1,0.0,0.0,0.25,0.25
3106,0.0,0.0,0.2,0.25,0.25,0.0,0.0,0.0,0.0,0.0,0.0,0.0,0.0,0.1,0.1,0.0,0.0,0.1,0.1
3112,0.0,0.0,0.2,0.2,0.25,0.0,0.0,0.0,0.0,0.25,0.25,0.08,0.1,0.08,0.1,0.0,0.0,0.2,0.25
3118,0.0,0.0,0.2,0.25,0.25,0.0,0.0,0.0,0.0,0.3,0.25,0.1,0.1,0.1,0.1,0.0,0.0,0.25,0.25
3127,0.0,0.0,0.25,0.25,0.25,0.0,0.0,0.0,0.0,0.12,0.1,0.25,0.25,0.1,0.1,0.0,0.0,0.25,0.25
3132,0.0,0.0,0.2,0.2,0.25,0.12,0.1,0.0,0.0,0.12,0.1,0.08,0.1,0.08,0.1,0.12,0.1,0.2,0.25
3139,0.0,0.0,0.25,0.25,0.25,0.1,0.1,0.0,0.0,0.0,0.0,0.25,0.25,0.1,0.1,0.1,0.1,0.25,0.25
3146,0.0,0.0,0.0,0.0,0.0,0.0,0.0,0.0,0.0,0.1,0.1,0.0,0.0,0.25,0.25,0.0,0.0,0.1,0.1
3153,0.0,0.0,0.25,0.0,0.0,0.0,0.0,0.0,0.0,0.25,0.25,0.08,0.1,0.2,0.25,0.0,0.0,0.08,0.1
3161,0.0,0.0,0.25,0.0,0.0,0.0,0.0,0.0,0.0,0.1,0.1,0.2,0.25,0.2,0.25,0.0,0.0,0.08,0.1
3168,0.0,0.0,0.08,0.0,0.0,0.0,0.0,0.0,0.0,0.25,0.25,0.0,0.0,0.2,0.25,0.0,0.0,0.2,0.25
3175,0.0,0.0,0.1,0.0,0.0,0.0,0.0,0.0,0.0,0.3,0.25,0.0,0.0,0.25,0.25,0.0,0.0,0.25,0.25
3183,0.0,0.0,0.0,0.0,0.0,0.0,0.0,0.0,0.0,0.3,0.25,0.1,0.1,0.25,0.25,0.0,0.0,0.25,0.25
3192,0.0,0.0,0.2,0.0,0.0,0.0,0.0,0.1,0.1,0.1,0.1,0.2,0.25,0.2,0.25,0.0,0.0,0.2,0.25
3199,0.0,0.0,0.25,0.0,0.0,0.0,0.0,0.12,0.1,0.12,0.1,0.25,0.25,0.25,0.25,0.0,0.0,0.25,0.25
3208,0.0,0.0,0.08,0.0,0.0,0.0,0.0,0.0,0.0,0.1,0.1,0.08,0.1,0.2,0.25,0.1,0.1,0.08,0.1
3217,0.0,0.0,0.1,0.0,0.0,0.0,0.0,0.0,0.0,0.0,0.0,0.2,0.25,0.2,0.25,0.1,0.1,0.08,0.1
3224,0.0,0.0,0.2,0.0,0.0,0.0,0.0,0.0,0.0,0.0,0.0,0.0,0.0,0.2,0.25,0.1,0.1,0.2,0.25
3229,0.0,0.0,0.25,0.0,0.0,0.0,0.0,0.0,0.0,0.0,0.0,0.0,0.0,0.2,0.25,0.12,0.1,0.2,0.25
3237,0.0,0.0,0.1,0.0,0.0,0.12,0.1,0.0,0.0,0.3,0.25,0.08,0.1,0.2,0.25,0.12,0.1,0.2,0.25
3244,0.0,0.0,0.08,0.0,0.0,0.0,0.0,0.0,0.0,0.12,0.1,0.2,0.25,0.2,0.25,0.3,0.25,0.0,0.0
3253,0.0,0.0,0.25,0.0,0.0,0.0,0.0,0.0,0.0,0.0,0.0,0.2,0.25,0.2,0.25,0.3,0.25,0.08,0.1
3259,0.0,0.0,0.25,0.1,0.1,0.0,0.0,0.0,0.0,0.25,0.25,0.0,0.0,0.25,0.25,0.0,0.0,0.0,0.0
3266,0.0,0.0,0.2,0.1,0.1,0.0,0.0,0.0,0.0,0.1,0.1,0.1,0.1,0.25,0.25,0.0,0.0,0.0,0.0
3278,0.0,0.0,0.0,0.1,0.1,0.0,0.0,0.0,0.0,0.3,0.25,0.1,0.1,0.25,0.25,0.0,0.0,0.1,0.1
3286,0.0,0.0,0.2,0.1,0.1,0.0,0.0,0.12,0.1,0.3,0.25,0.0,0.0,0.25,0.25,0.0,0.0,0.1,0.1
3292,0.0,0.0,0.2,0.08,0.1,0.0,0.0,0.12,0.1,0.12,0.1,0.08,0.1,0.2,0.25,0.0,0.0,0.08,0.1
3299,0.0,0.0,0.1,0.1,0.1,0.0,0.0,0.0,0.0,0.25,0.25,0.0,0.0,0.25,0.25,0.0,0.0,0.25,0.25
3314,0.0,0.0,0.2,0.1,0.1,0.1,0.1,0.0,0.0,0.25,0.25,0.25,0.25,0.25,0.25,0.0,0.0,0.0,0.0
3321,0.0,0.0,0.1,0.08,0.1,0.1,0.1,0.0,0.0,0.1,0.1,0.0,0.0,0.2,0.25,0.0,0.0,0.08,0.1
3328,0.0,0.0,0.08,0.08,0.1,0.1,0.1,0.0,0.0,0.0,0.0,0.08,0.1,0.2,0.25,0.0,0.0,0.2,0.25
3335,0.0,0.0,0.1,0.1,0.1,0.12,0.1,0.0,0.0,0.0,0.0,0.1,0.1,0.25,0.25,0.0,0.0,0.25,0.25
3348,0.0,0.0,0.08,0.08,0.1,0.0,0.0,0.0,0.0,0.12,0.1,0.08,0.1,0.2,0.25,0.12,0.1,0.0,0.0
3354,0.0,0.0,0.08,0.1,0.1,0.0,0.0,0.0,0.0,0.0,0.0,0.25,0.25,0.25,0.25,0.1,0.1,0.0,0.0
3361,0.0,0.0,0.25,0.08,0.1,0.0,0.0,0.0,0.0,0.25,0.25,0.0,0.0,0.2,0.25,0.1,0.1,0.08,0.1
3367,0.0,0.0,0.25,0.1,0.1,0.0,0.0,0.0,0.0,0.3,0.25,0.0,0.0,0.25,0.25,0.12,0.1,0.1,0.1
3373,0.0,0.0,0.25,0.08,0.1,0.0,0.0,0.0,0.0,0.12,0.1,0.08,0.1,0.2,0.25,0.12,0.1,0.08,0.1
3380,0.0,0.0,0.2,0.08,0.1,0.0,0.0,0.0,0.0,0.0,0.0,0.2,0.25,0.2,0.25,0.12,0.1,0.08,0.1
3387,0.0,0.0,0.25,0.1,0.1,0.1,0.1,0.0,0.0,0.25,0.25,0.1,0.1,0.25,0.25,0.1,0.1,0.1,0.1
3402,0.0,0.0,0.2,0.1,0.1,0.1,0.1,0.0,0.0,0.25,0.25,0.0,0.0,0.25,0.25,0.1,0.1,0.25,0.25
3409,0.0,0.0,0.25,0.08,0.1,0.1,0.1,0.0,0.0,0.1,0.1,0.08,0.1,0.2,0.25,0.1,0.1,0.2,0.25
3416,0.0,0.0,0.2,0.08,0.1,0.1,0.1,0.0,0.0,0.0,0.0,0.2,0.25,0.2,0.25,0.1,0.1,0.2,0.25
3423,0.0,0.0,0.25,0.1,0.1,0.12,0.1,0.0,0.0,0.0,0.0,0.25,0.25,0.25,0.25,0.12,0.1,0.25,0.25
3430,0.0,0.0,0.2,0.1,0.1,0.12,0.1,0.12,0.1,0.3,0.25,0.25,0.25,0.25,0.25,0.12,0.1,0.25,0.25
3437,0.0,0.0,0.1,0.08,0.1,0.0,0.0,0.0,0.0,0.12,0.1,0.08,0.1,0.2,0.25,0.3,0.25,0.08,0.1
3441,0.0,0.0,0.1,0.08,0.1,0.0,0.0,0.0,0.0,0.0,0.0,0.2,0.25,0.2,0.25,0.25,0.25,0.08,0.1
3448,0.0,0.0,0.2,0.08,0.1,0.0,0.0,0.0,0.0,0.25,0.25,0.2,0.25,0.2,0.25,0.25,0.25,0.2,0.25
3455,0.0,0.0,0.25,0.1,0.1,0.0,0.0,0.0,0.0,0.3,0.25,0.25,0.25,0.25,0.25,0.3,0.25,0.25,0.25
3470,0.0,0.0,0.08,0.25,0.25,0.0,0.0,0.0,0.0,0.0,0.0,0.0,0.0,0.25,0.25,0.0,0.0,0.0,0.0
3477,0.0,0.0,0.25,0.2,0.25,0.0,0.0,0.0,0.0,0.3,0.25,0.0,0.0,0.2,0.25,0.0,0.0,0.08,0.1
3484,0.0,0.0,0.2,0.2,0.25,0.0,0.0,0.0,0.0,0.12,0.1,0.08,0.1,0.2,0.25,0.0,0.0,0.08,0.1
3491,0.0,0.0,0.25,0.25,0.25,0.0,0.0,0.0,0.0,0.0,0.0,0.25,0.25,0.25,0.25,0.0,0.0,0.1,0.1
3504,0.0,0.0,0.2,0.2,0.25,0.1,0.1,0.0,0.0,0.25,0.25,0.2,0.25,0.2,0.25,0.0,0.0,0.0,0.0
3511,0.0,0.0,0.25,0.25,0.25,0.12,0.1,0.0,0.0,0.3,0.25,0.25,0.25,0.25,0.25,0.0,0.0,0.0,0.0
3518,0.0,0.0,0.08,0.25,0.25,0.12,0.1,0.0,0.0,0.3,0.25,0.0,0.0,0.25,0.25,0.0,0.0,0.1,0.1
3525,0.0,0.0,0.1,0.2,0.25,0.12,0.1,0.0,0.0,0.12,0.1,0.08,0.1,0.2,0.25,0.0,0.0,0.08,0.1
3534,0.0,0.0,0.2,0.25,0.25,0.12,0.1,0.0,0.0,0.3,0.25,0.25,0.25,0.25,0.25,0.0,0.0,0.1,0.1
3541,0.0,0.0,0.25,0.2,0.25,0.12,0.1,0.12,0.1,0.0,0.0,0.08,0.1,0.2,0.25,0.0,0.0,0.08,0.1
3548,0.0,0.0,0.0,0.2,0.25,0.12,0.1,0.0,0.0,0.3,0.25,0.0,0.0,0.2,0.25,0.0,0.0,0.2,0.25
3559,0.0,0.0,0.0,0.25,0.25,0.12,0.1,0.0,0.0,0.12,0.1,0.1,0.1,0.25,0.25,0.0,0.0,0.25,0.25
3566,0.0,0.0,0.0,0.25,0.25,0.12,0.1,0.0,0.0,0.3,0.25,0.25,0.25,0.25,0.25,0.0,0.0,0.25,0.25
3572,0.0,0.0,0.2,0.2,0.25,0.0,0.0,0.0,0.0,0.12,0.1,0.2,0.25,0.2,0.25,0.12,0.1,0.0,0.0
3581,0.0,0.0,0.1,0.2,0.25,0.0,0.0,0.0,0.0,0.12,0.1,0.08,0.1,0.2,0.25,0.12,0.1,0.08,0.1
3586,0.0,0.0,0.08,0.25,0.25,0.0,0.0,0.0,0.0,0.1,0.1,0.25,0.25,0.25,0.25,0.1,0.1,0.1,0.1
3593,0.0,0.0,0.25,0.2,0.25,0.0,0.0,0.0,0.0,0.25,0.25,0.2,0.25,0.2,0.25,0.1,0.1,0.2,0.25
3602,0.0,0.0,0.2,0.25,0.25,0.0,0.0,0.1,0.1,0.0,0.0,0.1,0.1,0.25,0.25,0.1,0.1,0.25,0.25
3611,0.0,0.0,0.25,0.25,0.25,0.0,0.0,0.1,0.1,0.0,0.0,0.25,0.25,0.25,0.25,0.1,0.1,0.25,0.25
3618,0.0,0.0,0.0,0.25,0.25,0.1,0.1,0.0,0.0,0.0,0.0,0.25,0.25,0.25,0.25,0.1,0.1,0.25,0.25
3634,0.0,0.0,0.08,0.25,0.25,0.0,0.0,0.0,0.0,0.0,0.0,0.25,0.25,0.25,0.25,0.25,0.25,0.1,0.1
3644,0.0,0.0,0.2,0.2,0.25,0.3,0.25,0.0,0.0,0.3,0.25,0.0,0.0,0.2,0.25,0.3,0.25,0.2,0.25
3650,0.0,0.0,0.2,0.25,0.25,0.0,0.0,0.0,0.0,0.1,0.1,0.25,0.25,0.0,0.0,0.0,0.0,0.1,0.1
3657,0.0,0.0,0.25,0.0,0.0,0.0,0.0,0.0,0.0,0.1,0.1,0.2,0.25,0.08,0.1,0.0,0.0,0.08,0.1
3663,0.0,0.0,0.25,0.0,0.0,0.0,0.0,0.0,0.0,0.12,0.1,0.25,0.25,0.1,0.1,0.0,0.0,0.1,0.1
3670,0.0,0.0,0.2,0.1,0.1,0.0,0.0,0.0,0.0,0.3,0.25,0.25,0.25,0.1,0.1,0.0,0.0,0.25,0.25
3677,0.0,0.0,0.25,0.2,0.25,0.0,0.0,0.0,0.0,0.0,0.0,0.0,0.0,0.08,0.1,0.0,0.0,0.0,0.0
3684,0.0,0.0,0.08,0.2,0.25,0.12,0.1,0.0,0.0,0.0,0.0,0.08,0.1,0.08,0.1,0.0,0.0,0.2,0.25
3691,0.0,0.0,0.25,0.25,0.25,0.1,0.1,0.0,0.0,0.1,0.1,0.0,0.0,0.1,0.1,0.1,0.1,0.25,0.25
3698,0.0,0.0,0.2,0.25,0.25,0.1,0.1,0.0,0.0,0.0,0.0,0.1,0.1,0.1,0.1,0.1,0.1,0.25,0.25
3705,0.0,0.0,0.25,0.0,0.0,0.0,0.0,0.0,0.0,0.25,0.25,0.0,0.0,0.2,0.25,0.0,0.0,0.08,0.1
3711,0.0,0.0,0.25,0.0,0.0,0.0,0.0,0.0,0.0,0.3,0.25,0.0,0.0,0.25,0.25,0.0,0.0,0.1,0.1
3717,0.0,0.0,0.25,0.0,0.0,0.0,0.0,0.0,0.0,0.12,0.1,0.08,0.1,0.2,0.25,0.0,0.0,0.08,0.1
3726,0.0,0.0,0.2,0.0,0.0,0.0,0.0,0.0,0.0,0.0,0.0,0.25,0.25,0.25,0.25,0.0,0.0,0.1,0.1
3732,0.0,0.0,0.08,0.0,0.0,0.0,0.0,0.0,0.0,0.12,0.1,0.0,0.0,0.2,0.25,0.0,0.0,0.2,0.25
3739,0.0,0.0,0.0,0.0,0.0,0.0,0.0,0.0,0.0,0.1,0.1,0.25,0.25,0.25,0.25,0.0,0.0,0.25,0.25
3743,0.0,0.0,0.0,0.0,0.0,0.0,0.0,0.0,0.0,0.12,0.1,0.25,0.25,0.25,0.25,0.0,0.0,0.25,0.25
3751,0.0,0.0,0.25,0.0,0.0,0.0,0.0,0.0,0.0,0.3,0.25,0.25,0.25,0.25,0.25,0.0,0.0,0.25,0.25
3756,0.0,0.0,0.2,0.0,0.0,0.0,0.0,0.12,0.1,0.12,0.1,0.0,0.0,0.2,0.25,0.0,0.0,0.2,0.25
3764,0.0,0.0,0.2,0.0,0.0,0.0,0.0,0.12,0.1,0.12,0.1,0.08,0.1,0.2,0.25,0.0,0.0,0.2,0.25
3771,0.0,0.0,0.25,0.0,0.0,0.0,0.0,0.1,0.1,0.0,0.0,0.25,0.25,0.25,0.25,0.0,0.0,0.25,0.25
3778,0.0,0.0,0.2,0.0,0.0,0.0,0.0,0.0,0.0,0.1,0.1,0.0,0.0,0.25,0.25,0.1,0.1,0.1,0.1
3783,0.0,0.0,0.25,0.0,0.0,0.0,0.0,0.0,0.0,0.12,0.1,0.0,0.0,0.25,0.25,0.12,0.1,0.1,0.1
3790,0.0,0.0,0.2,0.0,0.0,0.0,0.0,0.0,0.0,0.0,0.0,0.1,0.1,0.25,0.25,0.12,0.1,0.1,0.1
3797,0.0,0.0,0.25,0.0,0.0,0.0,0.0,0.0,0.0,0.3,0.25,0.08,0.1,0.2,0.25,0.12,0.1,0.2,0.25
3806,0.0,0.0,0.2,0.0,0.0,0.0,0.0,0.0,0.0,0.12,0.1,0.25,0.25,0.25,0.25,0.12,0.1,0.25,0.25
3813,0.0,0.0,0.25,0.0,0.0,0.12,0.1,0.0,0.0,0.12,0.1,0.0,0.0,0.2,0.25,0.12,0.1,0.08,0.1
3822,0.0,0.0,0.2,0.0,0.0,0.12,0.1,0.0,0.0,0.0,0.0,0.1,0.1,0.25,0.25,0.12,0.1,0.1,0.1
3829,0.0,0.0,0.25,0.0,0.0,0.12,0.1,0.0,0.0,0.12,0.1,0.08,0.1,0.2,0.25,0.12,0.1,0.2,0.25
3836,0.0,0.0,0.2,0.0,0.0,0.12,0.1,0.0,0.0,0.0,0.0,0.2,0.25,0.2,0.25,0.12,0.1,0.2,0.25
3843,0.0,0.0,0.1,0.0,0.0,0.0,0.0,0.0,0.0,0.0,0.0,0.1,0.1,0.25,0.25,0.25,0.25,0.1,0.1
3850,0.0,0.0,0.2,0.0,0.0,0.0,0.0,0.0,0.0,0.25,0.25,0.25,0.25,0.25,0.25,0.25,0.25,0.1,0.1
3855,0.0,0.0,0.25,0.0,0.0,0.0,0.0,0.0,0.0,0.3,0.25,0.25,0.25,0.25,0.25,0.3,0.25,0.1,0.1
3866,0.0,0.0,0.2,0.0,0.0,0.0,0.0,0.0,0.0,0.1,0.1,0.1,0.1,0.25,0.25,0.25,0.25,0.25,0.25
3873,0.0,0.0,0.25,0.0,0.0,0.0,0.0,0.0,0.0,0.0,0.0,0.2,0.25,0.2,0.25,0.25,0.25,0.2,0.25
3881,0.0,0.0,0.25,0.08,0.1,0.0,0.0,0.0,0.0,0.25,0.25,0.08,0.1,0.2,0.25,0.0,0.0,0.0,0.0
3888,0.0,0.0,0.2,0.08,0.1,0.0,0.0,0.0,0.0,0.0,0.0,0.0,0.0,0.2,0.25,0.0,0.0,0.08,0.1
3896,0.0,0.0,0.0,0.08,0.1,0.0,0.0,0.0,0.0,0.25,0.25,0.0,0.0,0.2,0.25,0.0,0.0,0.2,0.25
3904,0.0,0.0,0.2,0.08,0.1,0.0,0.0,0.0,0.0,0.25,0.25,0.2,0.25,0.2,0.25,0.0,0.0,0.2,0.25
3911,0.0,0.0,0.25,0.1,0.1,0.0,0.0,0.0,0.0,0.3,0.25,0.25,0.25,0.25,0.25,0.0,0.0,0.25,0.25
3918,0.0,0.0,0.2,0.1,0.1,0.0,0.0,0.12,0.1,0.12,0.1,0.0,0.0,0.25,0.25,0.0,0.0,0.25,0.25
3925,0.0,0.0,0.25,0.08,0.1,0.0,0.0,0.12,0.1,0.0,0.0,0.08,0.1,0.2,0.25,0.0,0.0,0.2,0.25
3933,0.0,0.0,0.1,0.08,0.1,0.12,0.1,0.0,0.0,0.12,0.1,0.08,0.1,0.2,0.25,0.0,0.0,0.08,0.1
3940,0.0,0.0,0.08,0.08,0.1,0.12,0.1,0.0,0.0,0.0,0.0,0.2,0.25,0.2,0.25,0.0,0.0,0.08,0.1
3951,0.0,0.0,0.1,0.1,0.1,0.12,0.1,0.0,0.0,0.0,0.0,0.0,0.0,0.25,0.25,0.0,0.0,0.25,0.25
3958,0.0,0.0,0.0,0.1,0.1,0.12,0.1,0.0,0.0,0.12,0.1,0.1,0.1,0.25,0.25,0.0,0.0,0.25,0.25
3965,0.0,0.0,0.1,0.08,0.1,0.12,0.1,0.0,0.0,0.12,0.1,0.2,0.25,0.2,0.25,0.0,0.0,0.2,0.25
3972,0.0,0.0,0.08,0.08,0.1,0.0,0.0,0.0,0.0,0.12,0.1,0.2,0.25,0.2,0.25,0.12,0.1,0.0,0.0
3979,0.0,0.0,0.25,0.1,0.1,0.0,0.0,0.0,0.0,0.1,0.1,0.0,0.0,0.25,0.25,0.1,0.1,0.25,0.25
3985,0.0,0.0,0.25,0.08,0.1,0.0,0.0,0.0,0.0,0.0,0.0,0.08,0.1,0.2,0.25,0.1,0.1,0.2,0.25
3995,0.0,0.0,0.25,0.1,0.1,0.1,0.1,0.0,0.0,0.25,0.25,0.0,0.0,0.25,0.25,0.1,0.1,0.1,0.1
4001,0.0,0.0,0.25,0.08,0.1,0.1,0.1,0.0,0.0,0.1,0.1,0.08,0.1,0.2,0.25,0.1,0.1,0.08,0.1
4019,0.0,0.0,0.0,0.1,0.1,0.1,0.1,0.0,0.0,0.0,0.0,0.1,0.1,0.25,0.25,0.1,0.1,0.25,0.25
4028,0.0,0.0,0.2,0.08,0.1,0.12,0.1,0.0,0.0,0.3,0.25,0.2,0.25,0.2,0.25,0.12,0.1,0.2,0.25
4035,0.0,0.0,0.25,0.1,0.1,0.1,0.1,0.1,0.1,0.0,0.0,0.1,0.1,0.25,0.25,0.1,0.1,0.25,0.25
4046,0.0,0.0,0.08,0.1,0.1,0.0,0.0,0.0,0.0,0.0,0.0,0.1,0.1,0.25,0.25,0.3,0.25,0.0,0.0
4051,0.0,0.0,0.1,0.1,0.1,0.0,0.0,0.0,0.0,0.1,0.1,0.25,0.25,0.25,0.25,0.25,0.25,0.0,0.0
4058,0.0,0.0,0.2,0.1,0.1,0.0,0.0,0.0,0.0,0.25,0.25,0.0,0.0,0.25,0.25,0.25,0.25,0.25,0.25
4065,0.0,0.0,0.25,0.08,0.1,0.0,0.0,0.0,0.0,0.1,0.1,0.08,0.1,0.2,0.25,0.25,0.25,0.2,0.25
4075,0.0,0.0,0.25,0.1,0.1,0.0,0.0,0.0,0.0,0.0,0.0,0.25,0.25,0.25,0.25,0.25,0.25,0.25,0.25
4080,0.0,0.0,0.2,0.2,0.25,0.0,0.0,0.0,0.0,0.1,0.1,0.0,0.0,0.2,0.25,0.0,0.0,0.0,0.0
4087,0.0,0.0,0.25,0.25,0.25,0.0,0.0,0.0,0.0,0.12,0.1,0.0,0.0,0.25,0.25,0.0,0.0,0.0,0.0
4092,0.0,0.0,0.08,0.2,0.25,0.0,0.0,0.0,0.0,0.3,0.25,0.08,0.1,0.2,0.25,0.0,0.0,0.0,0.0
4099,0.0,0.0,0.25,0.25,0.25,0.0,0.0,0.0,0.0,0.1,0.1,0.0,0.0,0.25,0.25,0.0,0.0,0.1,0.1
4106,0.0,0.0,0.2,0.25,0.25,0.0,0.0,0.0,0.0,0.0,0.0,0.1,0.1,0.25,0.25,0.0,0.0,0.1,0.1
4113,0.0,0.0,0.1,0.2,0.25,0.0,0.0,0.0,0.0,0.25,0.25,0.2,0.25,0.2,0.25,0.0,0.0,0.08,0.1
4120,0.0,0.0,0.2,0.2,0.25,0.0,0.0,0.0,0.0,0.25,0.25,0.08,0.1,0.2,0.25,0.0,0.0,0.2,0.25
4127,0.0,0.0,0.25,0.25,0.25,0.0,0.0,0.0,0.0,0.3,0.25,0.1,0.1,0.25,0.25,0.0,0.0,0.25,0.25
4134,0.0,0.0,0.2,0.25,0.25,0.0,0.0,0.0,0.0,0.12,0.1,0.25,0.25,0.25,0.25,0.0,0.0,0.25,0.25
4142,0.0,0.0,0.2,0.25,0.25,0.0,0.0,0.12,0.1,0.0,0.0,0.0,0.0,0.25,0.25,0.0,0.0,0.25,0.25
4150,0.12,0.1,0.08,0.25,0.25,0.0,0.0,0.0,0.0,0.3,0.25,0.0,0.0,0.25,0.25,0.0,0.0,0.25,0.25
4160,0.0,0.0,0.2,0.2,0.25,0.1,0.1,0.0,0.0,0.25,0.25,0.0,0.0,0.2,0.25,0.0,0.0,0.08,0.1
4167,0.0,0.0,0.25,0.25,0.25,0.12,0.1,0.0,0.0,0.3,0.25,0.0,0.0,0.25,0.25,0.0,0.0,0.1,0.1
4174,0.0,0.0,0.2,0.25,0.25,0.12,0.1,0.0,0.0,0.0,0.0,0.1,0.1,0.25,0.25,0.0,0.0,0.1,0.1
4181,0.0,0.0,0.25,0.2,0.25,0.12,0.1,0.12,0.1,0.3,0.25,0.2,0.25,0.2,0.25,0.0,0.0,0.08,0.1
4195,0.0,0.0,0.25,0.25,0.25,0.1,0.1,0.0,0.0,0.1,0.1,0.1,0.1,0.25,0.25,0.0,0.0,0.25,0.25
4202,0.0,0.0,0.2,0.25,0.25,0.1,0.1,0.0,0.0,0.0,0.0,0.25,0.25,0.25,0.25,0.0,0.0,0.25,0.25
4209,0.0,0.0,0.1,0.2,0.25,0.1,0.1,0.1,0.1,0.0,0.0,0.2,0.25,0.2,0.25,0.0,0.0,0.2,0.25
4215,0.0,0.0,0.1,0.25,0.25,0.12,0.1,0.12,0.1,0.0,0.0,0.25,0.25,0.25,0.25,0.0,0.0,0.25,0.25
4222,0.0,0.0,0.08,0.25,0.25,0.0,0.0,0.0,0.0,0.12,0.1,0.1,0.1,0.25,0.25,0.12,0.1,0.0,0.0
4229,0.0,0.0,0.1,0.2,0.25,0.0,0.0,0.0,0.0,0.0,0.0,0.2,0.25,0.2,0.25,0.12,0.1,0.0,0.0
4237,0.0,0.0,0.25,0.2,0.25,0.0,0.0,0.0,0.0,0.0,0.0,0.0,0.0,0.2,0.25,0.12,0.1,0.08,0.1
4245,0.0,0.0,0.1,0.2,0.25,0.0,0.0,0.0,0.0,0.3,0.25,0.08,0.1,0.2,0.25,0.12,0.1,0.08,0.1
4252,0.0,0.0,0.08,0.2,0.25,0.0,0.0,0.0,0.0,0.0,0.0,0.2,0.25,0.2,0.25,0.12,0.1,0.08,0.1
4265,0.0,0.0,0.25,0.2,0.25,0.1,0.1,0.0,0.0,0.0,0.0,0.0,0.0,0.2,0.25,0.1,0.1,0.08,0.1
4273,0.0,0.0,0.25,0.2,0.25,0.1,0.1,0.0,0.0,0.0,0.0,0.0,0.0,0.2,0.25,0.1,0.1,0.2,0.25
4291,0.0,0.0,0.25,0.25,0.25,0.1,0.1,0.1,0.1,0.25,0.25,0.0,0.0,0.25,0.25,0.1,0.1,0.25,0.25
4298,0.0,0.0,0.2,0.25,0.25,0.1,0.1,0.1,0.1,0.1,0.1,0.1,0.1,0.25,0.25,0.1,0.1,0.25,0.25
4305,0.1,0.1,0.25,0.2,0.25,0.1,0.1,0.0,0.0,0.0,0.0,0.2,0.25,0.2,0.25,0.1,0.1,0.2,0.25
4312,0.0,0.0,0.2,0.2,0.25,0.0,0.0,0.0,0.0,0.0,0.0,0.2,0.25,0.2,0.25,0.25,0.25,0.0,0.0
4331,0.0,0.0,0.25,0.25,0.25,0.0,0.0,0.0,0.0,0.1,0.1,0.25,0.25,0.25,0.25,0.25,0.25,0.1,0.1
4337,0.0,0.0,0.1,0.2,0.25,0.0,0.0,0.0,0.0,0.1,0.1,0.08,0.1,0.2,0.25,0.25,0.25,0.2,0.25
4344,0.0,0.0,0.08,0.2,0.25,0.0,0.0,0.0,0.0,0.1,0.1,0.2,0.25,0.2,0.25,0.25,0.25,0.2,0.25
4351,0.0,0.0,0.1,0.25,0.25,0.0,0.0,0.0,0.0,0.12,0.1,0.25,0.25,0.25,0.25,0.3,0.25,0.25,0.25
4362,0.0,0.0,0.2,0.25,0.25,0.0,0.0,0.0,0.0,0.1,0.1,0.25,0.25,0.0,0.0,0.0,0.0,0.25,0.25
4368,0.0,0.0,0.2,0.0,0.0,0.0,0.0,0.0,0.0,0.1,0.1,0.2,0.25,0.08,0.1,0.0,0.0,0.2,0.25
4374,0.0,0.0,0.2,0.0,0.0,0.0,0.0,0.0,0.0,0.12,0.1,0.25,0.25,0.1,0.1,0.0,0.0,0.25,0.25
4381,0.0,0.0,0.25,0.08,0.1,0.0,0.0,0.0,0.0,0.12,0.1,0.08,0.1,0.08,0.1,0.0,0.0,0.08,0.1
4388,0.0,0.0,0.2,0.08,0.1,0.0,0.0,0.0,0.0,0.0,0.0,0.2,0.25,0.08,0.1,0.0,0.0,0.08,0.1
4395,0.0,0.0,0.25,0.1,0.1,0.1,0.1,0.0,0.0,0.1,0.1,0.25,0.25,0.1,0.1,0.1,0.1,0.25,0.25
4405,0.0,0.0,0.25,0.2,0.25,0.0,0.0,0.0,0.0,0.0,0.0,0.08,0.1,0.08,0.1,0.0,0.0,0.08,0.1
4412,0.0,0.0,0.08,0.2,0.25,0.0,0.0,0.0,0.0,0.12,0.1,0.08,0.1,0.08,0.1,0.0,0.0,0.2,0.25
4420,0.0,0.0,0.2,0.2,0.25,0.12,0.1,0.0,0.0,0.0,0.0,0.2,0.25,0.08,0.1,0.0,0.0,0.0,0.0
4427,0.0,0.0,0.25,0.25,0.25,0.1,0.1,0.1,0.1,0.0,0.0,0.0,0.0,0.1,0.1,0.0,0.0,0.25,0.25
4434,0.0,0.0,0.08,0.25,0.25,0.0,0.0,0.0,0.0,0.1,0.1,0.25,0.25,0.1,0.1,0.1,0.1,0.25,0.25
4441,0.0,0.0,0.25,0.0,0.0,0.0,0.0,0.0,0.0,0.0,0.0,0.0,0.0,0.2,0.25,0.0,0.0,0.08,0.1
4447,0.0,0.0,0.25,0.0,0.0,0.0,0.0,0.0,0.0,0.0,0.0,0.0,0.0,0.25,0.25,0.0,0.0,0.1,0.1
4456,0.0,0.0,0.0,0.0,0.0,0.0,0.0,0.0,0.0,0.25,0.25,0.2,0.25,0.2,0.25,0.0,0.0,0.2,0.25
4464,0.0,0.0,0.2,0.0,0.0,0.1,0.1,0.0,0.0,0.0,0.0,0.08,0.1,0.2,0.25,0.0,0.0,0.2,0.25
4471,0.0,0.0,0.25,0.0,0.0,0.12,0.1,0.0,0.0,0.0,0.0,0.1,0.1,0.25,0.25,0.0,0.0,0.25,0.25
4478,0.0,0.0,0.08,0.0,0.0,0.12,0.1,0.0,0.0,0.0,0.0,0.25,0.25,0.25,0.25,0.0,0.0,0.25,0.25
4486,0.0,0.0,0.08,0.0,0.0,0.0,0.0,0.0,0.0,0.0,0.0,0.25,0.25,0.25,0.25,0.12,0.1,0.0,0.0
4493,0.0,0.0,0.25,0.0,0.0,0.0,0.0,0.0,0.0,0.3,0.25,0.0,0.0,0.2,0.25,0.12,0.1,0.08,0.1
4500,0.0,0.0,0.2,0.0,0.0,0.0,0.0,0.0,0.0,0.12,0.1,0.08,0.1,0.2,0.25,0.12,0.1,0.08,0.1
4506,0.0,0.0,0.2,0.0,0.0,0.0,0.0,0.0,0.0,0.0,0.0,0.25,0.25,0.25,0.25,0.1,0.1,0.1,0.1
4513,0.0,0.0,0.25,0.0,0.0,0.0,0.0,0.0,0.0,0.25,0.25,0.0,0.0,0.2,0.25,0.1,0.1,0.2,0.25
4520,0.0,0.0,0.2,0.0,0.0,0.0,0.0,0.0,0.0,0.1,0.1,0.08,0.1,0.2,0.25,0.1,0.1,0.2,0.25
4525,0.0,0.0,0.25,0.0,0.0,0.0,0.0,0.0,0.0,0.12,0.1,0.08,0.1,0.2,0.25,0.12,0.1,0.2,0.25
4533,0.0,0.0,0.25,0.0,0.0,0.0,0.0,0.0,0.0,0.0,0.0,0.2,0.25,0.2,0.25,0.12,0.1,0.2,0.25
4542,0.0,0.0,0.08,0.0,0.0,0.12,0.1,0.0,0.0,0.3,0.25,0.0,0.0,0.25,0.25,0.12,0.1,0.25,0.25
4549,0.0,0.0,0.1,0.0,0.0,0.12,0.1,0.0,0.0,0.0,0.0,0.08,0.1,0.2,0.25,0.12,0.1,0.2,0.25
4560,0.0,0.0,0.2,0.0,0.0,0.1,0.1,0.0,0.0,0.25,0.25,0.2,0.25,0.2,0.25,0.1,0.1,0.2,0.25
4567,0.0,0.0,0.25,0.0,0.0,0.12,0.1,0.0,0.0,0.3,0.25,0.25,0.25,0.25,0.25,0.12,0.1,0.25,0.25
4576,0.0,0.0,0.08,0.0,0.0,0.0,0.0,0.0,0.0,0.25,0.25,0.08,0.1,0.2,0.25,0.25,0.25,0.08,0.1
4584,0.0,0.0,0.08,0.0,0.0,0.0,0.0,0.0,0.0,0.1,0.1,0.2,0.25,0.2,0.25,0.25,0.25,0.08,0.1
4591,0.0,0.0,0.1,0.0,0.0,0.0,0.0,0.0,0.0,0.12,0.1,0.25,0.25,0.25,0.25,0.3,0.25,0.1,0.1
4600,0.0,0.0,0.2,0.0,0.0,0.0,0.0,0.0,0.0,0.1,0.1,0.2,0.25,0.2,0.25,0.25,0.25,0.2,0.25
4609,0.0,0.0,0.25,0.08,0.1,0.0,0.0,0.0,0.0,0.1,0.1,0.0,0.0,0.2,0.25,0.0,0.0,0.08,0.1
4613,0.0,0.0,0.25,0.08,0.1,0.0,0.0,0.0,0.0,0.12,0.1,0.0,0.0,0.2,0.25,0.0,0.0,0.08,0.1
4622,0.0,0.0,0.2,0.1,0.1,0.0,0.0,0.0,0.0,0.0,0.0,0.1,0.1,0.25,0.25,0.0,0.0,0.1,0.1
4631,0.0,0.0,0.25,0.1,0.1,0.0,0.0,0.12,0.1,0.3,0.25,0.1,0.1,0.25,0.25,0.0,0.0,0.1,0.1
4638,0.0,0.0,0.2,0.1,0.1,0.0,0.0,0.12,0.1,0.3,0.25,0.0,0.0,0.25,0.25,0.0,0.0,0.25,0.25
4645,0.0,0.0,0.25,0.08,0.1,0.0,0.0,0.12,0.1,0.12,0.1,0.08,0.1,0.2,0.25,0.0,0.0,0.2,0.25
4651,0.0,0.0,0.25,0.1,0.1,0.1,0.1,0.0,0.0,0.0,0.0,0.25,0.25,0.25,0.25,0.0,0.0,0.0,0.0
4657,0.0,0.0,0.1,0.08,0.1,0.1,0.1,0.0,0.0,0.0,0.0,0.08,0.1,0.2,0.25,0.0,0.0,0.08,0.1
4674,0.0,0.0,0.2,0.1,0.1,0.1,0.1,0.0,0.0,0.25,0.25,0.25,0.25,0.25,0.25,0.0,0.0,0.1,0.1
4680,0.0,0.0,0.2,0.08,0.1,0.1,0.1,0.0,0.0,0.1,0.1,0.2,0.25,0.2,0.25,0.0,0.0,0.2,0.25
4686,0.0,0.0,0.2,0.1,0.1,0.12,0.1,0.0,0.0,0.12,0.1,0.25,0.25,0.25,0.25,0.0,0.0,0.25,0.25
4693,0.0,0.0,0.25,0.08,0.1,0.12,0.1,0.12,0.1,0.0,0.0,0.0,0.0,0.2,0.25,0.0,0.0,0.2,0.25
4701,0.0,0.0,0.25,0.08,0.1,0.0,0.0,0.0,0.0,0.0,0.0,0.0,0.0,0.2,0.25,0.12,0.1,0.08,0.1
4709,0.0,0.0,0.1,0.08,0.1,0.0,0.0,0.0,0.0,0.3,0.25,0.08,0.1,0.2,0.25,0.12,0.1,0.08,0.1
4715,0.0,0.0,0.1,0.1,0.1,0.0,0.0,0.0,0.0,0.1,0.1,0.25,0.25,0.25,0.25,0.1,0.1,0.1,0.1
4722,0.0,0.0,0.2,0.1,0.1,0.0,0.0,0.0,0.0,0.25,0.25,0.25,0.25,0.25,0.25,0.1,0.1,0.25,0.25
4729,0.0,0.0,0.25,0.08,0.1,0.1,0.1,0.0,0.0,0.1,0.1,0.0,0.0,0.2,0.25,0.1,0.1,0.08,0.1
4736,0.0,0.0,0.2,0.08,0.1,0.1,0.1,0.0,0.0,0.0,0.0,0.08,0.1,0.2,0.25,0.1,0.1,0.08,0.1
4743,0.0,0.0,0.25,0.1,0.1,0.12,0.1,0.0,0.0,0.0,0.0,0.1,0.1,0.25,0.25,0.12,0.1,0.1,0.1
4750,0.0,0.0,0.2,0.1,0.1,0.12,0.1,0.0,0.0,0.0,0.0,0.0,0.0,0.25,0.25,0.12,0.1,0.25,0.25
4757,0.0,0.0,0.1,0.08,0.1,0.12,0.1,0.0,0.0,0.3,0.25,0.08,0.1,0.2,0.25,0.12,0.1,0.2,0.25
4764,0.0,0.0,0.2,0.08,0.1,0.12,0.1,0.12,0.1,0.12,0.1,0.2,0.25,0.2,0.25,0.12,0.1,0.2,0.25
4778,0.0,0.0,0.2,0.1,0.1,0.0,0.0,0.0,0.0,0.1,0.1,0.0,0.0,0.25,0.25,0.25,0.25,0.1,0.1
4784,0.0,0.0,0.2,0.08,0.1,0.0,0.0,0.0,0.0,0.0,0.0,0.08,0.1,0.2,0.25,0.25,0.25,0.08,0.1
4796,0.0,0.0,0.08,0.08,0.1,0.0,0.0,0.0,0.0,0.3,0.25,0.2,0.25,0.2,0.25,0.3,0.25,0.08,0.1
4803,0.0,0.0,0.1,0.1,0.1,0.0,0.0,0.0,0.0,0.1,0.1,0.1,0.1,0.25,0.25,0.25,0.25,0.25,0.25
4809,0.0,0.0,0.1,0.08,0.1,0.0,0.0,0.0,0.0,0.0,0.0,0.2,0.25,0.2,0.25,0.25,0.25,0.2,0.25
4818,0.0,0.0,0.2,0.25,0.25,0.0,0.0,0.0,0.0,0.1,0.1,0.25,0.25,0.25,0.25,0.0,0.0,0.0,0.0
4825,0.0,0.0,0.25,0.2,0.25,0.0,0.0,0.0,0.0,0.25,0.25,0.08,0.1,0.2,0.25,0.0,0.0,0.08,0.1
4832,0.0,0.0,0.2,0.2,0.25,0.0,0.0,0.0,0.0,0.1,0.1,0.2,0.25,0.2,0.25,0.0,0.0,0.08,0.1
4840,0.0,0.0,0.2,0.2,0.25,0.0,0.0,0.1,0.1,0.0,0.0,0.0,0.0,0.2,0.25,0.0,0.0,0.08,0.1
4845,0.0,0.0,0.25,0.2,0.25,0.0,0.0,0.12,0.1,0.0,0.0,0.0,0.0,0.2,0.25,0.0,0.0,0.08,0.1
4854,0.0,0.0,0.2,0.25,0.25,0.0,0.0,0.0,0.0,0.0,0.0,0.0,0.0,0.25,0.25,0.0,0.0,0.25,0.25
4861,0.0,0.0,0.1,0.2,0.25,0.12,0.1,0.0,0.0,0.0,0.0,0.0,0.0,0.2,0.25,0.0,0.0,0.08,0.1
4872,0.0,0.0,0.2,0.2,0.25,0.1,0.1,0.0,0.0,0.25,0.25,0.08,0.1,0.2,0.25,0.0,0.0,0.08,0.1
4879,0.0,0.0,0.25,0.25,0.25,0.12,0.1,0.0,0.0,0.3,0.25,0.1,0.1,0.25,0.25,0.0,0.0,0.1,0.1
4887,0.0,0.0,0.25,0.25,0.25,0.12,0.1,0.0,0.0,0.12,0.1,0.25,0.25,0.25,0.25,0.0,0.0,0.1,0.1
4894,0.0,0.0,0.08,0.25,0.25,0.12,0.1,0.0,0.0,0.12,0.1,0.0,0.0,0.25,0.25,0.0,0.0,0.25,0.25
4900,0.0,0.0,0.0,0.2,0.25,0.12,0.1,0.0,0.0,0.3,0.25,0.08,0.1,0.2,0.25,0.0,0.0,0.2,0.25
4906,0.0,0.0,0.08,0.25,0.25,0.1,0.1,0.0,0.0,0.0,0.0,0.25,0.25,0.25,0.25,0.0,0.0,0.25,0.25
4913,0.0,0.0,0.25,0.2,0.25,0.1,0.1,0.0,0.0,0.25,0.25,0.2,0.25,0.2,0.25,0.0,0.0,0.2,0.25
4920,0.0,0.0,0.2,0.2,0.25,0.1,0.1,0.1,0.1,0.1,0.1,0.2,0.25,0.2,0.25,0.0,0.0,0.2,0.25
4927,0.0,0.0,0.25,0.25,0.25,0.12,0.1,0.12,0.1,0.12,0.1,0.25,0.25,0.25,0.25,0.0,0.0,0.25,0.25
4933,0.0,0.0,0.0,0.2,0.25,0.0,0.0,0.0,0.0,0.12,0.1,0.2,0.25,0.2,0.25,0.12,0.1,0.0,0.0
4940,0.0,0.0,0.2,0.2,0.25,0.0,0.0,0.0,0.0,0.12,0.1,0.0,0.0,0.2,0.25,0.12,0.1,0.08,0.1
4948,0.0,0.0,0.2,0.2,0.25,0.0,0.0,0.0,0.0,0.0,0.0,0.08,0.1,0.2,0.25,0.12,0.1,0.08,0.1
4956,0.0,0.0,0.08,0.2,0.25,0.0,0.0,0.0,0.0,0.3,0.25,0.2,0.25,0.2,0.25,0.12,0.1,0.08,0.1
4963,0.0,0.0,0.25,0.25,0.25,0.0,0.0,0.0,0.0,0.0,0.0,0.0,0.0,0.25,0.25,0.1,0.1,0.25,0.25
4971,0.0,0.0,0.25,0.25,0.25,0.0,0.0,0.0,0.0,0.0,0.0,0.1,0.1,0.25,0.25,0.1,0.1,0.25,0.25
4978,0.0,0.0,0.2,0.25,0.25,0.0,0.0,0.1,0.1,0.25,0.25,0.25,0.25,0.25,0.25,0.1,0.1,0.25,0.25
4986,0.0,0.0,0.0,0.25,0.25,0.1,0.1,0.0,0.0,0.0,0.0,0.0,0.0,0.25,0.25,0.1,0.1,0.25,0.25
5000,0.0,0.0,0.2,0.2,0.25,0.1,0.1,0.0,0.0,0.1,0.1,0.08,0.1,0.2,0.25,0.1,0.1,0.2,0.25
5007,0.0,0.0,0.25,0.25,0.25,0.12,0.1,0.0,0.0,0.12,0.1,0.1,0.1,0.25,0.25,0.12,0.1,0.25,0.25
5013,0.0,0.0,0.25,0.2,0.25,0.12,0.1,0.0,0.0,0.0,0.0,0.2,0.25,0.2,0.25,0.12,0.1,0.2,0.25
5020,0.0,0.0,0.2,0.2,0.25,0.0,0.0,0.0,0.0,0.3,0.25,0.08,0.1,0.2,0.25,0.3,0.25,0.08,0.1
5024,0.0,0.0,0.2,0.2,0.25,0.0,0.0,0.0,0.0,0.25,0.25,0.2,0.25,0.2,0.25,0.25,0.25,0.08,0.1
5033,0.0,0.0,0.25,0.2,0.25,0.0,0.0,0.0,0.0,0.25,0.25,0.08,0.1,0.2,0.25,0.25,0.25,0.2,0.25
5040,0.0,0.0,0.2,0.2,0.25,0.0,0.0,0.0,0.0,0.1,0.1,0.2,0.25,0.2,0.25,0.25,0.25,0.2,0.25
5047,0.0,0.0,0.25,0.25,0.25,0.0,0.0,0.0,0.0,0.12,0.1,0.25,0.25,0.25,0.25,0.3,0.25,0.25,0.25
