6,0.0,0.0,0.08,0.0,0.0,0.0,0.0,0.0,0.0,0.0,0.0,0.0,0.0,0.1,0.1,0.0,0.0,0.25,0.25
13,0.0,0.0,0.25,0.08,0.1,0.0,0.0,0.0,0.0,0.12,0.1,0.2,0.25,0.08,0.1,0.0,0.0,0.08,0.1
20,0.0,0.0,0.08,0.08,0.1,0.0,0.0,0.0,0.0,0.3,0.25,0.0,0.0,0.08,0.1,0.0,0.0,0.2,0.25
27,0.0,0.0,0.25,0.25,0.25,0.0,0.0,0.0,0.0,0.1,0.1,0.0,0.0,0.1,0.1,0.0,0.0,0.0,0.0
37,0.0,0.0,0.25,0.2,0.25,0.0,0.0,0.0,0.0,0.3,0.25,0.08,0.1,0.08,0.1,0.0,0.0,0.08,0.1
45,0.0,0.0,0.25,0.2,0.25,0.0,0.0,0.0,0.0,0.12,0.1,0.2,0.25,0.08,0.1,0.0,0.0,0.08,0.1
52,0.0,0.0,0.08,0.2,0.25,0.12,0.1,0.0,0.0,0.12,0.1,0.08,0.1,0.08,0.1,0.0,0.0,0.2,0.25
59,0.0,0.0,0.1,0.25,0.25,0.0,0.0,0.0,0.0,0.0,0.0,0.25,0.25,0.1,0.1,0.1,0.1,0.25,0.25
67,0.0,0.0,0.25,0.25,0.25,0.0,0.0,0.0,0.0,0.0,0.0,0.25,0.25,0.1,0.1,0.25,0.25,0.25,0.25
73,0.0,0.0,0.25,0.0,0.0,0.0,0.0,0.0,0.0,0.0,0.0,0.0,0.0,0.2,0.25,0.0,0.0,0.0,0.0
80,0.0,0.0,0.2,0.0,0.0,0.0,0.0,0.0,0.0,0.0,0.0,0.08,0.1,0.2,0.25,0.0,0.0,0.0,0.0
87,0.0,0.0,0.25,0.0,0.0,0.0,0.0,0.0,0.0,0.0,0.0,0.1,0.1,0.25,0.25,0.0,0.0,0.0,0.0
95,0.0,0.0,0.1,0.0,0.0,0.0,0.0,0.0,0.0,0.3,0.25,0.0,0.0,0.25,0.25,0.0,0.0,0.1,0.1
102,0.0,0.0,0.2,0.0,0.0,0.0,0.0,0.12,0.1,0.0,0.0,0.25,0.25,0.25,0.25,0.0,0.0,0.1,0.1
108,0.0,0.0,0.2,0.0,0.0,0.0,0.0,0.0,0.0,0.0,0.0,0.0,0.0,0.2,0.25,0.0,0.0,0.2,0.25
115,0.0,0.0,0.1,0.0,0.0,0.0,0.0,0.0,0.0,0.25,0.25,0.1,0.1,0.25,0.25,0.0,0.0,0.25,0.25
122,0.0,0.0,0.08,0.0,0.0,0.1,0.1,0.0,0.0,0.0,0.0,0.25,0.25,0.25,0.25,0.0,0.0,0.1,0.1
129,0.0,0.0,0.1,0.0,0.0,0.0,0.0,0.0,0.0,0.1,0.1,0.2,0.25,0.2,0.25,0.1,0.1,0.0,0.0
137,0.0,0.0,0.25,0.0,0.0,0.0,0.0,0.0,0.0,0.1,0.1,0.0,0.0,0.2,0.25,0.1,0.1,0.2,0.25
144,0.0,0.0,0.2,0.0,0.0,0.0,0.0,0.0,0.0,0.0,0.0,0.08,0.1,0.2,0.25,0.1,0.1,0.2,0.25
151,0.0,0.0,0.25,0.0,0.0,0.0,0.0,0.0,0.0,0.0,0.0,0.1,0.1,0.25,0.25,0.12,0.1,0.25,0.25
159,0.0,0.0,0.25,0.0,0.0,0.12,0.1,0.0,0.0,0.3,0.25,0.0,0.0,0.25,0.25,0.12,0.1,0.1,0.1
166,0.0,0.0,0.2,0.0,0.0,0.12,0.1,0.0,0.0,0.12,0.1,0.1,0.1,0.25,0.25,0.12,0.1,0.1,0.1
172,0.0,0.0,0.2,0.0,0.0,0.12,0.1,0.0,0.0,0.0,0.0,0.2,0.25,0.2,0.25,0.12,0.1,0.08,0.1
179,0.0,0.0,0.25,0.0,0.0,0.1,0.1,0.0,0.0,0.0,0.0,0.0,0.0,0.25,0.25,0.1,0.1,0.25,0.25
186,0.0,0.0,0.08,0.0,0.0,0.1,0.1,0.0,0.0,0.1,0.1,0.1,0.1,0.25,0.25,0.1,0.1,0.25,0.25
200,0.0,0.0,0.0,0.0,0.0,0.0,0.0,0.0,0.0,0.1,0.1,0.2,0.25,0.2,0.25,0.25,0.25,0.08,0.1
214,0.0,0.0,0.08,0.0,0.0,0.0,0.0,0.0,0.0,0.0,0.0,0.25,0.25,0.25,0.25,0.3,0.25,0.25,0.25
222,0.0,0.0,0.2,0.1,0.1,0.0,0.0,0.0,0.0,0.12,0.1,0.0,0.0,0.25,0.25,0.0,0.0,0.0,0.0
229,0.0,0.0,0.25,0.08,0.1,0.0,0.0,0.0,0.0,0.0,0.0,0.08,0.1,0.2,0.25,0.0,0.0,0.0,0.0
236,0.0,0.0,0.2,0.08,0.1,0.0,0.0,0.0,0.0,0.3,0.25,0.08,0.1,0.2,0.25,0.0,0.0,0.08,0.1
243,0.0,0.0,0.25,0.1,0.1,0.0,0.0,0.0,0.0,0.1,0.1,0.25,0.25,0.25,0.25,0.0,0.0,0.1,0.1
250,0.0,0.0,0.2,0.1,0.1,0.0,0.0,0.1,0.1,0.0,0.0,0.0,0.0,0.25,0.25,0.0,0.0,0.1,0.1
257,0.0,0.0,0.25,0.08,0.1,0.0,0.0,0.0,0.0,0.25,0.25,0.08,0.1,0.2,0.25,0.0,0.0,0.2,0.25
264,0.0,0.0,0.2,0.08,0.1,0.0,0.0,0.0,0.0,0.1,0.1,0.2,0.25,0.2,0.25,0.0,0.0,0.2,0.25
270,0.0,0.0,0.2,0.1,0.1,0.0,0.0,0.0,0.0,0.12,0.1,0.25,0.25,0.25,0.25,0.0,0.0,0.25,0.25
275,0.0,0.0,0.25,0.1,0.1,0.0,0.0,0.1,0.1,0.0,0.0,0.0,0.0,0.25,0.25,0.0,0.0,0.25,0.25
282,0.0,0.0,0.08,0.1,0.1,0.1,0.1,0.0,0.0,0.0,0.0,0.0,0.0,0.25,0.25,0.0,0.0,0.1,0.1
289,0.0,0.0,0.25,0.08,0.1,0.1,0.1,0.0,0.0,0.1,0.1,0.2,0.25,0.2,0.25,0.0,0.0,0.08,0.1
296,0.0,0.0,0.08,0.08,0.1,0.1,0.1,0.0,0.0,0.25,0.25,0.0,0.0,0.2,0.25,0.0,0.0,0.2,0.25
302,0.0,0.0,0.08,0.1,0.1,0.12,0.1,0.0,0.0,0.3,0.25,0.0,0.0,0.25,0.25,0.0,0.0,0.25,0.25
309,0.0,0.0,0.1,0.08,0.1,0.12,0.1,0.0,0.0,0.3,0.25,0.08,0.1,0.2,0.25,0.0,0.0,0.2,0.25
316,0.0,0.0,0.2,0.08,0.1,0.0,0.0,0.0,0.0,0.0,0.0,0.2,0.25,0.2,0.25,0.12,0.1,0.0,0.0
324,0.0,0.0,0.2,0.08,0.1,0.0,0.0,0.0,0.0,0.3,0.25,0.2,0.25,0.2,0.25,0.12,0.1,0.08,0.1
330,0.0,0.0,0.2,0.1,0.1,0.0,0.0,0.0,0.0,0.0,0.0,0.0,0.0,0.25,0.25,0.1,0.1,0.25,0.25
338,0.0,0.0,0.08,0.1,0.1,0.0,0.0,0.0,0.0,0.1,0.1,0.25,0.25,0.25,0.25,0.1,0.1,0.25,0.25
343,0.0,0.0,0.1,0.1,0.1,0.0,0.0,0.0,0.0,0.12,0.1,0.25,0.25,0.25,0.25,0.12,0.1,0.25,0.25
348,0.0,0.0,0.08,0.08,0.1,0.12,0.1,0.0,0.0,0.3,0.25,0.0,0.0,0.2,0.25,0.12,0.1,0.2,0.25
355,0.0,0.0,0.25,0.1,0.1,0.0,0.0,0.0,0.0,0.1,0.1,0.1,0.1,0.25,0.25,0.25,0.25,0.1,0.1
361,0.0,0.0,0.25,0.08,0.1,0.0,0.0,0.0,0.0,0.0,0.0,0.2,0.25,0.2,0.25,0.25,0.25,0.08,0.1
368,0.0,0.0,0.2,0.08,0.1,0.0,0.0,0.0,0.0,0.1,0.1,0.0,0.0,0.2,0.25,0.25,0.25,0.2,0.25
374,0.0,0.0,0.2,0.1,0.1,0.0,0.0,0.0,0.0,0.12,0.1,0.0,0.0,0.25,0.25,0.3,0.25,0.25,0.25
381,0.0,0.0,0.25,0.08,0.1,0.0,0.0,0.0,0.0,0.0,0.0,0.08,0.1,0.2,0.25,0.3,0.25,0.2,0.25
395,0.0,0.0,0.25,0.25,0.25,0.0,0.0,0.0,0.0,0.25,0.25,0.25,0.25,0.25,0.25,0.0,0.0,0.0,0.0
402,0.1,0.1,0.2,0.25,0.25,0.0,0.0,0.0,0.0,0.0,0.0,0.25,0.25,0.25,0.25,0.0,0.0,0.0,0.0
409,0.0,0.0,0.25,0.2,0.25,0.0,0.0,0.0,0.0,0.25,0.25,0.2,0.25,0.2,0.25,0.0,0.0,0.08,0.1
415,0.0,0.0,0.25,0.25,0.25,0.0,0.0,0.0,0.0,0.3,0.25,0.25,0.25,0.25,0.25,0.0,0.0,0.1,0.1
421,0.0,0.0,0.25,0.2,0.25,0.0,0.0,0.12,0.1,0.12,0.1,0.0,0.0,0.2,0.25,0.0,0.0,0.08,0.1
427,0.0,0.0,0.25,0.25,0.25,0.0,0.0,0.1,0.1,0.25,0.25,0.0,0.0,0.25,0.25,0.0,0.0,0.25,0.25
434,0.0,0.0,0.2,0.25,0.25,0.1,0.1,0.0,0.0,0.1,0.1,0.0,0.0,0.25,0.25,0.0,0.0,0.0,0.0
441,0.0,0.0,0.25,0.2,0.25,0.1,0.1,0.0,0.0,0.0,0.0,0.08,0.1,0.2,0.25,0.0,0.0,0.0,0.0
448,0.0,0.0,0.0,0.2,0.25,0.1,0.1,0.0,0.0,0.1,0.1,0.08,0.1,0.2,0.25,0.0,0.0,0.08,0.1
457,0.0,0.0,0.1,0.2,0.25,0.1,0.1,0.0,0.0,0.25,0.25,0.0,0.0,0.2,0.25,0.0,0.0,0.2,0.25
463,0.0,0.0,0.1,0.25,0.25,0.12,0.1,0.0,0.0,0.3,0.25,0.0,0.0,0.25,0.25,0.0,0.0,0.25,0.25
469,0.0,0.0,0.1,0.2,0.25,0.12,0.1,0.0,0.0,0.12,0.1,0.08,0.1,0.2,0.25,0.0,0.0,0.2,0.25
480,0.0,0.0,0.08,0.2,0.25,0.1,0.1,0.1,0.1,0.25,0.25,0.2,0.25,0.2,0.25,0.0,0.0,0.2,0.25
484,0.0,0.0,0.08,0.2,0.25,0.12,0.1,0.12,0.1,0.3,0.25,0.2,0.25,0.2,0.25,0.0,0.0,0.2,0.25
492,0.12,0.1,0.08,0.2,0.25,0.12,0.1,0.0,0.0,0.3,0.25,0.2,0.25,0.2,0.25,0.0,0.0,0.2,0.25
501,0.0,0.0,0.0,0.2,0.25,0.0,0.0,0.0,0.0,0.0,0.0,0.2,0.25,0.2,0.25,0.12,0.1,0.0,0.0
508,0.0,0.0,0.2,0.2,0.25,0.0,0.0,0.0,0.0,0.3,0.25,0.0,0.0,0.2,0.25,0.12,0.1,0.2,0.25
515,0.0,0.0,0.25,0.25,0.25,0.0,0.0,0.0,0.0,0.1,0.1,0.1,0.1,0.25,0.25,0.1,0.1,0.25,0.25
523,0.0,0.0,0.25,0.25,0.25,0.0,0.0,0.0,0.0,0.0,0.0,0.25,0.25,0.25,0.25,0.1,0.1,0.25,0.25
531,0.0,0.0,0.25,0.25,0.25,0.1,0.1,0.0,0.0,0.1,0.1,0.0,0.0,0.25,0.25,0.1,0.1,0.25,0.25
537,0.0,0.0,0.25,0.2,0.25,0.1,0.1,0.0,0.0,0.1,0.1,0.2,0.25,0.2,0.25,0.1,0.1,0.2,0.25
544,0.0,0.0,0.2,0.2,0.25,0.1,0.1,0.1,0.1,0.0,0.0,0.0,0.0,0.2,0.25,0.1,0.1,0.2,0.25
551,0.0,0.0,0.25,0.25,0.25,0.12,0.1,0.12,0.1,0.0,0.0,0.0,0.0,0.25,0.25,0.12,0.1,0.25,0.25
568,0.0,0.0,0.2,0.2,0.25,0.0,0.0,0.0,0.0,0.25,0.25,0.0,0.0,0.2,0.25,0.25,0.25,0.08,0.1
574,0.0,0.0,0.2,0.25,0.25,0.0,0.0,0.0,0.0,0.3,0.25,0.0,0.0,0.25,0.25,0.3,0.25,0.1,0.1
581,0.0,0.0,0.25,0.2,0.25,0.0,0.0,0.0,0.0,0.12,0.1,0.08,0.1,0.2,0.25,0.3,0.25,0.08,0.1
588,0.0,0.0,0.08,0.2,0.25,0.0,0.0,0.0,0.0,0.3,0.25,0.2,0.25,0.2,0.25,0.3,0.25,0.08,0.1
602,0.0,0.0,0.2,0.25,0.25,0.0,0.0,0.0,0.0,0.25,0.25,0.25,0.25,0.25,0.25,0.25,0.25,0.25,0.25
606,0.0,0.0,0.2,0.25,0.25,0.0,0.0,0.0,0.0,0.3,0.25,0.25,0.25,0.25,0.25,0.3,0.25,0.25,0.25
616,0.0,0.0,0.2,0.2,0.25,0.0,0.0,0.0,0.0,0.0,0.0,0.2,0.25,0.0,0.0,0.0,0.0,0.2,0.25
623,0.0,0.0,0.25,0.25,0.25,0.0,0.0,0.0,0.0,0.0,0.0,0.25,0.25,0.0,0.0,0.0,0.0,0.25,0.25
629,0.0,0.0,0.25,0.0,0.0,0.0,0.0,0.0,0.0,0.0,0.0,0.2,0.25,0.08,0.1,0.0,0.0,0.0,0.0
637,0.0,0.0,0.25,0.0,0.0,0.0,0.0,0.0,0.0,0.3,0.25,0.2,0.25,0.08,0.1,0.0,0.0,0.2,0.25
645,0.0,0.0,0.25,0.08,0.1,0.0,0.0,0.0,0.0,0.0,0.0,0.08,0.1,0.08,0.1,0.0,0.0,0.08,0.1
650,0.0,0.0,0.2,0.1,0.1,0.0,0.0,0.0,0.0,0.1,0.1,0.0,0.0,0.1,0.1,0.0,0.0,0.25,0.25
657,0.0,0.0,0.25,0.08,0.1,0.1,0.1,0.1,0.1,0.0,0.0,0.08,0.1,0.08,0.1,0.0,0.0,0.2,0.25
664,0.0,0.0,0.2,0.2,0.25,0.0,0.0,0.0,0.0,0.25,0.25,0.0,0.0,0.08,0.1,0.0,0.0,0.0,0.0
670,0.0,0.0,0.2,0.25,0.25,0.0,0.0,0.0,0.0,0.3,0.25,0.0,0.0,0.1,0.1,0.0,0.0,0.0,0.0
677,0.0,0.0,0.25,0.2,0.25,0.0,0.0,0.0,0.0,0.3,0.25,0.2,0.25,0.08,0.1,0.0,0.0,0.2,0.25
685,0.0,0.0,0.25,0.2,0.25,0.0,0.0,0.12,0.1,0.12,0.1,0.0,0.0,0.08,0.1,0.0,0.0,0.2,0.25
692,0.0,0.0,0.2,0.2,0.25,0.12,0.1,0.0,0.0,0.0,0.0,0.0,0.0,0.08,0.1,0.0,0.0,0.2,0.25
699,0.0,0.0,0.1,0.25,0.25,0.1,0.1,0.0,0.0,0.1,0.1,0.25,0.25,0.1,0.1,0.0,0.0,0.25,0.25
706,0.0,0.0,0.2,0.25,0.25,0.0,0.0,0.0,0.0,0.0,0.0,0.25,0.25,0.1,0.1,0.1,0.1,0.25,0.25
714,0.0,0.0,0.2,0.25,0.25,0.1,0.1,0.0,0.0,0.0,0.0,0.0,0.0,0.1,0.1,0.1,0.1,0.1,0.1
721,0.0,0.0,0.25,0.0,0.0,0.0,0.0,0.0,0.0,0.25,0.25,0.0,0.0,0.2,0.25,0.0,0.0,0.0,0.0
728,0.0,0.0,0.2,0.0,0.0,0.0,0.0,0.0,0.0,0.1,0.1,0.08,0.1,0.2,0.25,0.0,0.0,0.0,0.0
735,0.0,0.0,0.25,0.0,0.0,0.0,0.0,0.0,0.0,0.12,0.1,0.1,0.1,0.25,0.25,0.0,0.0,0.0,0.0
742,0.0,0.0,0.2,0.0,0.0,0.0,0.0,0.0,0.0,0.0,0.0,0.25,0.25,0.25,0.25,0.0,0.0,0.0,0.0
749,0.0,0.0,0.25,0.0,0.0,0.0,0.0,0.0,0.0,0.12,0.1,0.0,0.0,0.2,0.25,0.0,0.0,0.08,0.1
756,0.0,0.0,0.2,0.0,0.0,0.0,0.0,0.0,0.0,0.0,0.0,0.08,0.1,0.2,0.25,0.0,0.0,0.08,0.1
762,0.0,0.0,0.2,0.0,0.0,0.0,0.0,0.1,0.1,0.25,0.25,0.25,0.25,0.25,0.25,0.0,0.0,0.1,0.1
769,0.0,0.0,0.0,0.0,0.0,0.0,0.0,0.0,0.0,0.1,0.1,0.0,0.0,0.2,0.25,0.0,0.0,0.2,0.25
776,0.0,0.0,0.2,0.0,0.0,0.0,0.0,0.0,0.0,0.25,0.25,0.08,0.1,0.2,0.25,0.0,0.0,0.2,0.25
782,0.0,0.0,0.2,0.0,0.0,0.0,0.0,0.0,0.0,0.3,0.25,0.1,0.1,0.25,0.25,0.0,0.0,0.25,0.25
789,0.0,0.0,0.25,0.0,0.0,0.0,0.0,0.0,0.0,0.12,0.1,0.2,0.25,0.2,0.25,0.0,0.0,0.2,0.25
795,0.0,0.0,0.25,0.0,0.0,0.0,0.0,0.1,0.1,0.0,0.0,0.0,0.0,0.25,0.25,0.0,0.0,0.25,0.25
801,0.0,0.0,0.25,0.0,0.0,0.1,0.1,0.1,0.1,0.0,0.0,0.0,0.0,0.2,0.25,0.0,0.0,0.08,0.1
813,0.0,0.0,0.25,0.0,0.0,0.0,0.0,0.0,0.0,0.0,0.0,0.2,0.25,0.2,0.25,0.12,0.1,0.0,0.0
820,0.0,0.0,0.2,0.0,0.0,0.0,0.0,0.0,0.0,0.0,0.0,0.0,0.0,0.2,0.25,0.12,0.1,0.08,0.1
826,0.0,0.0,0.08,0.0,0.0,0.0,0.0,0.0,0.0,0.1,0.1,0.25,0.25,0.25,0.25,0.1,0.1,0.1,0.1
835,0.0,0.0,0.25,0.0,0.0,0.0,0.0,0.0,0.0,0.25,0.25,0.25,0.25,0.25,0.25,0.1,0.1,0.25,0.25
842,0.0,0.0,0.2,0.0,0.0,0.1,0.1,0.0,0.0,0.0,0.0,0.0,0.0,0.25,0.25,0.1,0.1,0.1,0.1
849,0.0,0.0,0.1,0.0,0.0,0.1,0.1,0.0,0.0,0.1,0.1,0.0,0.0,0.2,0.25,0.1,0.1,0.2,0.25
856,0.0,0.0,0.08,0.0,0.0,0.0,0.0,0.0,0.0,0.0,0.0,0.2,0.25,0.2,0.25,0.25,0.25,0.0,0.0
864,0.0,0.0,0.2,0.0,0.0,0.0,0.0,0.0,0.0,0.1,0.1,0.08,0.1,0.2,0.25,0.25,0.25,0.08,0.1
870,0.0,0.0,0.2,0.0,0.0,0.0,0.0,0.0,0.0,0.12,0.1,0.1,0.1,0.25,0.25,0.3,0.25,0.1,0.1
876,0.0,0.0,0.2,0.0,0.0,0.0,0.0,0.0,0.0,0.12,0.1,0.2,0.25,0.2,0.25,0.3,0.25,0.08,0.1
883,0.0,0.0,0.25,0.0,0.0,0.0,0.0,0.0,0.0,0.0,0.0,0.0,0.0,0.25,0.25,0.25,0.25,0.25,0.25
888,0.0,0.0,0.08,0.0,0.0,0.0,0.0,0.0,0.0,0.1,0.1,0.2,0.25,0.2,0.25,0.25,0.25,0.2,0.25
895,0.0,0.0,0.1,0.0,0.0,0.0,0.0,0.0,0.0,0.12,0.1,0.25,0.25,0.25,0.25,0.3,0.25,0.25,0.25
912,0.0,0.0,0.2,0.08,0.1,0.0,0.0,0.0,0.0,0.1,0.1,0.08,0.1,0.2,0.25,0.0,0.0,0.08,0.1
919,0.0,0.0,0.25,0.1,0.1,0.0,0.0,0.0,0.0,0.12,0.1,0.1,0.1,0.25,0.25,0.0,0.0,0.1,0.1
924,0.0,0.0,0.2,0.08,0.1,0.0,0.0,0.0,0.0,0.0,0.0,0.2,0.25,0.2,0.25,0.0,0.0,0.08,0.1
932,0.0,0.0,0.0,0.08,0.1,0.0,0.0,0.0,0.0,0.3,0.25,0.08,0.1,0.2,0.25,0.0,0.0,0.2,0.25
939,0.1,0.1,0.1,0.1,0.1,0.0,0.0,0.0,0.0,0.1,0.1,0.1,0.1,0.25,0.25,0.0,0.0,0.25,0.25
946,0.0,0.0,0.08,0.1,0.1,0.1,0.1,0.0,0.0,0.1,0.1,0.0,0.0,0.25,0.25,0.0,0.0,0.25,0.25
953,0.0,0.0,0.1,0.08,0.1,0.1,0.1,0.0,0.0,0.0,0.0,0.2,0.25,0.2,0.25,0.0,0.0,0.2,0.25
960,0.0,0.0,0.08,0.08,0.1,0.0,0.0,0.0,0.0,0.0,0.0,0.08,0.1,0.2,0.25,0.1,0.1,0.0,0.0
967,0.0,0.0,0.1,0.1,0.1,0.0,0.0,0.0,0.0,0.0,0.0,0.1,0.1,0.25,0.25,0.12,0.1,0.0,0.0
978,0.0,0.0,0.2,0.1,0.1,0.0,0.0,0.0,0.0,0.1,0.1,0.1,0.1,0.25,0.25,0.1,0.1,0.25,0.25
988,0.0,0.0,0.2,0.08,0.1,0.0,0.0,0.0,0.0,0.0,0.0,0.2,0.25,0.2,0.25,0.12,0.1,0.2,0.25
994,0.0,0.0,0.08,0.1,0.1,0.1,0.1,0.0,0.0,0.0,0.0,0.0,0.0,0.25,0.25,0.1,0.1,0.25,0.25
1021,0.0,0.0,0.1,0.08,0.1,0.0,0.0,0.0,0.0,0.3,0.25,0.2,0.25,0.2,0.25,0.3,0.25,0.0,0.0
1028,0.0,0.0,0.2,0.08,0.1,0.0,0.0,0.0,0.0,0.0,0.0,0.0,0.0,0.2,0.25,0.3,0.25,0.08,0.1
1034,0.0,0.0,0.08,0.1,0.1,0.0,0.0,0.0,0.0,0.25,0.25,0.1,0.1,0.25,0.25,0.25,0.25,0.1,0.1
1050,0.0,0.0,0.2,0.1,0.1,0.0,0.0,0.0,0.0,0.25,0.25,0.1,0.1,0.25,0.25,0.25,0.25,0.25,0.25
1056,0.0,0.0,0.2,0.08,0.1,0.0,0.0,0.0,0.0,0.1,0.1,0.2,0.25,0.2,0.25,0.25,0.25,0.2,0.25
1065,0.0,0.0,0.25,0.2,0.25,0.0,0.0,0.0,0.0,0.0,0.0,0.0,0.0,0.2,0.25,0.0,0.0,0.0,0.0
1071,0.0,0.0,0.25,0.25,0.25,0.0,0.0,0.0,0.0,0.0,0.0,0.0,0.0,0.25,0.25,0.0,0.0,0.0,0.0
1078,0.0,0.0,0.08,0.25,0.25,0.0,0.0,0.0,0.0,0.12,0.1,0.25,0.25,0.25,0.25,0.0,0.0,0.0,0.0
1084,0.0,0.0,0.2,0.2,0.25,0.0,0.0,0.0,0.0,0.0,0.0,0.0,0.0,0.2,0.25,0.0,0.0,0.08,0.1
1096,0.0,0.0,0.2,0.2,0.25,0.0,0.0,0.0,0.0,0.25,0.25,0.2,0.25,0.2,0.25,0.0,0.0,0.2,0.25
1105,0.0,0.0,0.25,0.2,0.25,0.0,0.0,0.1,0.1,0.1,0.1,0.0,0.0,0.2,0.25,0.0,0.0,0.2,0.25
1112,0.0,0.0,0.2,0.2,0.25,0.1,0.1,0.0,0.0,0.25,0.25,0.0,0.0,0.2,0.25,0.0,0.0,0.0,0.0
1119,0.0,0.0,0.25,0.25,0.25,0.12,0.1,0.0,0.0,0.3,0.25,0.0,0.0,0.25,0.25,0.0,0.0,0.0,0.0
1124,0.0,0.0,0.2,0.2,0.25,0.12,0.1,0.0,0.0,0.12,0.1,0.08,0.1,0.2,0.25,0.0,0.0,0.0,0.0
1131,0.0,0.0,0.25,0.25,0.25,0.1,0.1,0.0,0.0,0.0,0.0,0.25,0.25,0.25,0.25,0.0,0.0,0.0,0.0
1140,0.0,0.0,0.2,0.2,0.25,0.12,0.1,0.0,0.0,0.12,0.1,0.0,0.0,0.2,0.25,0.0,0.0,0.08,0.1
1146,0.0,0.0,0.2,0.25,0.25,0.1,0.1,0.0,0.0,0.1,0.1,0.1,0.1,0.25,0.25,0.0,0.0,0.1,0.1
1152,0.0,0.0,0.2,0.2,0.25,0.1,0.1,0.0,0.0,0.0,0.0,0.2,0.25,0.2,0.25,0.0,0.0,0.08,0.1
1159,0.0,0.0,0.25,0.25,0.25,0.12,0.1,0.0,0.0,0.0,0.0,0.25,0.25,0.25,0.25,0.0,0.0,0.1,0.1
1167,0.0,0.0,0.25,0.25,0.25,0.12,0.1,0.0,0.0,0.0,0.0,0.0,0.0,0.25,0.25,0.0,0.0,0.25,0.25
1174,0.0,0.0,0.08,0.25,0.25,0.12,0.1,0.0,0.0,0.3,0.25,0.1,0.1,0.25,0.25,0.0,0.0,0.25,0.25
1180,0.0,0.0,0.08,0.2,0.25,0.12,0.1,0.0,0.0,0.12,0.1,0.2,0.25,0.2,0.25,0.0,0.0,0.2,0.25
1188,0.0,0.0,0.08,0.2,0.25,0.0,0.0,0.0,0.0,0.3,0.25,0.08,0.1,0.2,0.25,0.12,0.1,0.0,0.0
1196,0.0,0.0,0.08,0.2,0.25,0.0,0.0,0.0,0.0,0.12,0.1,0.2,0.25,0.2,0.25,0.12,0.1,0.0,0.0
1203,0.0,0.0,0.25,0.25,0.25,0.1,0.1,0.0,0.0,0.1,0.1,0.0,0.0,0.25,0.25,0.1,0.1,0.1,0.1
1209,0.0,0.0,0.1,0.2,0.25,0.1,0.1,0.0,0.0,0.25,0.25,0.0,0.0,0.2,0.25,0.1,0.1,0.2,0.25
1216,0.0,0.0,0.2,0.2,0.25,0.1,0.1,0.0,0.0,0.0,0.0,0.08,0.1,0.2,0.25,0.1,0.1,0.2,0.25
1223,0.0,0.0,0.25,0.25,0.25,0.12,0.1,0.0,0.0,0.0,0.0,0.1,0.1,0.25,0.25,0.12,0.1,0.25,0.25
1232,0.0,0.0,0.2,0.2,0.25,0.0,0.0,0.0,0.0,0.1,0.1,0.2,0.25,0.2,0.25,0.25,0.25,0.0,0.0
1240,0.0,0.0,0.2,0.2,0.25,0.0,0.0,0.0,0.0,0.0,0.0,0.08,0.1,0.2,0.25,0.25,0.25,0.2,0.25
1247,0.0,0.0,0.25,0.25,0.25,0.0,0.0,0.0,0.0,0.0,0.0,0.1,0.1,0.25,0.25,0.3,0.25,0.25,0.25
1253,0.0,0.0,0.1,0.2,0.25,0.0,0.0,0.0,0.0,0.3,0.25,0.2,0.25,0.2,0.25,0.3,0.25,0.2,0.25
1260,0.0,0.0,0.2,0.2,0.25,0.0,0.0,0.0,0.0,0.0,0.0,0.08,0.1,0.0,0.0,0.0,0.0,0.08,0.1
1267,0.0,0.0,0.25,0.25,0.25,0.0,0.0,0.0,0.0,0.0,0.0,0.25,0.25,0.0,0.0,0.0,0.0,0.1,0.1
1272,0.0,0.0,0.2,0.2,0.25,0.1,0.1,0.1,0.1,0.0,0.0,0.08,0.1,0.0,0.0,0.0,0.0,0.2,0.25
1277,0.0,0.0,0.25,0.2,0.25,0.12,0.1,0.12,0.1,0.0,0.0,0.08,0.1,0.0,0.0,0.0,0.0,0.2,0.25
1286,0.0,0.0,0.2,0.0,0.0,0.0,0.0,0.0,0.0,0.0,0.0,0.25,0.25,0.1,0.1,0.0,0.0,0.1,0.1
1293,0.0,0.0,0.25,0.0,0.0,0.0,0.0,0.0,0.0,0.0,0.0,0.2,0.25,0.08,0.1,0.0,0.0,0.2,0.25
1300,0.0,0.0,0.2,0.08,0.1,0.0,0.0,0.0,0.0,0.0,0.0,0.0,0.0,0.08,0.1,0.0,0.0,0.2,0.25
1307,0.0,0.0,0.25,0.1,0.1,0.0,0.0,0.0,0.0,0.0,0.0,0.1,0.1,0.1,0.1,0.0,0.0,0.25,0.25
1313,0.0,0.0,0.25,0.2,0.25,0.0,0.0,0.0,0.0,0.25,0.25,0.2,0.25,0.08,0.1,0.0,0.0,0.08,0.1
1320,0.0,0.0,0.2,0.2,0.25,0.0,0.0,0.0,0.0,0.1,0.1,0.0,0.0,0.08,0.1,0.0,0.0,0.2,0.25
1327,0.0,0.0,0.25,0.25,0.25,0.0,0.0,0.0,0.0,0.12,0.1,0.0,0.0,0.1,0.1,0.0,0.0,0.25,0.25
1333,0.0,0.0,0.25,0.2,0.25,0.0,0.0,0.0,0.0,0.0,0.0,0.08,0.1,0.08,0.1,0.0,0.0,0.2,0.25
1340,0.0,0.0,0.2,0.2,0.25,0.12,0.1,0.0,0.0,0.0,0.0,0.0,0.0,0.08,0.1,0.12,0.1,0.2,0.25
1347,0.0,0.0,0.25,0.25,0.25,0.1,0.1,0.0,0.0,0.25,0.25,0.25,0.25,0.1,0.1,0.1,0.1,0.25,0.25
1354,0.0,0.0,0.0,0.0,0.0,0.0,0.0,0.0,0.0,0.1,0.1,0.1,0.1,0.25,0.25,0.0,0.0,0.1,0.1
1361,0.0,0.0,0.25,0.0,0.0,0.0,0.0,0.0,0.0,0.25,0.25,0.2,0.25,0.2,0.25,0.0,0.0,0.08,0.1
1368,0.0,0.0,0.2,0.0,0.0,0.0,0.0,0.1,0.1,0.0,0.0,0.08,0.1,0.2,0.25,0.0,0.0,0.08,0.1
1375,0.0,0.0,0.25,0.0,0.0,0.0,0.0,0.12,0.1,0.0,0.0,0.1,0.1,0.25,0.25,0.0,0.0,0.1,0.1
1382,0.0,0.0,0.0,0.0,0.0,0.0,0.0,0.0,0.0,0.12,0.1,0.1,0.1,0.25,0.25,0.0,0.0,0.25,0.25
1389,0.0,0.0,0.25,0.0,0.0,0.0,0.0,0.12,0.1,0.3,0.25,0.0,0.0,0.2,0.25,0.0,0.0,0.2,0.25
1395,0.0,0.0,0.25,0.0,0.0,0.0,0.0,0.1,0.1,0.0,0.0,0.1,0.1,0.25,0.25,0.0,0.0,0.25,0.25
1405,0.0,0.0,0.25,0.0,0.0,0.0,0.0,0.0,0.0,0.12,0.1,0.2,0.25,0.2,0.25,0.12,0.1,0.08,0.1
1413,0.0,0.0,0.0,0.0,0.0,0.0,0.0,0.0,0.0,0.3,0.25,0.0,0.0,0.2,0.25,0.12,0.1,0.2,0.25
1432,0.0,0.0,0.2,0.0,0.0,0.1,0.1,0.0,0.0,0.25,0.25,0.08,0.1,0.2,0.25,0.1,0.1,0.2,0.25
1437,0.0,0.0,0.25,0.0,0.0,0.12,0.1,0.0,0.0,0.3,0.25,0.08,0.1,0.2,0.25,0.12,0.1,0.2,0.25
1444,0.0,0.0,0.2,0.0,0.0,0.12,0.1,0.0,0.0,0.12,0.1,0.2,0.25,0.2,0.25,0.12,0.1,0.2,0.25
1451,0.0,0.0,0.1,0.0,0.0,0.0,0.0,0.0,0.0,0.1,0.1,0.1,0.1,0.25,0.25,0.25,0.25,0.1,0.1
1459,0.0,0.0,0.1,0.0,0.0,0.0,0.0,0.0,0.0,0.0,0.0,0.25,0.25,0.25,0.25,0.25,0.25,0.1,0.1
1484,0.0,0.0,0.08,0.08,0.1,0.0,0.0,0.0,0.0,0.3,0.25,0.0,0.0,0.2,0.25,0.0,0.0,0.08,0.1
1491,0.0,0.0,0.25,0.1,0.1,0.0,0.0,0.0,0.0,0.1,0.1,0.0,0.0,0.25,0.25,0.0,0.0,0.25,0.25
1497,0.0,0.0,0.25,0.08,0.1,0.0,0.0,0.0,0.0,0.0,0.0,0.08,0.1,0.2,0.25,0.0,0.0,0.2,0.25
1505,0.0,0.0,0.25,0.08,0.1,0.0,0.0,0.1,0.1,0.25,0.25,0.08,0.1,0.2,0.25,0.0,0.0,0.2,0.25
1512,0.0,0.0,0.2,0.08,0.1,0.1,0.1,0.0,0.0,0.0,0.0,0.2,0.25,0.2,0.25,0.0,0.0,0.08,0.1
1519,0.0,0.0,0.25,0.1,0.1,0.12,0.1,0.0,0.0,0.0,0.0,0.25,0.25,0.25,0.25,0.0,0.0,0.1,0.1
1526,0.0,0.0,0.08,0.1,0.1,0.12,0.1,0.0,0.0,0.12,0.1,0.1,0.1,0.25,0.25,0.0,0.0,0.25,0.25
1533,0.0,0.0,0.25,0.08,0.1,0.0,0.0,0.0,0.0,0.3,0.25,0.08,0.1,0.2,0.25,0.12,0.1,0.08,0.1
1538,0.0,0.0,0.2,0.1,0.1,0.0,0.0,0.0,0.0,0.1,0.1,0.25,0.25,0.25,0.25,0.1,0.1,0.1,0.1
1548,0.0,0.0,0.0,0.08,0.1,0.0,0.0,0.0,0.0,0.3,0.25,0.0,0.0,0.2,0.25,0.12,0.1,0.2,0.25
1558,0.0,0.0,0.2,0.1,0.1,0.0,0.0,0.0,0.0,0.3,0.25,0.1,0.1,0.25,0.25,0.12,0.1,0.25,0.25
1566,0.0,0.0,0.2,0.1,0.1,0.0,0.0,0.0,0.0,0.12,0.1,0.25,0.25,0.25,0.25,0.12,0.1,0.25,0.25
1575,0.0,0.0,0.1,0.1,0.1,0.12,0.1,0.0,0.0,0.12,0.1,0.0,0.0,0.25,0.25,0.12,0.1,0.25,0.25
1583,0.0,0.0,0.25,0.1,0.1,0.12,0.1,0.12,0.1,0.12,0.1,0.1,0.1,0.25,0.25,0.12,0.1,0.25,0.25
1589,0.0,0.0,0.25,0.08,0.1,0.12,0.1,0.12,0.1,0.0,0.0,0.2,0.25,0.2,0.25,0.12,0.1,0.2,0.25
1597,0.0,0.0,0.1,0.08,0.1,0.0,0.0,0.0,0.0,0.0,0.0,0.2,0.25,0.2,0.25,0.3,0.25,0.0,0.0
1605,0.0,0.0,0.1,0.08,0.1,0.0,0.0,0.0,0.0,0.0,0.0,0.08,0.1,0.2,0.25,0.3,0.25,0.08,0.1
1613,0.0,0.0,0.1,0.08,0.1,0.0,0.0,0.0,0.0,0.12,0.1,0.2,0.25,0.2,0.25,0.3,0.25,0.08,0.1
1626,0.0,0.0,0.08,0.25,0.25,0.0,0.0,0.0,0.0,0.1,0.1,0.0,0.0,0.25,0.25,0.0,0.0,0.0,0.0
1632,0.0,0.0,0.08,0.2,0.25,0.0,0.0,0.0,0.0,0.1,0.1,0.08,0.1,0.2,0.25,0.0,0.0,0.0,0.0
1637,0.0,0.0,0.1,0.2,0.25,0.0,0.0,0.0,0.0,0.12,0.1,0.08,0.1,0.2,0.25,0.0,0.0,0.0,0.0
1647,0.0,0.0,0.1,0.25,0.25,0.0,0.0,0.0,0.0,0.3,0.25,0.25,0.25,0.25,0.25,0.0,0.0,0.0,0.0
1656,0.0,0.0,0.2,0.2,0.25,0.0,0.0,0.0,0.0,0.1,0.1,0.08,0.1,0.2,0.25,0.0,0.0,0.2,0.25
1661,0.0,0.0,0.25,0.2,0.25,0.0,0.0,0.0,0.0,0.12,0.1,0.08,0.1,0.2,0.25,0.0,0.0,0.2,0.25
1669,0.0,0.0,0.25,0.2,0.25,0.0,0.0,0.0,0.0,0.0,0.0,0.2,0.25,0.2,0.25,0.0,0.0,0.2,0.25
1676,0.12,0.1,0.2,0.2,0.25,0.0,0.0,0.0,0.0,0.0,0.0,0.2,0.25,0.2,0.25,0.0,0.0,0.2,0.25
1683,0.0,0.0,0.25,0.25,0.25,0.1,0.1,0.0,0.0,0.0,0.0,0.0,0.0,0.25,0.25,0.0,0.0,0.0,0.0
1690,0.0,0.0,0.0,0.25,0.25,0.1,0.1,0.0,0.0,0.25,0.25,0.1,0.1,0.25,0.25,0.0,0.0,0.1,0.1
1697,0.0,0.0,0.25,0.2,0.25,0.1,0.1,0.1,0.1,0.0,0.0,0.2,0.25,0.2,0.25,0.0,0.0,0.08,0.1
1704,0.0,0.0,0.0,0.2,0.25,0.1,0.1,0.0,0.0,0.1,0.1,0.0,0.0,0.2,0.25,0.0,0.0,0.2,0.25
1711,0.0,0.0,0.0,0.25,0.25,0.12,0.1,0.0,0.0,0.12,0.1,0.0,0.0,0.25,0.25,0.0,0.0,0.25,0.25
1721,0.0,0.0,0.25,0.2,0.25,0.1,0.1,0.0,0.0,0.25,0.25,0.08,0.1,0.2,0.25,0.0,0.0,0.2,0.25
1728,0.0,0.0,0.2,0.2,0.25,0.1,0.1,0.0,0.0,0.1,0.1,0.2,0.25,0.2,0.25,0.0,0.0,0.2,0.25
1735,0.0,0.0,0.25,0.25,0.25,0.12,0.1,0.0,0.0,0.12,0.1,0.25,0.25,0.25,0.25,0.0,0.0,0.25,0.25
1745,0.1,0.1,0.1,0.2,0.25,0.1,0.1,0.0,0.0,0.1,0.1,0.2,0.25,0.2,0.25,0.0,0.0,0.2,0.25
1752,0.0,0.0,0.08,0.2,0.25,0.0,0.0,0.0,0.0,0.0,0.0,0.08,0.1,0.2,0.25,0.1,0.1,0.0,0.0
1759,0.0,0.0,0.1,0.25,0.25,0.0,0.0,0.0,0.0,0.0,0.0,0.1,0.1,0.25,0.25,0.12,0.1,0.0,0.0
1766,0.0,0.0,0.2,0.25,0.25,0.0,0.0,0.0,0.0,0.3,0.25,0.25,0.25,0.25,0.25,0.12,0.1,0.0,0.0
1774,0.0,0.0,0.2,0.25,0.25,0.0,0.0,0.0,0.0,0.3,0.25,0.1,0.1,0.25,0.25,0.12,0.1,0.1,0.1
1782,0.0,0.0,0.2,0.25,0.25,0.0,0.0,0.0,0.0,0.12,0.1,0.25,0.25,0.25,0.25,0.12,0.1,0.1,0.1
1791,0.0,0.0,0.25,0.25,0.25,0.0,0.0,0.0,0.0,0.12,0.1,0.0,0.0,0.25,0.25,0.12,0.1,0.25,0.25
1796,0.0,0.0,0.08,0.2,0.25,0.0,0.0,0.0,0.0,0.12,0.1,0.2,0.25,0.2,0.25,0.12,0.1,0.2,0.25
1802,0.0,0.0,0.2,0.25,0.25,0.1,0.1,0.0,0.0,0.25,0.25,0.0,0.0,0.25,0.25,0.1,0.1,0.1,0.1
1809,0.0,0.0,0.0,0.2,0.25,0.1,0.1,0.0,0.0,0.0,0.0,0.08,0.1,0.2,0.25,0.1,0.1,0.2,0.25
1818,0.0,0.0,0.2,0.25,0.25,0.1,0.1,0.0,0.0,0.25,0.25,0.1,0.1,0.25,0.25,0.1,0.1,0.25,0.25
1824,0.0,0.0,0.2,0.2,0.25,0.1,0.1,0.0,0.0,0.25,0.25,0.2,0.25,0.2,0.25,0.1,0.1,0.2,0.25
1831,0.0,0.0,0.25,0.25,0.25,0.12,0.1,0.0,0.0,0.3,0.25,0.25,0.25,0.25,0.25,0.12,0.1,0.25,0.25
1838,0.0,0.0,0.2,0.25,0.25,0.12,0.1,0.12,0.1,0.12,0.1,0.0,0.0,0.25,0.25,0.12,0.1,0.25,0.25
1843,0.0,0.0,0.25,0.25,0.25,0.1,0.1,0.1,0.1,0.0,0.0,0.1,0.1,0.25,0.25,0.1,0.1,0.25,0.25
1850,0.0,0.0,0.2,0.25,0.25,0.0,0.0,0.0,0.0,0.0,0.0,0.0,0.0,0.25,0.25,0.25,0.25,0.1,0.1
1859,0.0,0.0,0.1,0.25,0.25,0.0,0.0,0.0,0.0,0.25,0.25,0.1,0.1,0.25,0.25,0.25,0.25,0.1,0.1
1864,0.0,0.0,0.08,0.2,0.25,0.0,0.0,0.0,0.0,0.1,0.1,0.2,0.25,0.2,0.25,0.25,0.25,0.08,0.1
1872,0.0,0.0,0.08,0.2,0.25,0.0,0.0,0.0,0.0,0.25,0.25,0.08,0.1,0.2,0.25,0.25,0.25,0.2,0.25
1878,0.0,0.0,0.08,0.25,0.25,0.0,0.0,0.0,0.0,0.3,0.25,0.1,0.1,0.25,0.25,0.3,0.25,0.25,0.25
1885,0.0,0.0,0.1,0.2,0.25,0.0,0.0,0.0,0.0,0.0,0.0,0.2,0.25,0.2,0.25,0.3,0.25,0.2,0.25
1893,0.0,0.0,0.25,0.2,0.25,0.0,0.0,0.12,0.1,0.3,0.25,0.2,0.25,0.2,0.25,0.3,0.25,0.2,0.25
1908,0.0,0.0,0.2,0.2,0.25,0.0,0.0,0.0,0.0,0.0,0.0,0.08,0.1,0.0,0.0,0.0,0.0,0.2,0.25
1914,0.0,0.0,0.2,0.1,0.1,0.0,0.0,0.0,0.0,0.1,0.1,0.1,0.1,0.1,0.1,0.0,0.0,0.0,0.0
1920,0.0,0.0,0.2,0.08,0.1,0.0,0.0,0.0,0.0,0.25,0.25,0.08,0.1,0.08,0.1,0.0,0.0,0.2,0.25
1927,0.0,0.0,0.25,0.1,0.1,0.0,0.0,0.0,0.0,0.3,0.25,0.1,0.1,0.1,0.1,0.0,0.0,0.25,0.25
1934,0.0,0.0,0.2,0.1,0.1,0.0,0.0,0.0,0.0,0.12,0.1,0.25,0.25,0.1,0.1,0.0,0.0,0.25,0.25
1940,0.0,0.0,0.2,0.08,0.1,0.12,0.1,0.12,0.1,0.0,0.0,0.2,0.25,0.08,0.1,0.0,0.0,0.2,0.25
1947,0.0,0.0,0.25,0.25,0.25,0.0,0.0,0.0,0.0,0.25,0.25,0.0,0.0,0.1,0.1,0.0,0.0,0.1,0.1
1954,0.0,0.0,0.2,0.25,0.25,0.0,0.0,0.0,0.0,0.1,0.1,0.1,0.1,0.1,0.1,0.0,0.0,0.1,0.1
1959,0.0,0.0,0.25,0.25,0.25,0.0,0.0,0.0,0.0,0.12,0.1,0.1,0.1,0.1,0.1,0.0,0.0,0.1,0.1
1965,0.0,0.0,0.25,0.2,0.25,0.0,0.0,0.0,0.0,0.0,0.0,0.2,0.25,0.08,0.1,0.0,0.0,0.08,0.1
1972,0.0,0.0,0.2,0.2,0.25,0.0,0.0,0.0,0.0,0.3,0.25,0.0,0.0,0.08,0.1,0.0,0.0,0.2,0.25
1978,0.0,0.0,0.2,0.25,0.25,0.0,0.0,0.0,0.0,0.1,0.1,0.1,0.1,0.1,0.1,0.0,0.0,0.25,0.25
1985,0.0,0.0,0.25,0.2,0.25,0.0,0.0,0.0,0.0,0.0,0.0,0.2,0.25,0.08,0.1,0.0,0.0,0.2,0.25
1992,0.0,0.0,0.08,0.2,0.25,0.1,0.1,0.0,0.0,0.25,0.25,0.2,0.25,0.08,0.1,0.0,0.0,0.2,0.25
1997,0.0,0.0,0.1,0.2,0.25,0.12,0.1,0.0,0.0,0.3,0.25,0.2,0.25,0.08,0.1,0.0,0.0,0.2,0.25
2004,0.0,0.0,0.2,0.0,0.0,0.0,0.0,0.0,0.0,0.12,0.1,0.0,0.0,0.2,0.25,0.0,0.0,0.0,0.0
2014,0.0,0.0,0.0,0.0,0.0,0.0,0.0,0.0,0.0,0.3,0.25,0.0,0.0,0.25,0.25,0.0,0.0,0.1,0.1
2024,0.0,0.0,0.2,0.0,0.0,0.0,0.0,0.1,0.1,0.1,0.1,0.2,0.25,0.2,0.25,0.0,0.0,0.08,0.1
2030,0.0,0.0,0.2,0.0,0.0,0.0,0.0,0.12,0.1,0.12,0.1,0.25,0.25,0.25,0.25,0.0,0.0,0.1,0.1
2037,0.0,0.0,0.25,0.0,0.0,0.0,0.0,0.0,0.0,0.3,0.25,0.0,0.0,0.2,0.25,0.0,0.0,0.2,0.25
2043,0.0,0.0,0.25,0.0,0.0,0.0,0.0,0.0,0.0,0.1,0.1,0.1,0.1,0.25,0.25,0.0,0.0,0.25,0.25
2049,0.0,0.0,0.25,0.0,0.0,0.0,0.0,0.0,0.0,0.0,0.0,0.2,0.25,0.2,0.25,0.0,0.0,0.2,0.25
2057,0.0,0.0,0.25,0.0,0.0,0.0,0.0,0.1,0.1,0.25,0.25,0.2,0.25,0.2,0.25,0.0,0.0,0.2,0.25
2064,0.0,0.0,0.2,0.0,0.0,0.1,0.1,0.1,0.1,0.0,0.0,0.08,0.1,0.2,0.25,0.0,0.0,0.2,0.25
2071,0.0,0.0,0.25,0.0,0.0,0.12,0.1,0.12,0.1,0.0,0.0,0.1,0.1,0.25,0.25,0.0,0.0,0.25,0.25
2078,0.0,0.0,0.2,0.0,0.0,0.0,0.0,0.0,0.0,0.3,0.25,0.25,0.25,0.25,0.25,0.12,0.1,0.1,0.1
2089,0.0,0.0,0.25,0.0,0.0,0.1,0.1,0.0,0.0,0.1,0.1,0.0,0.0,0.2,0.25,0.1,0.1,0.2,0.25
2095,0.0,0.0,0.25,0.0,0.0,0.12,0.1,0.0,0.0,0.12,0.1,0.0,0.0,0.25,0.25,0.12,0.1,0.25,0.25
2112,0.0,0.0,0.2,0.0,0.0,0.0,0.0,0.0,0.0,0.25,0.25,0.2,0.25,0.2,0.25,0.25,0.25,0.2,0.25
2127,0.0,0.0,0.25,0.1,0.1,0.0,0.0,0.0,0.0,0.0,0.0,0.0,0.0,0.25,0.25,0.0,0.0,0.0,0.0
2134,0.0,0.0,0.08,0.1,0.1,0.0,0.0,0.0,0.0,0.12,0.1,0.1,0.1,0.25,0.25,0.0,0.0,0.0,0.0
2141,0.0,0.0,0.25,0.08,0.1,0.0,0.0,0.0,0.0,0.3,0.25,0.2,0.25,0.2,0.25,0.0,0.0,0.08,0.1
2148,0.0,0.0,0.2,0.08,0.1,0.0,0.0,0.12,0.1,0.12,0.1,0.0,0.0,0.2,0.25,0.0,0.0,0.08,0.1
2155,0.0,0.0,0.25,0.1,0.1,0.0,0.0,0.1,0.1,0.0,0.0,0.1,0.1,0.25,0.25,0.0,0.0,0.1,0.1
2162,0.0,0.0,0.2,0.1,0.1,0.0,0.0,0.0,0.0,0.25,0.25,0.0,0.0,0.25,0.25,0.0,0.0,0.25,0.25
2169,0.0,0.0,0.25,0.08,0.1,0.0,0.0,0.0,0.0,0.1,0.1,0.08,0.1,0.2,0.25,0.0,0.0,0.2,0.25
2175,0.0,0.0,0.25,0.1,0.1,0.0,0.0,0.0,0.0,0.12,0.1,0.1,0.1,0.25,0.25,0.0,0.0,0.25,0.25
2183,0.0,0.0,0.25,0.1,0.1,0.0,0.0,0.0,0.0,0.0,0.0,0.25,0.25,0.25,0.25,0.0,0.0,0.25,0.25
2192,0.0,0.0,0.08,0.08,0.1,0.1,0.1,0.0,0.0,0.25,0.25,0.08,0.1,0.2,0.25,0.0,0.0,0.08,0.1
2199,0.0,0.0,0.1,0.1,0.1,0.12,0.1,0.0,0.0,0.3,0.25,0.1,0.1,0.25,0.25,0.0,0.0,0.1,0.1
2205,0.0,0.0,0.1,0.08,0.1,0.12,0.1,0.0,0.0,0.12,0.1,0.2,0.25,0.2,0.25,0.0,0.0,0.08,0.1
2212,0.0,0.0,0.2,0.08,0.1,0.12,0.1,0.0,0.0,0.0,0.0,0.2,0.25,0.2,0.25,0.0,0.0,0.2,0.25
2219,0.0,0.0,0.25,0.1,0.1,0.0,0.0,0.0,0.0,0.1,0.1,0.25,0.25,0.25,0.25,0.1,0.1,0.0,0.0
2226,0.0,0.0,0.2,0.1,0.1,0.0,0.0,0.0,0.0,0.1,0.1,0.0,0.0,0.25,0.25,0.1,0.1,0.1,0.1
2232,0.0,0.0,0.2,0.08,0.1,0.0,0.0,0.0,0.0,0.0,0.0,0.08,0.1,0.2,0.25,0.1,0.1,0.08,0.1
2238,0.0,0.0,0.2,0.1,0.1,0.0,0.0,0.0,0.0,0.0,0.0,0.1,0.1,0.25,0.25,0.12,0.1,0.1,0.1
2247,0.0,0.0,0.1,0.1,0.1,0.0,0.0,0.0,0.0,0.3,0.25,0.25,0.25,0.25,0.25,0.12,0.1,0.1,0.1
2260,0.0,0.0,0.2,0.08,0.1,0.12,0.1,0.0,0.0,0.3,0.25,0.08,0.1,0.2,0.25,0.12,0.1,0.2,0.25
2267,0.0,0.0,0.25,0.1,0.1,0.1,0.1,0.0,0.0,0.1,0.1,0.25,0.25,0.25,0.25,0.1,0.1,0.25,0.25
2273,0.0,0.0,0.25,0.08,0.1,0.1,0.1,0.1,0.1,0.0,0.0,0.0,0.0,0.2,0.25,0.1,0.1,0.2,0.25
2282,0.0,0.0,0.08,0.1,0.1,0.0,0.0,0.0,0.0,0.1,0.1,0.0,0.0,0.25,0.25,0.25,0.25,0.1,0.1
2300,0.0,0.0,0.2,0.08,0.1,0.0,0.0,0.0,0.0,0.3,0.25,0.2,0.25,0.2,0.25,0.3,0.25,0.08,0.1
2304,0.0,0.0,0.08,0.2,0.25,0.0,0.0,0.0,0.0,0.0,0.0,0.08,0.1,0.2,0.25,0.0,0.0,0.0,0.0
2312,0.0,0.0,0.08,0.2,0.25,0.0,0.0,0.0,0.0,0.0,0.0,0.2,0.25,0.2,0.25,0.0,0.0,0.0,0.0
2317,0.0,0.0,0.1,0.2,0.25,0.0,0.0,0.0,0.0,0.0,0.0,0.2,0.25,0.2,0.25,0.0,0.0,0.0,0.0
2324,0.12,0.1,0.2,0.2,0.25,0.0,0.0,0.0,0.0,0.12,0.1,0.2,0.25,0.2,0.25,0.0,0.0,0.0,0.0
2335,0.0,0.0,0.25,0.25,0.25,0.0,0.0,0.12,0.1,0.3,0.25,0.0,0.0,0.25,0.25,0.0,0.0,0.1,0.1
2353,0.1,0.1,0.25,0.2,0.25,0.0,0.0,0.0,0.0,0.1,0.1,0.2,0.25,0.2,0.25,0.0,0.0,0.2,0.25
2359,0.12,0.1,0.25,0.25,0.25,0.0,0.0,0.0,0.0,0.12,0.1,0.25,0.25,0.25,0.25,0.0,0.0,0.25,0.25
2365,0.0,0.0,0.25,0.2,0.25,0.12,0.1,0.0,0.0,0.0,0.0,0.0,0.0,0.2,0.25,0.0,0.0,0.08,0.1
2372,0.0,0.0,0.08,0.2,0.25,0.12,0.1,0.0,0.0,0.3,0.25,0.08,0.1,0.2,0.25,0.0,0.0,0.08,0.1
2379,0.0,0.0,0.25,0.25,0.25,0.1,0.1,0.1,0.1,0.1,0.1,0.25,0.25,0.25,0.25,0.0,0.0,0.1,0.1
2386,0.0,0.0,0.2,0.25,0.25,0.1,0.1,0.0,0.0,0.1,0.1,0.0,0.0,0.25,0.25,0.0,0.0,0.25,0.25
2393,0.0,0.0,0.25,0.2,0.25,0.1,0.1,0.0,0.0,0.0,0.0,0.08,0.1,0.2,0.25,0.0,0.0,0.2,0.25
2400,0.0,0.0,0.08,0.2,0.25,0.1,0.1,0.0,0.0,0.25,0.25,0.2,0.25,0.2,0.25,0.0,0.0,0.2,0.25
2408,0.0,0.0,0.2,0.2,0.25,0.1,0.1,0.1,0.1,0.0,0.0,0.2,0.25,0.2,0.25,0.0,0.0,0.2,0.25
2413,0.0,0.0,0.25,0.2,0.25,0.12,0.1,0.12,0.1,0.0,0.0,0.2,0.25,0.2,0.25,0.0,0.0,0.2,0.25
2421,0.0,0.0,0.25,0.2,0.25,0.0,0.0,0.0,0.0,0.12,0.1,0.08,0.1,0.2,0.25,0.12,0.1,0.0,0.0
2427,0.0,0.0,0.25,0.25,0.25,0.0,0.0,0.0,0.0,0.0,0.0,0.25,0.25,0.25,0.25,0.1,0.1,0.0,0.0
2435,0.0,0.0,0.25,0.25,0.25,0.0,0.0,0.0,0.0,0.25,0.25,0.0,0.0,0.25,0.25,0.1,0.1,0.1,0.1
2442,0.0,0.0,0.2,0.25,0.25,0.0,0.0,0.0,0.0,0.1,0.1,0.1,0.1,0.25,0.25,0.1,0.1,0.1,0.1
2449,0.0,0.0,0.25,0.2,0.25,0.0,0.0,0.0,0.0,0.0,0.0,0.2,0.25,0.2,0.25,0.1,0.1,0.08,0.1
2457,0.0,0.0,0.25,0.2,0.25,0.0,0.0,0.0,0.0,0.25,0.25,0.08,0.1,0.2,0.25,0.1,0.1,0.2,0.25
2466,0.0,0.0,0.2,0.25,0.25,0.0,0.0,0.0,0.0,0.1,0.1,0.25,0.25,0.25,0.25,0.1,0.1,0.25,0.25
2483,0.0,0.0,0.1,0.25,0.25,0.1,0.1,0.0,0.0,0.25,0.25,0.1,0.1,0.25,0.25,0.1,0.1,0.25,0.25
2508,0.0,0.0,0.08,0.2,0.25,0.0,0.0,0.0,0.0,0.12,0.1,0.08,0.1,0.2,0.25,0.3,0.25,0.08,0.1
2522,0.0,0.0,0.2,0.0,0.0,0.1,0.1,0.1,0.1,0.0,0.0,0.25,0.25,0.1,0.1,0.0,0.0,0.25,0.25
2527,0.0,0.0,0.25,0.0,0.0,0.12,0.1,0.12,0.1,0.0,0.0,0.25,0.25,0.1,0.1,0.0,0.0,0.25,0.25
2534,0.0,0.0,0.2,0.1,0.1,0.0,0.0,0.0,0.0,0.0,0.0,0.1,0.1,0.1,0.1,0.0,0.0,0.0,0.0
2541,0.0,0.0,0.25,0.08,0.1,0.0,0.0,0.0,0.0,0.12,0.1,0.08,0.1,0.08,0.1,0.0,0.0,0.2,0.25
2548,0.0,0.0,0.2,0.08,0.1,0.0,0.0,0.0,0.0,0.0,0.0,0.2,0.25,0.08,0.1,0.0,0.0,0.2,0.25
2555,0.0,0.0,0.25,0.1,0.1,0.1,0.1,0.0,0.0,0.0,0.0,0.25,0.25,0.1,0.1,0.1,0.1,0.25,0.25
2562,0.0,0.0,0.2,0.25,0.25,0.0,0.0,0.0,0.0,0.1,0.1,0.0,0.0,0.1,0.1,0.0,0.0,0.1,0.1
2568,0.0,0.0,0.2,0.2,0.25,0.0,0.0,0.0,0.0,0.0,0.0,0.0,0.0,0.08,0.1,0.0,0.0,0.2,0.25
2574,0.0,0.0,0.2,0.25,0.25,0.0,0.0,0.0,0.0,0.0,0.0,0.0,0.0,0.1,0.1,0.0,0.0,0.25,0.25
2582,0.0,0.0,0.08,0.25,0.25,0.0,0.0,0.0,0.0,0.12,0.1,0.25,0.25,0.1,0.1,0.0,0.0,0.25,0.25
2589,0.0,0.0,0.1,0.2,0.25,0.12,0.1,0.0,0.0,0.0,0.0,0.2,0.25,0.08,0.1,0.0,0.0,0.2,0.25
2596,0.0,0.0,0.2,0.2,0.25,0.12,0.1,0.0,0.0,0.3,0.25,0.08,0.1,0.08,0.1,0.12,0.1,0.2,0.25
2603,0.0,0.0,0.25,0.25,0.25,0.1,0.1,0.0,0.0,0.1,0.1,0.25,0.25,0.1,0.1,0.1,0.1,0.25,0.25
2610,0.0,0.0,0.08,0.25,0.25,0.0,0.0,0.0,0.0,0.0,0.0,0.25,0.25,0.1,0.1,0.25,0.25,0.25,0.25
2617,0.0,0.0,0.25,0.0,0.0,0.0,0.0,0.0,0.0,0.25,0.25,0.08,0.1,0.2,0.25,0.0,0.0,0.0,0.0
2624,0.0,0.0,0.08,0.0,0.0,0.0,0.0,0.0,0.0,0.1,0.1,0.0,0.0,0.2,0.25,0.0,0.0,0.08,0.1
2631,0.0,0.0,0.1,0.0,0.0,0.0,0.0,0.0,0.0,0.12,0.1,0.0,0.0,0.25,0.25,0.0,0.0,0.1,0.1
2640,0.0,0.0,0.2,0.0,0.0,0.0,0.0,0.0,0.0,0.1,0.1,0.0,0.0,0.2,0.25,0.0,0.0,0.2,0.25
2652,0.0,0.0,0.2,0.0,0.0,0.0,0.0,0.0,0.0,0.0,0.0,0.08,0.1,0.2,0.25,0.0,0.0,0.2,0.25
2661,0.0,0.0,0.25,0.0,0.0,0.12,0.1,0.0,0.0,0.3,0.25,0.08,0.1,0.2,0.25,0.12,0.1,0.08,0.1
2668,0.0,0.0,0.2,0.0,0.0,0.12,0.1,0.0,0.0,0.12,0.1,0.2,0.25,0.2,0.25,0.12,0.1,0.08,0.1
2675,0.0,0.0,0.1,0.0,0.0,0.1,0.1,0.0,0.0,0.0,0.0,0.0,0.0,0.25,0.25,0.1,0.1,0.25,0.25
2681,0.0,0.0,0.1,0.0,0.0,0.1,0.1,0.0,0.0,0.25,0.25,0.2,0.25,0.2,0.25,0.1,0.1,0.2,0.25
2687,0.0,0.0,0.1,0.0,0.0,0.12,0.1,0.0,0.0,0.3,0.25,0.25,0.25,0.25,0.25,0.12,0.1,0.25,0.25
2694,0.0,0.0,0.2,0.0,0.0,0.0,0.0,0.0,0.0,0.0,0.0,0.1,0.1,0.25,0.25,0.3,0.25,0.1,0.1
2701,0.0,0.0,0.1,0.0,0.0,0.0,0.0,0.0,0.0,0.3,0.25,0.2,0.25,0.2,0.25,0.3,0.25,0.08,0.1
2709,0.0,0.0,0.25,0.0,0.0,0.0,0.0,0.0,0.0,0.12,0.1,0.0,0.0,0.2,0.25,0.3,0.25,0.2,0.25
2716,0.0,0.0,0.2,0.0,0.0,0.0,0.0,0.0,0.0,0.0,0.0,0.08,0.1,0.2,0.25,0.3,0.25,0.2,0.25
2724,0.0,0.0,0.08,0.08,0.1,0.0,0.0,0.0,0.0,0.12,0.1,0.2,0.25,0.2,0.25,0.0,0.0,0.0,0.0
2745,0.0,0.0,0.25,0.08,0.1,0.0,0.0,0.0,0.0,0.0,0.0,0.0,0.0,0.2,0.25,0.0,0.0,0.2,0.25
2752,0.0,0.0,0.08,0.08,0.1,0.1,0.1,0.0,0.0,0.25,0.25,0.2,0.25,0.2,0.25,0.0,0.0,0.08,0.1
2760,0.0,0.0,0.08,0.08,0.1,0.1,0.1,0.0,0.0,0.25,0.25,0.2,0.25,0.2,0.25,0.0,0.0,0.2,0.25
2767,0.0,0.0,0.1,0.1,0.1,0.12,0.1,0.0,0.0,0.3,0.25,0.25,0.25,0.25,0.25,0.0,0.0,0.25,0.25
2774,0.0,0.0,0.08,0.1,0.1,0.0,0.0,0.0,0.0,0.3,0.25,0.25,0.25,0.25,0.25,0.12,0.1,0.0,0.0
2781,0.0,0.0,0.1,0.08,0.1,0.0,0.0,0.0,0.0,0.12,0.1,0.08,0.1,0.2,0.25,0.12,0.1,0.08,0.1
2786,0.0,0.0,0.2,0.1,0.1,0.1,0.1,0.0,0.0,0.0,0.0,0.0,0.0,0.25,0.25,0.1,0.1,0.1,0.1
2793,0.0,0.0,0.25,0.08,0.1,0.1,0.1,0.0,0.0,0.1,0.1,0.0,0.0,0.2,0.25,0.1,0.1,0.2,0.25
2800,0.0,0.0,0.2,0.08,0.1,0.1,0.1,0.0,0.0,0.0,0.0,0.08,0.1,0.2,0.25,0.1,0.1,0.2,0.25
2806,0.0,0.0,0.2,0.1,0.1,0.12,0.1,0.0,0.0,0.0,0.0,0.1,0.1,0.25,0.25,0.12,0.1,0.25,0.25
2820,0.0,0.0,0.2,0.08,0.1,0.0,0.0,0.0,0.0,0.12,0.1,0.2,0.25,0.2,0.25,0.3,0.25,0.08,0.1
2828,0.0,0.0,0.2,0.08,0.1,0.0,0.0,0.0,0.0,0.0,0.0,0.0,0.0,0.2,0.25,0.3,0.25,0.2,0.25
2836,0.0,0.0,0.08,0.08,0.1,0.0,0.0,0.0,0.0,0.12,0.1,0.2,0.25,0.2,0.25,0.3,0.25,0.2,0.25
2843,0.0,0.0,0.25,0.25,0.25,0.0,0.0,0.0,0.0,0.25,0.25,0.0,0.0,0.25,0.25,0.0,0.0,0.0,0.0
2851,0.0,0.0,0.25,0.25,0.25,0.0,0.0,0.0,0.0,0.0,0.0,0.25,0.25,0.25,0.25,0.0,0.0,0.0,0.0
2858,0.0,0.0,0.08,0.25,0.25,0.0,0.0,0.0,0.0,0.25,0.25,0.1,0.1,0.25,0.25,0.0,0.0,0.1,0.1
2865,0.0,0.0,0.25,0.2,0.25,0.0,0.0,0.0,0.0,0.1,0.1,0.0,0.0,0.2,0.25,0.0,0.0,0.2,0.25
2873,0.0,0.0,0.25,0.2,0.25,0.0,0.0,0.0,0.0,0.0,0.0,0.08,0.1,0.2,0.25,0.0,0.0,0.2,0.25
2881,0.0,0.0,0.0,0.2,0.25,0.0,0.0,0.1,0.1,0.25,0.25,0.2,0.25,0.2,0.25,0.0,0.0,0.2,0.25
2894,0.12,0.1,0.2,0.25,0.25,0.0,0.0,0.0,0.0,0.3,0.25,0.25,0.25,0.25,0.25,0.0,0.0,0.25,0.25
2900,0.0,0.0,0.2,0.2,0.25,0.12,0.1,0.0,0.0,0.3,0.25,0.08,0.1,0.2,0.25,0.0,0.0,0.0,0.0
2907,0.0,0.0,0.25,0.25,0.25,0.1,0.1,0.0,0.0,0.1,0.1,0.25,0.25,0.25,0.25,0.0,0.0,0.0,0.0
2914,0.0,0.0,0.08,0.25,0.25,0.1,0.1,0.0,0.0,0.1,0.1,0.0,0.0,0.25,0.25,0.0,0.0,0.1,0.1
2921,0.0,0.0,0.0,0.2,0.25,0.1,0.1,0.0,0.0,0.1,0.1,0.2,0.25,0.2,0.25,0.0,0.0,0.08,0.1
2932,0.0,0.0,0.08,0.2,0.25,0.12,0.1,0.0,0.0,0.0,0.0,0.0,0.0,0.2,0.25,0.0,0.0,0.2,0.25
2939,0.0,0.0,0.1,0.25,0.25,0.1,0.1,0.0,0.0,0.0,0.0,0.1,0.1,0.25,0.25,0.0,0.0,0.25,0.25
2946,0.0,0.0,0.0,0.25,0.25,0.1,0.1,0.0,0.0,0.0,0.0,0.25,0.25,0.25,0.25,0.0,0.0,0.25,0.25
2953,0.0,0.0,0.1,0.2,0.25,0.1,0.1,0.1,0.1,0.0,0.0,0.08,0.1,0.2,0.25,0.0,0.0,0.2,0.25
2957,0.0,0.0,0.1,0.2,0.25,0.12,0.1,0.12,0.1,0.0,0.0,0.08,0.1,0.2,0.25,0.0,0.0,0.2,0.25
2964,0.0,0.0,0.2,0.2,0.25,0.0,0.0,0.0,0.0,0.0,0.0,0.08,0.1,0.2,0.25,0.12,0.1,0.0,0.0
2968,0.0,0.0,0.08,0.2,0.25,0.0,0.0,0.0,0.0,0.25,0.25,0.2,0.25,0.2,0.25,0.1,0.1,0.0,0.0
2975,0.0,0.0,0.1,0.25,0.25,0.0,0.0,0.0,0.0,0.3,0.25,0.25,0.25,0.25,0.25,0.12,0.1,0.0,0.0
2981,0.0,0.0,0.25,0.2,0.25,0.0,0.0,0.0,0.0,0.3,0.25,0.2,0.25,0.2,0.25,0.12,0.1,0.08,0.1
3003,0.0,0.0,0.25,0.25,0.25,0.1,0.1,0.1,0.1,0.25,0.25,0.1,0.1,0.25,0.25,0.1,0.1,0.25,0.25
3010,0.0,0.0,0.2,0.25,0.25,0.25,0.25,0.0,0.0,0.0,0.0,0.25,0.25,0.25,0.25,0.1,0.1,0.1,0.1
3018,0.0,0.0,0.08,0.25,0.25,0.25,0.25,0.0,0.0,0.0,0.0,0.1,0.1,0.25,0.25,0.1,0.1,0.25,0.25
3025,0.0,0.0,0.1,0.2,0.25,0.0,0.0,0.0,0.0,0.1,0.1,0.2,0.25,0.2,0.25,0.25,0.25,0.0,0.0
3032,0.0,0.0,0.2,0.2,0.25,0.0,0.0,0.0,0.0,0.1,0.1,0.0,0.0,0.2,0.25,0.25,0.25,0.08,0.1
3037,0.0,0.0,0.25,0.2,0.25,0.0,0.0,0.0,0.0,0.12,0.1,0.0,0.0,0.2,0.25,0.3,0.25,0.08,0.1
3042,0.0,0.0,0.2,0.25,0.25,0.0,0.0,0.0,0.0,0.0,0.0,0.1,0.1,0.25,0.25,0.25,0.25,0.1,0.1
3050,0.0,0.0,0.2,0.25,0.25,0.0,0.0,0.0,0.0,0.25,0.25,0.0,0.0,0.25,0.25,0.25,0.25,0.25,0.25
3057,0.0,0.0,0.25,0.2,0.25,0.0,0.0,0.0,0.0,0.1,0.1,0.08,0.1,0.2,0.25,0.25,0.25,0.2,0.25
3064,0.0,0.0,0.2,0.2,0.25,0.0,0.0,0.0,0.0,0.0,0.0,0.2,0.25,0.2,0.25,0.25,0.25,0.2,0.25
3081,0.0,0.0,0.25,0.2,0.25,0.0,0.0,0.0,0.0,0.25,0.25,0.2,0.25,0.0,0.0,0.0,0.0,0.2,0.25
3088,0.0,0.0,0.2,0.0,0.0,0.0,0.0,0.0,0.0,0.0,0.0,0.08,0.1,0.08,0.1,0.0,0.0,0.2,0.25
3094,0.0,0.0,0.2,0.0,0.0,0.0,0.0,0.0,0.0,0.0,0.0,0.1,0.1,0.1,0.1,0.0,0.0,0.25,0.25
3101,0.0,0.0,0.25,0.08,0.1,0.0,0.0,0.0,0.0,0.3,0.25,0.2,0.25,0.08,0.1,0.0,0.0,0.08,0.1
3108,0.0,0.0,0.2,0.2,0.25,0.0,0.0,0.0,0.0,0.0,0.0,0.0,0.0,0.08,0.1,0.0,0.0,0.08,0.1
3115,0.0,0.0,0.25,0.25,0.25,0.0,0.0,0.0,0.0,0.25,0.25,0.1,0.1,0.1,0.1,0.0,0.0,0.25,0.25
3120,0.0,0.0,0.2,0.2,0.25,0.0,0.0,0.0,0.0,0.1,0.1,0.2,0.25,0.08,0.1,0.0,0.0,0.2,0.25
3126,0.0,0.0,0.2,0.25,0.25,0.0,0.0,0.0,0.0,0.12,0.1,0.25,0.25,0.1,0.1,0.0,0.0,0.25,0.25
3133,0.0,0.0,0.25,0.2,0.25,0.12,0.1,0.0,0.0,0.12,0.1,0.08,0.1,0.08,0.1,0.12,0.1,0.2,0.25
3140,0.0,0.0,0.2,0.2,0.25,0.12,0.1,0.0,0.0,0.0,0.0,0.2,0.25,0.08,0.1,0.12,0.1,0.2,0.25
3147,0.0,0.0,0.0,0.0,0.0,0.0,0.0,0.0,0.0,0.1,0.1,0.0,0.0,0.25,0.25,0.0,0.0,0.1,0.1
3155,0.0,0.0,0.25,0.0,0.0,0.0,0.0,0.0,0.0,0.25,0.25,0.1,0.1,0.25,0.25,0.0,0.0,0.1,0.1
3162,0.0,0.0,0.2,0.0,0.0,0.0,0.0,0.0,0.0,0.1,0.1,0.25,0.25,0.25,0.25,0.0,0.0,0.1,0.1
3167,0.0,0.0,0.25,0.0,0.0,0.0,0.0,0.0,0.0,0.12,0.1,0.25,0.25,0.25,0.25,0.0,0.0,0.1,0.1
3174,0.0,0.0,0.08,0.0,0.0,0.0,0.0,0.0,0.0,0.3,0.25,0.0,0.0,0.25,0.25,0.0,0.0,0.25,0.25
3184,0.0,0.0,0.2,0.0,0.0,0.0,0.0,0.1,0.1,0.25,0.25,0.08,0.1,0.2,0.25,0.0,0.0,0.2,0.25
3189,0.0,0.0,0.25,0.0,0.0,0.0,0.0,0.12,0.1,0.3,0.25,0.08,0.1,0.2,0.25,0.0,0.0,0.2,0.25
3196,0.0,0.0,0.2,0.0,0.0,0.0,0.0,0.12,0.1,0.12,0.1,0.2,0.25,0.2,0.25,0.0,0.0,0.2,0.25
3203,0.0,0.0,0.1,0.0,0.0,0.1,0.1,0.0,0.0,0.1,0.1,0.25,0.25,0.25,0.25,0.0,0.0,0.1,0.1
3212,0.0,0.0,0.08,0.0,0.0,0.0,0.0,0.0,0.0,0.12,0.1,0.08,0.1,0.2,0.25,0.12,0.1,0.08,0.1
3219,0.0,0.0,0.1,0.0,0.0,0.0,0.0,0.0,0.0,0.0,0.0,0.25,0.25,0.25,0.25,0.1,0.1,0.1,0.1
3227,0.0,0.0,0.25,0.0,0.0,0.0,0.0,0.0,0.0,0.0,0.0,0.0,0.0,0.25,0.25,0.1,0.1,0.25,0.25
3235,0.0,0.0,0.1,0.0,0.0,0.1,0.1,0.0,0.0,0.25,0.25,0.1,0.1,0.25,0.25,0.1,0.1,0.25,0.25
3242,0.0,0.0,0.08,0.0,0.0,0.0,0.0,0.0,0.0,0.1,0.1,0.25,0.25,0.25,0.25,0.25,0.25,0.0,0.0
3251,0.0,0.0,0.25,0.0,0.0,0.0,0.0,0.0,0.0,0.0,0.0,0.25,0.25,0.25,0.25,0.25,0.25,0.1,0.1
3258,0.0,0.0,0.2,0.1,0.1,0.0,0.0,0.0,0.0,0.25,0.25,0.0,0.0,0.25,0.25,0.0,0.0,0.0,0.0
3264,0.0,0.0,0.2,0.08,0.1,0.0,0.0,0.0,0.0,0.1,0.1,0.08,0.1,0.2,0.25,0.0,0.0,0.0,0.0
3271,0.0,0.0,0.25,0.1,0.1,0.0,0.0,0.0,0.0,0.12,0.1,0.1,0.1,0.25,0.25,0.0,0.0,0.0,0.0
3281,0.0,0.0,0.25,0.08,0.1,0.0,0.0,0.1,0.1,0.25,0.25,0.0,0.0,0.2,0.25,0.0,0.0,0.08,0.1
3287,0.0,0.0,0.25,0.1,0.1,0.0,0.0,0.12,0.1,0.3,0.25,0.0,0.0,0.25,0.25,0.0,0.0,0.1,0.1
3294,0.0,0.0,0.2,0.1,0.1,0.0,0.0,0.12,0.1,0.12,0.1,0.1,0.1,0.25,0.25,0.0,0.0,0.1,0.1
3301,0.0,0.0,0.1,0.08,0.1,0.0,0.0,0.0,0.0,0.3,0.25,0.0,0.0,0.2,0.25,0.0,0.0,0.2,0.25
3313,0.0,0.0,0.25,0.08,0.1,0.1,0.1,0.0,0.0,0.25,0.25,0.2,0.25,0.2,0.25,0.0,0.0,0.0,0.0
3320,0.0,0.0,0.08,0.08,0.1,0.1,0.1,0.0,0.0,0.1,0.1,0.0,0.0,0.2,0.25,0.0,0.0,0.08,0.1
3327,0.0,0.0,0.1,0.1,0.1,0.12,0.1,0.0,0.0,0.12,0.1,0.0,0.0,0.25,0.25,0.0,0.0,0.1,0.1
3334,0.0,0.0,0.08,0.1,0.1,0.12,0.1,0.0,0.0,0.0,0.0,0.1,0.1,0.25,0.25,0.0,0.0,0.25,0.25
3346,0.0,0.0,0.08,0.1,0.1,0.0,0.0,0.0,0.0,0.1,0.1,0.1,0.1,0.25,0.25,0.1,0.1,0.0,0.0
3356,0.0,0.0,0.08,0.08,0.1,0.0,0.0,0.0,0.0,0.0,0.0,0.2,0.25,0.2,0.25,0.12,0.1,0.0,0.0
3363,0.0,0.0,0.25,0.1,0.1,0.0,0.0,0.0,0.0,0.25,0.25,0.0,0.0,0.25,0.25,0.1,0.1,0.1,0.1
3370,0.0,0.0,0.2,0.1,0.1,0.0,0.0,0.0,0.0,0.1,0.1,0.1,0.1,0.25,0.25,0.1,0.1,0.1,0.1
3377,0.0,0.0,0.25,0.08,0.1,0.0,0.0,0.0,0.0,0.0,0.0,0.2,0.25,0.2,0.25,0.1,0.1,0.08,0.1
3384,0.0,0.0,0.2,0.08,0.1,0.1,0.1,0.0,0.0,0.25,0.25,0.08,0.1,0.2,0.25,0.1,0.1,0.08,0.1
3389,0.0,0.0,0.25,0.08,0.1,0.12,0.1,0.0,0.0,0.3,0.25,0.08,0.1,0.2,0.25,0.12,0.1,0.08,0.1
3405,0.0,0.0,0.25,0.08,0.1,0.12,0.1,0.0,0.0,0.3,0.25,0.0,0.0,0.2,0.25,0.12,0.1,0.2,0.25
3412,0.0,0.0,0.2,0.08,0.1,0.12,0.1,0.0,0.0,0.12,0.1,0.08,0.1,0.2,0.25,0.12,0.1,0.2,0.25
3419,0.0,0.0,0.25,0.1,0.1,0.1,0.1,0.0,0.0,0.0,0.0,0.25,0.25,0.25,0.25,0.1,0.1,0.25,0.25
3426,0.0,0.0,0.2,0.1,0.1,0.1,0.1,0.1,0.1,0.25,0.25,0.25,0.25,0.25,0.25,0.1,0.1,0.25,0.25
3433,0.0,0.0,0.1,0.08,0.1,0.0,0.0,0.0,0.0,0.1,0.1,0.08,0.1,0.2,0.25,0.25,0.25,0.08,0.1
3439,0.0,0.0,0.1,0.1,0.1,0.0,0.0,0.0,0.0,0.12,0.1,0.1,0.1,0.25,0.25,0.3,0.25,0.1,0.1
3447,0.0,0.0,0.1,0.1,0.1,0.0,0.0,0.0,0.0,0.0,0.0,0.25,0.25,0.25,0.25,0.3,0.25,0.1,0.1
3453,0.0,0.0,0.25,0.08,0.1,0.0,0.0,0.0,0.0,0.3,0.25,0.2,0.25,0.2,0.25,0.3,0.25,0.2,0.25
3469,0.0,0.0,0.1,0.2,0.25,0.0,0.0,0.0,0.0,0.0,0.0,0.0,0.0,0.2,0.25,0.0,0.0,0.0,0.0
3472,0.0,0.0,0.2,0.2,0.25,0.0,0.0,0.0,0.0,0.25,0.25,0.0,0.0,0.2,0.25,0.0,0.0,0.08,0.1
3478,0.0,0.0,0.2,0.25,0.25,0.0,0.0,0.0,0.0,0.3,0.25,0.0,0.0,0.25,0.25,0.0,0.0,0.1,0.1
3485,0.0,0.0,0.25,0.2,0.25,0.0,0.0,0.0,0.0,0.12,0.1,0.08,0.1,0.2,0.25,0.0,0.0,0.08,0.1
3493,0.0,0.0,0.25,0.2,0.25,0.0,0.0,0.0,0.0,0.0,0.0,0.2,0.25,0.2,0.25,0.0,0.0,0.08,0.1
3505,0.0,0.0,0.25,0.2,0.25,0.1,0.1,0.0,0.0,0.25,0.25,0.2,0.25,0.2,0.25,0.0,0.0,0.0,0.0
3512,0.0,0.0,0.08,0.2,0.25,0.1,0.1,0.0,0.0,0.25,0.25,0.0,0.0,0.2,0.25,0.0,0.0,0.08,0.1
3519,0.0,0.0,0.1,0.25,0.25,0.12,0.1,0.0,0.0,0.3,0.25,0.0,0.0,0.25,0.25,0.0,0.0,0.1,0.1
3526,0.0,0.0,0.08,0.25,0.25,0.12,0.1,0.0,0.0,0.12,0.1,0.1,0.1,0.25,0.25,0.0,0.0,0.1,0.1
3533,0.0,0.0,0.25,0.2,0.25,0.12,0.1,0.0,0.0,0.3,0.25,0.2,0.25,0.2,0.25,0.0,0.0,0.08,0.1
3540,0.0,0.0,0.2,0.2,0.25,0.12,0.1,0.12,0.1,0.0,0.0,0.08,0.1,0.2,0.25,0.0,0.0,0.08,0.1
3547,0.0,0.0,0.0,0.25,0.25,0.1,0.1,0.0,0.0,0.25,0.25,0.0,0.0,0.25,0.25,0.0,0.0,0.25,0.25
3557,0.0,0.0,0.0,0.2,0.25,0.12,0.1,0.0,0.0,0.12,0.1,0.08,0.1,0.2,0.25,0.0,0.0,0.2,0.25
3564,0.0,0.0,0.0,0.2,0.25,0.12,0.1,0.0,0.0,0.3,0.25,0.2,0.25,0.2,0.25,0.0,0.0,0.2,0.25
3571,0.0,0.0,0.25,0.25,0.25,0.0,0.0,0.0,0.0,0.1,0.1,0.25,0.25,0.25,0.25,0.1,0.1,0.0,0.0
3577,0.0,0.0,0.1,0.2,0.25,0.0,0.0,0.0,0.0,0.1,0.1,0.08,0.1,0.2,0.25,0.1,0.1,0.08,0.1
3583,0.0,0.0,0.1,0.25,0.25,0.0,0.0,0.0,0.0,0.12,0.1,0.1,0.1,0.25,0.25,0.12,0.1,0.1,0.1
3589,0.0,0.0,0.1,0.2,0.25,0.0,0.0,0.0,0.0,0.12,0.1,0.2,0.25,0.2,0.25,0.12,0.1,0.08,0.1
3595,0.0,0.0,0.25,0.25,0.25,0.0,0.0,0.0,0.0,0.25,0.25,0.25,0.25,0.25,0.25,0.1,0.1,0.25,0.25
3601,0.0,0.0,0.25,0.2,0.25,0.0,0.0,0.1,0.1,0.0,0.0,0.08,0.1,0.2,0.25,0.1,0.1,0.2,0.25
3608,0.0,0.0,0.2,0.2,0.25,0.0,0.0,0.1,0.1,0.0,0.0,0.2,0.25,0.2,0.25,0.1,0.1,0.2,0.25
3613,0.0,0.0,0.25,0.2,0.25,0.0,0.0,0.12,0.1,0.0,0.0,0.2,0.25,0.2,0.25,0.12,0.1,0.2,0.25
3620,0.0,0.0,0.0,0.2,0.25,0.12,0.1,0.0,0.0,0.0,0.0,0.2,0.25,0.2,0.25,0.12,0.1,0.2,0.25
3643,0.0,0.0,0.25,0.25,0.25,0.25,0.25,0.0,0.0,0.25,0.25,0.0,0.0,0.25,0.25,0.25,0.25,0.25,0.25
3649,0.0,0.0,0.25,0.2,0.25,0.0,0.0,0.0,0.0,0.1,0.1,0.2,0.25,0.0,0.0,0.0,0.0,0.08,0.1
3654,0.0,0.0,0.2,0.25,0.25,0.0,0.0,0.0,0.0,0.12,0.1,0.25,0.25,0.0,0.0,0.0,0.0,0.1,0.1
3660,0.0,0.0,0.2,0.0,0.0,0.0,0.0,0.0,0.0,0.12,0.1,0.2,0.25,0.08,0.1,0.0,0.0,0.08,0.1
3668,0.0,0.0,0.2,0.08,0.1,0.0,0.0,0.0,0.0,0.3,0.25,0.2,0.25,0.08,0.1,0.0,0.0,0.2,0.25
3675,0.0,0.0,0.25,0.25,0.25,0.0,0.0,0.0,0.0,0.0,0.0,0.0,0.0,0.1,0.1,0.0,0.0,0.0,0.0
3682,0.0,0.0,0.08,0.25,0.25,0.1,0.1,0.0,0.0,0.0,0.0,0.1,0.1,0.1,0.1,0.0,0.0,0.25,0.25
3689,0.0,0.0,0.25,0.2,0.25,0.1,0.1,0.0,0.0,0.1,0.1,0.0,0.0,0.08,0.1,0.1,0.1,0.2,0.25
3697,0.0,0.0,0.25,0.2,0.25,0.1,0.1,0.0,0.0,0.0,0.0,0.08,0.1,0.08,0.1,0.1,0.1,0.2,0.25
3702,0.0,0.0,0.2,0.25,0.25,0.12,0.1,0.0,0.0,0.0,0.0,0.1,0.1,0.1,0.1,0.12,0.1,0.25,0.25
3709,0.0,0.0,0.25,0.0,0.0,0.0,0.0,0.0,0.0,0.3,0.25,0.0,0.0,0.2,0.25,0.0,0.0,0.08,0.1
3718,0.0,0.0,0.2,0.0,0.0,0.0,0.0,0.0,0.0,0.12,0.1,0.1,0.1,0.25,0.25,0.0,0.0,0.1,0.1
3723,0.0,0.0,0.25,0.0,0.0,0.0,0.0,0.0,0.0,0.0,0.0,0.25,0.25,0.25,0.25,0.0,0.0,0.1,0.1
3730,0.0,0.0,0.08,0.0,0.0,0.0,0.0,0.0,0.0,0.1,0.1,0.0,0.0,0.25,0.25,0.0,0.0,0.25,0.25
3740,0.0,0.0,0.0,0.0,0.0,0.0,0.0,0.0,0.0,0.12,0.1,0.2,0.25,0.2,0.25,0.0,0.0,0.2,0.25
3747,0.0,0.0,0.25,0.0,0.0,0.0,0.0,0.0,0.0,0.25,0.25,0.25,0.25,0.25,0.25,0.0,0.0,0.25,0.25
3754,0.0,0.0,0.2,0.0,0.0,0.0,0.0,0.1,0.1,0.1,0.1,0.0,0.0,0.25,0.25,0.0,0.0,0.25,0.25
3760,0.0,0.0,0.2,0.0,0.0,0.0,0.0,0.1,0.1,0.1,0.1,0.08,0.1,0.2,0.25,0.0,0.0,0.2,0.25
3767,0.0,0.0,0.25,0.0,0.0,0.0,0.0,0.12,0.1,0.12,0.1,0.1,0.1,0.25,0.25,0.0,0.0,0.25,0.25
3774,0.0,0.0,0.2,0.0,0.0,0.0,0.0,0.12,0.1,0.0,0.0,0.25,0.25,0.25,0.25,0.0,0.0,0.25,0.25
3782,0.0,0.0,0.2,0.0,0.0,0.0,0.0,0.0,0.0,0.12,0.1,0.0,0.0,0.25,0.25,0.12,0.1,0.1,0.1
3787,0.0,0.0,0.25,0.0,0.0,0.0,0.0,0.0,0.0,0.0,0.0,0.1,0.1,0.25,0.25,0.1,0.1,0.1,0.1
3794,0.0,0.0,0.2,0.0,0.0,0.0,0.0,0.0,0.0,0.25,0.25,0.1,0.1,0.25,0.25,0.1,0.1,0.25,0.25
3802,0.0,0.0,0.2,0.0,0.0,0.0,0.0,0.0,0.0,0.1,0.1,0.25,0.25,0.25,0.25,0.1,0.1,0.25,0.25
3815,0.0,0.0,0.25,0.0,0.0,0.12,0.1,0.0,0.0,0.12,0.1,0.0,0.0,0.25,0.25,0.12,0.1,0.1,0.1
3821,0.0,0.0,0.25,0.0,0.0,0.12,0.1,0.0,0.0,0.0,0.0,0.08,0.1,0.2,0.25,0.12,0.1,0.08,0.1
3828,0.0,0.0,0.2,0.0,0.0,0.12,0.1,0.0,0.0,0.12,0.1,0.08,0.1,0.2,0.25,0.12,0.1,0.2,0.25
3835,0.0,0.0,0.25,0.0,0.0,0.1,0.1,0.0,0.0,0.0,0.0,0.25,0.25,0.25,0.25,0.1,0.1,0.25,0.25
3842,0.0,0.0,0.08,0.0,0.0,0.0,0.0,0.0,0.0,0.0,0.0,0.1,0.1,0.25,0.25,0.25,0.25,0.1,0.1
3848,0.0,0.0,0.2,0.0,0.0,0.0,0.0,0.0,0.0,0.25,0.25,0.2,0.25,0.2,0.25,0.25,0.25,0.08,0.1
3857,0.0,0.0,0.25,0.0,0.0,0.0,0.0,0.0,0.0,0.25,0.25,0.0,0.0,0.2,0.25,0.25,0.25,0.2,0.25
3862,0.0,0.0,0.2,0.0,0.0,0.0,0.0,0.0,0.0,0.3,0.25,0.0,0.0,0.25,0.25,0.3,0.25,0.25,0.25
3870,0.0,0.0,0.2,0.0,0.0,0.0,0.0,0.0,0.0,0.12,0.1,0.1,0.1,0.25,0.25,0.3,0.25,0.25,0.25
3878,0.0,0.0,0.2,0.0,0.0,0.0,0.0,0.0,0.0,0.0,0.0,0.25,0.25,0.25,0.25,0.3,0.25,0.25,0.25
3885,0.0,0.0,0.25,0.08,0.1,0.0,0.0,0.0,0.0,0.3,0.25,0.08,0.1,0.2,0.25,0.0,0.0,0.0,0.0
3892,0.0,0.0,0.2,0.08,0.1,0.0,0.0,0.0,0.0,0.0,0.0,0.0,0.0,0.2,0.25,0.0,0.0,0.08,0.1
3905,0.0,0.0,0.25,0.08,0.1,0.0,0.0,0.0,0.0,0.25,0.25,0.2,0.25,0.2,0.25,0.0,0.0,0.2,0.25
3916,0.0,0.0,0.2,0.08,0.1,0.0,0.0,0.12,0.1,0.12,0.1,0.0,0.0,0.2,0.25,0.0,0.0,0.2,0.25
3923,0.0,0.0,0.25,0.1,0.1,0.0,0.0,0.1,0.1,0.0,0.0,0.1,0.1,0.25,0.25,0.0,0.0,0.25,0.25
3928,0.0,0.0,0.08,0.08,0.1,0.1,0.1,0.0,0.0,0.1,0.1,0.08,0.1,0.2,0.25,0.0,0.0,0.08,0.1
3935,0.0,0.0,0.1,0.1,0.1,0.12,0.1,0.0,0.0,0.12,0.1,0.1,0.1,0.25,0.25,0.0,0.0,0.1,0.1
3942,0.0,0.0,0.08,0.1,0.1,0.12,0.1,0.0,0.0,0.0,0.0,0.25,0.25,0.25,0.25,0.0,0.0,0.1,0.1
3948,0.0,0.0,0.08,0.08,0.1,0.12,0.1,0.0,0.0,0.0,0.0,0.0,0.0,0.2,0.25,0.0,0.0,0.2,0.25
3955,0.0,0.0,0.0,0.1,0.1,0.1,0.1,0.0,0.0,0.1,0.1,0.1,0.1,0.25,0.25,0.0,0.0,0.25,0.25
3962,0.0,0.0,0.08,0.1,0.1,0.1,0.1,0.0,0.0,0.1,0.1,0.25,0.25,0.25,0.25,0.0,0.0,0.25,0.25
3969,0.0,0.0,0.1,0.08,0.1,0.0,0.0,0.0,0.0,0.1,0.1,0.2,0.25,0.2,0.25,0.1,0.1,0.0,0.0
3976,0.0,0.0,0.2,0.08,0.1,0.0,0.0,0.0,0.0,0.1,0.1,0.0,0.0,0.2,0.25,0.1,0.1,0.2,0.25
3981,0.0,0.0,0.25,0.08,0.1,0.0,0.0,0.0,0.0,0.12,0.1,0.0,0.0,0.2,0.25,0.12,0.1,0.2,0.25
3988,0.0,0.0,0.2,0.08,0.1,0.0,0.0,0.0,0.0,0.0,0.0,0.08,0.1,0.2,0.25,0.12,0.1,0.2,0.25
3994,0.0,0.0,0.2,0.1,0.1,0.1,0.1,0.0,0.0,0.25,0.25,0.0,0.0,0.25,0.25,0.1,0.1,0.1,0.1
4000,0.0,0.0,0.2,0.08,0.1,0.1,0.1,0.0,0.0,0.1,0.1,0.08,0.1,0.2,0.25,0.1,0.1,0.08,0.1
4007,0.0,0.0,0.25,0.1,0.1,0.12,0.1,0.0,0.0,0.12,0.1,0.1,0.1,0.25,0.25,0.12,0.1,0.1,0.1
4022,0.0,0.0,0.0,0.1,0.1,0.12,0.1,0.0,0.0,0.0,0.0,0.1,0.1,0.25,0.25,0.12,0.1,0.25,0.25
4029,0.0,0.0,0.25,0.08,0.1,0.12,0.1,0.0,0.0,0.3,0.25,0.2,0.25,0.2,0.25,0.12,0.1,0.2,0.25
4036,0.0,0.0,0.2,0.08,0.1,0.12,0.1,0.12,0.1,0.0,0.0,0.08,0.1,0.2,0.25,0.12,0.1,0.2,0.25
4040,0.0,0.0,0.08,0.08,0.1,0.0,0.0,0.0,0.0,0.0,0.0,0.08,0.1,0.2,0.25,0.25,0.25,0.0,0.0
4048,0.0,0.0,0.08,0.08,0.1,0.0,0.0,0.0,0.0,0.1,0.1,0.2,0.25,0.2,0.25,0.25,0.25,0.0,0.0
4056,0.0,0.0,0.2,0.08,0.1,0.0,0.0,0.0,0.0,0.25,0.25,0.0,0.0,0.2,0.25,0.25,0.25,0.2,0.25
4061,0.0,0.0,0.25,0.08,0.1,0.0,0.0,0.0,0.0,0.3,0.25,0.0,0.0,0.2,0.25,0.3,0.25,0.2,0.25
4068,0.0,0.0,0.2,0.08,0.1,0.0,0.0,0.0,0.0,0.12,0.1,0.08,0.1,0.2,0.25,0.3,0.25,0.2,0.25
4074,0.0,0.0,0.2,0.1,0.1,0.0,0.0,0.0,0.0,0.0,0.0,0.25,0.25,0.25,0.25,0.25,0.25,0.25,0.25
4082,0.0,0.0,0.2,0.25,0.25,0.0,0.0,0.0,0.0,0.1,0.1,0.0,0.0,0.25,0.25,0.0,0.0,0.0,0.0
4090,0.0,0.0,0.08,0.25,0.25,0.0,0.0,0.0,0.0,0.25,0.25,0.1,0.1,0.25,0.25,0.0,0.0,0.0,0.0
4097,0.0,0.0,0.25,0.2,0.25,0.0,0.0,0.0,0.0,0.1,0.1,0.0,0.0,0.2,0.25,0.0,0.0,0.08,0.1
4104,0.0,0.0,0.2,0.2,0.25,0.0,0.0,0.0,0.0,0.0,0.0,0.08,0.1,0.2,0.25,0.0,0.0,0.08,0.1
4112,0.0,0.0,0.08,0.2,0.25,0.0,0.0,0.0,0.0,0.25,0.25,0.2,0.25,0.2,0.25,0.0,0.0,0.08,0.1
4118,0.0,0.0,0.08,0.25,0.25,0.0,0.0,0.0,0.0,0.3,0.25,0.25,0.25,0.25,0.25,0.0,0.0,0.1,0.1
4125,0.0,0.0,0.25,0.2,0.25,0.0,0.0,0.0,0.0,0.3,0.25,0.08,0.1,0.2,0.25,0.0,0.0,0.2,0.25
4132,0.0,0.0,0.2,0.2,0.25,0.0,0.0,0.0,0.0,0.12,0.1,0.2,0.25,0.2,0.25,0.0,0.0,0.2,0.25
4139,0.0,0.0,0.25,0.25,0.25,0.0,0.0,0.1,0.1,0.0,0.0,0.0,0.0,0.25,0.25,0.0,0.0,0.25,0.25
4145,0.1,0.1,0.1,0.2,0.25,0.0,0.0,0.0,0.0,0.25,0.25,0.0,0.0,0.2,0.25,0.0,0.0,0.2,0.25
4161,0.0,0.0,0.25,0.2,0.25,0.1,0.1,0.0,0.0,0.25,0.25,0.0,0.0,0.2,0.25,0.0,0.0,0.08,0.1
4168,0.0,0.0,0.2,0.2,0.25,0.1,0.1,0.0,0.0,0.0,0.0,0.08,0.1,0.2,0.25,0.0,0.0,0.08,0.1
4176,0.0,0.0,0.2,0.2,0.25,0.1,0.1,0.1,0.1,0.25,0.25,0.2,0.25,0.2,0.25,0.0,0.0,0.08,0.1
4194,0.0,0.0,0.2,0.25,0.25,0.1,0.1,0.0,0.0,0.1,0.1,0.1,0.1,0.25,0.25,0.0,0.0,0.25,0.25
4201,0.0,0.0,0.25,0.2,0.25,0.1,0.1,0.0,0.0,0.0,0.0,0.2,0.25,0.2,0.25,0.0,0.0,0.2,0.25
4208,0.0,0.0,0.08,0.2,0.25,0.1,0.1,0.1,0.1,0.0,0.0,0.2,0.25,0.2,0.25,0.0,0.0,0.2,0.25
4212,0.0,0.0,0.08,0.2,0.25,0.12,0.1,0.12,0.1,0.0,0.0,0.2,0.25,0.2,0.25,0.0,0.0,0.2,0.25
4219,0.0,0.0,0.1,0.25,0.25,0.0,0.0,0.0,0.0,0.1,0.1,0.1,0.1,0.25,0.25,0.1,0.1,0.0,0.0
4225,0.0,0.0,0.1,0.2,0.25,0.0,0.0,0.0,0.0,0.0,0.0,0.2,0.25,0.2,0.25,0.1,0.1,0.0,0.0
4232,0.0,0.0,0.2,0.2,0.25,0.0,0.0,0.0,0.0,0.0,0.0,0.0,0.0,0.2,0.25,0.1,0.1,0.08,0.1
4239,0.0,0.0,0.25,0.25,0.25,0.0,0.0,0.0,0.0,0.0,0.0,0.0,0.0,0.25,0.25,0.12,0.1,0.1,0.1
4246,0.0,0.0,0.08,0.25,0.25,0.0,0.0,0.0,0.0,0.3,0.25,0.1,0.1,0.25,0.25,0.12,0.1,0.1,0.1
4253,0.0,0.0,0.1,0.2,0.25,0.0,0.0,0.0,0.0,0.0,0.0,0.2,0.25,0.2,0.25,0.12,0.1,0.08,0.1
4268,0.0,0.0,0.2,0.2,0.25,0.12,0.1,0.0,0.0,0.0,0.0,0.0,0.0,0.2,0.25,0.12,0.1,0.08,0.1
4275,0.0,0.0,0.25,0.25,0.25,0.1,0.1,0.0,0.0,0.0,0.0,0.0,0.0,0.25,0.25,0.1,0.1,0.25,0.25
4289,0.0,0.0,0.25,0.2,0.25,0.1,0.1,0.1,0.1,0.25,0.25,0.0,0.0,0.2,0.25,0.1,0.1,0.2,0.25
4296,0.0,0.0,0.2,0.2,0.25,0.1,0.1,0.1,0.1,0.1,0.1,0.08,0.1,0.2,0.25,0.1,0.1,0.2,0.25
4302,0.0,0.0,0.2,0.25,0.25,0.12,0.1,0.12,0.1,0.12,0.1,0.1,0.1,0.25,0.25,0.12,0.1,0.25,0.25
4309,0.12,0.1,0.25,0.2,0.25,0.12,0.1,0.0,0.0,0.0,0.0,0.2,0.25,0.2,0.25,0.12,0.1,0.2,0.25
4315,0.0,0.0,0.25,0.25,0.25,0.0,0.0,0.0,0.0,0.0,0.0,0.25,0.25,0.25,0.25,0.25,0.25,0.0,0.0
4328,0.0,0.0,0.2,0.2,0.25,0.0,0.0,0.0,0.0,0.1,0.1,0.2,0.25,0.2,0.25,0.25,0.25,0.08,0.1
4335,0.0,0.0,0.25,0.25,0.25,0.0,0.0,0.0,0.0,0.12,0.1,0.25,0.25,0.25,0.25,0.3,0.25,0.1,0.1
4342,0.0,0.0,0.08,0.25,0.25,0.0,0.0,0.0,0.0,0.12,0.1,0.1,0.1,0.25,0.25,0.3,0.25,0.25,0.25
4349,0.0,0.0,0.1,0.2,0.25,0.0,0.0,0.0,0.0,0.12,0.1,0.2,0.25,0.2,0.25,0.3,0.25,0.2,0.25
4356,0.0,0.0,0.2,0.2,0.25,0.3,0.25,0.0,0.0,0.0,0.0,0.0,0.0,0.2,0.25,0.3,0.25,0.2,0.25
4363,0.0,0.0,0.25,0.25,0.25,0.0,0.0,0.0,0.0,0.1,0.1,0.25,0.25,0.0,0.0,0.0,0.0,0.25,0.25
4369,0.0,0.0,0.25,0.0,0.0,0.0,0.0,0.0,0.0,0.1,0.1,0.2,0.25,0.08,0.1,0.0,0.0,0.2,0.25
4376,0.0,0.0,0.2,0.08,0.1,0.0,0.0,0.0,0.0,0.1,0.1,0.08,0.1,0.08,0.1,0.0,0.0,0.08,0.1
4383,0.0,0.0,0.25,0.1,0.1,0.0,0.0,0.0,0.0,0.12,0.1,0.1,0.1,0.1,0.1,0.0,0.0,0.1,0.1
4390,0.0,0.0,0.2,0.1,0.1,0.0,0.0,0.0,0.0,0.0,0.0,0.25,0.25,0.1,0.1,0.0,0.0,0.1,0.1
4396,0.0,0.0,0.2,0.08,0.1,0.12,0.1,0.0,0.0,0.12,0.1,0.2,0.25,0.08,0.1,0.12,0.1,0.2,0.25
4402,0.0,0.0,0.2,0.25,0.25,0.0,0.0,0.0,0.0,0.0,0.0,0.1,0.1,0.1,0.1,0.0,0.0,0.1,0.1
4409,0.0,0.0,0.1,0.2,0.25,0.0,0.0,0.0,0.0,0.1,0.1,0.08,0.1,0.08,0.1,0.0,0.0,0.2,0.25
4417,0.0,0.0,0.25,0.2,0.25,0.1,0.1,0.0,0.0,0.0,0.0,0.2,0.25,0.08,0.1,0.0,0.0,0.0,0.0
4424,0.0,0.0,0.2,0.2,0.25,0.1,0.1,0.1,0.1,0.0,0.0,0.0,0.0,0.08,0.1,0.0,0.0,0.2,0.25
4431,0.0,0.0,0.25,0.25,0.25,0.12,0.1,0.12,0.1,0.0,0.0,0.0,0.0,0.1,0.1,0.0,0.0,0.25,0.25
4438,0.0,0.0,0.08,0.25,0.25,0.0,0.0,0.0,0.0,0.12,0.1,0.25,0.25,0.1,0.1,0.12,0.1,0.25,0.25
4451,0.0,0.0,0.0,0.0,0.0,0.0,0.0,0.0,0.0,0.25,0.25,0.0,0.0,0.25,0.25,0.0,0.0,0.25,0.25
4458,0.0,0.0,0.0,0.0,0.0,0.0,0.0,0.0,0.0,0.25,0.25,0.25,0.25,0.25,0.25,0.0,0.0,0.25,0.25
4465,0.0,0.0,0.25,0.0,0.0,0.1,0.1,0.0,0.0,0.0,0.0,0.08,0.1,0.2,0.25,0.0,0.0,0.2,0.25
4472,0.0,0.0,0.08,0.0,0.0,0.1,0.1,0.0,0.0,0.0,0.0,0.2,0.25,0.2,0.25,0.0,0.0,0.2,0.25
4479,0.0,0.0,0.1,0.0,0.0,0.12,0.1,0.0,0.0,0.0,0.0,0.25,0.25,0.25,0.25,0.0,0.0,0.25,0.25
4485,0.0,0.0,0.1,0.0,0.0,0.0,0.0,0.0,0.0,0.0,0.0,0.2,0.25,0.2,0.25,0.12,0.1,0.0,0.0
4492,0.0,0.0,0.2,0.0,0.0,0.0,0.0,0.0,0.0,0.3,0.25,0.0,0.0,0.2,0.25,0.12,0.1,0.08,0.1
4499,0.0,0.0,0.25,0.0,0.0,0.0,0.0,0.0,0.0,0.1,0.1,0.1,0.1,0.25,0.25,0.1,0.1,0.1,0.1
4507,0.0,0.0,0.25,0.0,0.0,0.0,0.0,0.0,0.0,0.0,0.0,0.25,0.25,0.25,0.25,0.1,0.1,0.1,0.1
4514,0.0,0.0,0.2,0.0,0.0,0.0,0.0,0.0,0.0,0.25,0.25,0.0,0.0,0.25,0.25,0.1,0.1,0.25,0.25
4521,0.0,0.0,0.25,0.0,0.0,0.0,0.0,0.0,0.0,0.1,0.1,0.08,0.1,0.2,0.25,0.1,0.1,0.2,0.25
4527,0.0,0.0,0.25,0.0,0.0,0.0,0.0,0.0,0.0,0.12,0.1,0.1,0.1,0.25,0.25,0.12,0.1,0.25,0.25
4534,0.0,0.0,0.2,0.0,0.0,0.0,0.0,0.0,0.0,0.0,0.0,0.25,0.25,0.25,0.25,0.12,0.1,0.25,0.25
4540,0.0,0.0,0.08,0.0,0.0,0.12,0.1,0.0,0.0,0.3,0.25,0.0,0.0,0.2,0.25,0.12,0.1,0.2,0.25
4547,0.0,0.0,0.1,0.0,0.0,0.1,0.1,0.0,0.0,0.0,0.0,0.1,0.1,0.25,0.25,0.1,0.1,0.25,0.25
4556,0.0,0.0,0.0,0.0,0.0,0.12,0.1,0.0,0.0,0.0,0.0,0.2,0.25,0.2,0.25,0.12,0.1,0.2,0.25
4565,0.0,0.0,0.25,0.0,0.0,0.12,0.1,0.0,0.0,0.3,0.25,0.2,0.25,0.2,0.25,0.12,0.1,0.2,0.25
4572,0.0,0.0,0.2,0.0,0.0,0.12,0.1,0.12,0.1,0.0,0.0,0.2,0.25,0.2,0.25,0.12,0.1,0.2,0.25
4579,0.0,0.0,0.1,0.0,0.0,0.0,0.0,0.0,0.0,0.25,0.25,0.1,0.1,0.25,0.25,0.25,0.25,0.1,0.1
4586,0.0,0.0,0.08,0.0,0.0,0.0,0.0,0.0,0.0,0.1,0.1,0.25,0.25,0.25,0.25,0.25,0.25,0.1,0.1
4594,0.0,0.0,0.2,0.0,0.0,0.0,0.0,0.0,0.0,0.25,0.25,0.1,0.1,0.25,0.25,0.25,0.25,0.25,0.25
4602,0.0,0.0,0.2,0.0,0.0,0.0,0.0,0.0,0.0,0.1,0.1,0.25,0.25,0.25,0.25,0.25,0.25,0.25,0.25
4607,0.0,0.0,0.25,0.0,0.0,0.0,0.0,0.0,0.0,0.12,0.1,0.25,0.25,0.25,0.25,0.3,0.25,0.25,0.25
4615,0.0,0.0,0.25,0.1,0.1,0.0,0.0,0.0,0.0,0.12,0.1,0.0,0.0,0.25,0.25,0.0,0.0,0.1,0.1
4624,0.0,0.0,0.2,0.08,0.1,0.0,0.0,0.1,0.1,0.25,0.25,0.08,0.1,0.2,0.25,0.0,0.0,0.08,0.1
4630,0.0,0.0,0.2,0.1,0.1,0.0,0.0,0.12,0.1,0.3,0.25,0.1,0.1,0.25,0.25,0.0,0.0,0.1,0.1
4637,0.0,0.0,0.25,0.08,0.1,0.0,0.0,0.12,0.1,0.3,0.25,0.0,0.0,0.2,0.25,0.0,0.0,0.2,0.25
4644,0.0,0.0,0.2,0.08,0.1,0.0,0.0,0.12,0.1,0.12,0.1,0.08,0.1,0.2,0.25,0.0,0.0,0.2,0.25
4649,0.0,0.0,0.25,0.08,0.1,0.1,0.1,0.0,0.0,0.0,0.0,0.2,0.25,0.2,0.25,0.0,0.0,0.0,0.0
4655,0.0,0.0,0.25,0.1,0.1,0.12,0.1,0.0,0.0,0.0,0.0,0.25,0.25,0.25,0.25,0.0,0.0,0.0,0.0
4662,0.0,0.0,0.08,0.1,0.1,0.12,0.1,0.0,0.0,0.0,0.0,0.1,0.1,0.25,0.25,0.0,0.0,0.1,0.1
4678,0.0,0.0,0.2,0.1,0.1,0.12,0.1,0.0,0.0,0.3,0.25,0.25,0.25,0.25,0.25,0.0,0.0,0.1,0.1
4685,0.0,0.0,0.25,0.08,0.1,0.12,0.1,0.0,0.0,0.12,0.1,0.2,0.25,0.2,0.25,0.0,0.0,0.2,0.25
4692,0.0,0.0,0.2,0.08,0.1,0.12,0.1,0.12,0.1,0.0,0.0,0.0,0.0,0.2,0.25,0.0,0.0,0.2,0.25
4699,0.0,0.0,0.25,0.1,0.1,0.0,0.0,0.0,0.0,0.0,0.0,0.0,0.0,0.25,0.25,0.1,0.1,0.1,0.1
4706,0.0,0.0,0.08,0.1,0.1,0.0,0.0,0.0,0.0,0.25,0.25,0.1,0.1,0.25,0.25,0.1,0.1,0.1,0.1
4713,0.0,0.0,0.1,0.08,0.1,0.0,0.0,0.0,0.0,0.1,0.1,0.2,0.25,0.2,0.25,0.1,0.1,0.08,0.1
4720,0.0,0.0,0.2,0.08,0.1,0.0,0.0,0.0,0.0,0.25,0.25,0.2,0.25,0.2,0.25,0.1,0.1,0.2,0.25
4727,0.0,0.0,0.25,0.1,0.1,0.0,0.0,0.0,0.0,0.3,0.25,0.25,0.25,0.25,0.25,0.12,0.1,0.25,0.25
4735,0.0,0.0,0.25,0.1,0.1,0.12,0.1,0.0,0.0,0.12,0.1,0.0,0.0,0.25,0.25,0.12,0.1,0.1,0.1
4742,0.0,0.0,0.2,0.1,0.1,0.12,0.1,0.0,0.0,0.0,0.0,0.1,0.1,0.25,0.25,0.12,0.1,0.1,0.1
4749,0.0,0.0,0.25,0.08,0.1,0.12,0.1,0.0,0.0,0.0,0.0,0.0,0.0,0.2,0.25,0.12,0.1,0.2,0.25
4756,0.0,0.0,0.08,0.08,0.1,0.12,0.1,0.0,0.0,0.3,0.25,0.08,0.1,0.2,0.25,0.12,0.1,0.2,0.25
4762,0.0,0.0,0.2,0.1,0.1,0.1,0.1,0.1,0.1,0.1,0.1,0.25,0.25,0.25,0.25,0.1,0.1,0.25,0.25
4779,0.0,0.0,0.25,0.1,0.1,0.0,0.0,0.0,0.0,0.1,0.1,0.0,0.0,0.25,0.25,0.25,0.25,0.1,0.1
4786,0.0,0.0,0.2,0.1,0.1,0.0,0.0,0.0,0.0,0.0,0.0,0.1,0.1,0.25,0.25,0.25,0.25,0.1,0.1
4792,0.0,0.0,0.08,0.08,0.1,0.0,0.0,0.0,0.0,0.25,0.25,0.2,0.25,0.2,0.25,0.25,0.25,0.08,0.1
4798,0.0,0.0,0.08,0.1,0.1,0.0,0.0,0.0,0.0,0.3,0.25,0.25,0.25,0.25,0.25,0.3,0.25,0.1,0.1
4805,0.0,0.0,0.1,0.08,0.1,0.0,0.0,0.0,0.0,0.12,0.1,0.08,0.1,0.2,0.25,0.3,0.25,0.2,0.25
4812,0.0,0.0,0.08,0.08,0.1,0.0,0.0,0.0,0.0,0.0,0.0,0.2,0.25,0.2,0.25,0.3,0.25,0.2,0.25
4819,0.0,0.0,0.25,0.25,0.25,0.0,0.0,0.0,0.0,0.1,0.1,0.25,0.25,0.25,0.25,0.0,0.0,0.0,0.0
4826,0.0,0.0,0.2,0.25,0.25,0.0,0.0,0.0,0.0,0.25,0.25,0.1,0.1,0.25,0.25,0.0,0.0,0.1,0.1
4833,0.0,0.0,0.25,0.2,0.25,0.0,0.0,0.0,0.0,0.1,0.1,0.2,0.25,0.2,0.25,0.0,0.0,0.08,0.1
4839,0.0,0.0,0.25,0.25,0.25,0.0,0.0,0.0,0.0,0.12,0.1,0.25,0.25,0.25,0.25,0.0,0.0,0.1,0.1
4844,0.0,0.0,0.2,0.2,0.25,0.0,0.0,0.12,0.1,0.0,0.0,0.0,0.0,0.2,0.25,0.0,0.0,0.08,0.1
4851,0.0,0.0,0.25,0.25,0.25,0.0,0.0,0.0,0.0,0.0,0.0,0.0,0.0,0.25,0.25,0.0,0.0,0.25,0.25
4858,0.0,0.0,0.08,0.25,0.25,0.1,0.1,0.0,0.0,0.0,0.0,0.0,0.0,0.25,0.25,0.0,0.0,0.1,0.1
4873,0.0,0.0,0.25,0.2,0.25,0.1,0.1,0.0,0.0,0.25,0.25,0.08,0.1,0.2,0.25,0.0,0.0,0.08,0.1
4878,0.0,0.0,0.2,0.25,0.25,0.12,0.1,0.0,0.0,0.3,0.25,0.1,0.1,0.25,0.25,0.0,0.0,0.1,0.1
4884,0.0,0.0,0.2,0.2,0.25,0.12,0.1,0.0,0.0,0.12,0.1,0.2,0.25,0.2,0.25,0.0,0.0,0.08,0.1
4891,0.0,0.0,0.1,0.25,0.25,0.1,0.1,0.0,0.0,0.1,0.1,0.0,0.0,0.25,0.25,0.0,0.0,0.25,0.25
4898,0.0,0.0,0.0,0.25,0.25,0.1,0.1,0.0,0.0,0.25,0.25,0.1,0.1,0.25,0.25,0.0,0.0,0.25,0.25
4905,0.0,0.0,0.1,0.2,0.25,0.1,0.1,0.0,0.0,0.0,0.0,0.2,0.25,0.2,0.25,0.0,0.0,0.2,0.25
4911,0.0,0.0,0.1,0.25,0.25,0.12,0.1,0.0,0.0,0.0,0.0,0.25,0.25,0.25,0.25,0.0,0.0,0.25,0.25
4918,0.0,0.0,0.2,0.25,0.25,0.12,0.1,0.0,0.0,0.3,0.25,0.25,0.25,0.25,0.25,0.0,0.0,0.25,0.25
4925,0.0,0.0,0.25,0.2,0.25,0.12,0.1,0.12,0.1,0.12,0.1,0.2,0.25,0.2,0.25,0.0,0.0,0.2,0.25
4932,0.0,0.0,0.0,0.2,0.25,0.0,0.0,0.0,0.0,0.12,0.1,0.2,0.25,0.2,0.25,0.12,0.1,0.0,0.0
4939,0.0,0.0,0.25,0.25,0.25,0.0,0.0,0.0,0.0,0.1,0.1,0.0,0.0,0.25,0.25,0.1,0.1,0.1,0.1
4946,0.0,0.0,0.2,0.25,0.25,0.0,0.0,0.0,0.0,0.0,0.0,0.1,0.1,0.25,0.25,0.1,0.1,0.1,0.1
4953,0.0,0.0,0.1,0.2,0.25,0.0,0.0,0.0,0.0,0.25,0.25,0.2,0.25,0.2,0.25,0.1,0.1,0.08,0.1
4960,0.0,0.0,0.2,0.2,0.25,0.0,0.0,0.0,0.0,0.0,0.0,0.0,0.0,0.2,0.25,0.1,0.1,0.2,0.25
4968,0.0,0.0,0.2,0.2,0.25,0.0,0.0,0.0,0.0,0.0,0.0,0.08,0.1,0.2,0.25,0.1,0.1,0.2,0.25
4974,0.0,0.0,0.2,0.25,0.25,0.0,0.0,0.0,0.0,0.0,0.0,0.1,0.1,0.25,0.25,0.12,0.1,0.25,0.25
4980,0.0,0.0,0.2,0.2,0.25,0.0,0.0,0.12,0.1,0.3,0.25,0.2,0.25,0.2,0.25,0.12,0.1,0.2,0.25
4987,0.0,0.0,0.0,0.25,0.25,0.1,0.1,0.0,0.0,0.0,0.0,0.0,0.0,0.25,0.25,0.1,0.1,0.25,0.25
4996,0.0,0.0,0.2,0.2,0.25,0.12,0.1,0.0,0.0,0.3,0.25,0.0,0.0,0.2,0.25,0.12,0.1,0.2,0.25
5003,0.0,0.0,0.25,0.25,0.25,0.1,0.1,0.0,0.0,0.1,0.1,0.1,0.1,0.25,0.25,0.1,0.1,0.25,0.25
5010,0.0,0.0,0.2,0.25,0.25,0.1,0.1,0.0,0.0,0.0,0.0,0.25,0.25,0.25,0.25,0.1,0.1,0.25,0.25
5017,0.0,0.0,0.25,0.2,0.25,0.0,0.0,0.0,0.0,0.25,0.25,0.08,0.1,0.2,0.25,0.25,0.25,0.08,0.1
5030,0.0,0.0,0.2,0.25,0.25,0.0,0.0,0.0,0.0,0.3,0.25,0.25,0.25,0.25,0.25,0.3,0.25,0.1,0.1
5037,0.0,0.0,0.25,0.2,0.25,0.0,0.0,0.0,0.0,0.3,0.25,0.08,0.1,0.2,0.25,0.3,0.25,0.2,0.25
5044,0.0,0.0,0.2,0.2,0.25,0.0,0.0,0.0,0.0,0.12,0.1,0.2,0.25,0.2,0.25,0.3,0.25,0.2,0.25
5054,0.0,0.0,0.2,0.25,0.25,0.3,0.25,0.0,0.0,0.12,0.1,0.0,0.0,0.25,0.25,0.3,0.25,0.25,0.25
