5,0.0,0.0,0.1,0.0,0.0,0.0,0.0,0.0,0.0,0.0,0.0,0.0,0.0,0.08,0.1,0.0,0.0,0.2,0.25
12,0.0,0.0,0.2,0.08,0.1,0.0,0.0,0.0,0.0,0.12,0.1,0.2,0.25,0.08,0.1,0.0,0.0,0.08,0.1
19,0.0,0.0,0.1,0.1,0.1,0.0,0.0,0.0,0.0,0.25,0.25,0.0,0.0,0.1,0.1,0.0,0.0,0.25,0.25
26,0.0,0.0,0.2,0.25,0.25,0.0,0.0,0.0,0.0,0.1,0.1,0.0,0.0,0.1,0.1,0.0,0.0,0.0,0.0
33,0.0,0.0,0.25,0.2,0.25,0.0,0.0,0.0,0.0,0.25,0.25,0.08,0.1,0.08,0.1,0.0,0.0,0.08,0.1
40,0.0,0.0,0.2,0.2,0.25,0.0,0.0,0.0,0.0,0.1,0.1,0.2,0.25,0.08,0.1,0.0,0.0,0.08,0.1
47,0.0,0.0,0.25,0.25,0.25,0.0,0.0,0.0,0.0,0.12,0.1,0.25,0.25,0.1,0.1,0.0,0.0,0.1,0.1
54,0.0,0.0,0.08,0.25,0.25,0.12,0.1,0.0,0.0,0.12,0.1,0.1,0.1,0.1,0.1,0.0,0.0,0.25,0.25
61,0.0,0.0,0.1,0.2,0.25,0.0,0.0,0.0,0.0,0.0,0.0,0.2,0.25,0.08,0.1,0.12,0.1,0.2,0.25
68,0.0,0.0,0.2,0.2,0.25,0.0,0.0,0.0,0.0,0.0,0.0,0.2,0.25,0.08,0.1,0.3,0.25,0.2,0.25
76,0.0,0.0,0.2,0.0,0.0,0.0,0.0,0.0,0.0,0.0,0.0,0.0,0.0,0.2,0.25,0.0,0.0,0.0,0.0
83,0.0,0.0,0.25,0.0,0.0,0.0,0.0,0.0,0.0,0.0,0.0,0.1,0.1,0.25,0.25,0.0,0.0,0.0,0.0
90,0.0,0.0,0.08,0.0,0.0,0.0,0.0,0.0,0.0,0.25,0.25,0.0,0.0,0.25,0.25,0.0,0.0,0.1,0.1
97,0.0,0.0,0.25,0.0,0.0,0.0,0.0,0.1,0.1,0.0,0.0,0.2,0.25,0.2,0.25,0.0,0.0,0.08,0.1
104,0.0,0.0,0.2,0.0,0.0,0.0,0.0,0.0,0.0,0.0,0.0,0.0,0.0,0.2,0.25,0.0,0.0,0.2,0.25
111,0.0,0.0,0.25,0.0,0.0,0.0,0.0,0.0,0.0,0.0,0.0,0.0,0.0,0.25,0.25,0.0,0.0,0.25,0.25
118,0.0,0.0,0.08,0.0,0.0,0.0,0.0,0.0,0.0,0.3,0.25,0.1,0.1,0.25,0.25,0.0,0.0,0.25,0.25
125,0.0,0.0,0.1,0.0,0.0,0.12,0.1,0.0,0.0,0.0,0.0,0.2,0.25,0.2,0.25,0.0,0.0,0.08,0.1
132,0.0,0.0,0.08,0.0,0.0,0.0,0.0,0.0,0.0,0.12,0.1,0.2,0.25,0.2,0.25,0.12,0.1,0.0,0.0
139,0.0,0.0,0.25,0.0,0.0,0.0,0.0,0.0,0.0,0.1,0.1,0.0,0.0,0.25,0.25,0.1,0.1,0.25,0.25
145,0.0,0.0,0.25,0.0,0.0,0.0,0.0,0.0,0.0,0.0,0.0,0.08,0.1,0.2,0.25,0.1,0.1,0.2,0.25
152,0.0,0.0,0.2,0.0,0.0,0.1,0.1,0.0,0.0,0.25,0.25,0.0,0.0,0.2,0.25,0.1,0.1,0.08,0.1
160,0.0,0.0,0.2,0.0,0.0,0.1,0.1,0.0,0.0,0.1,0.1,0.08,0.1,0.2,0.25,0.1,0.1,0.08,0.1
167,0.0,0.0,0.25,0.0,0.0,0.12,0.1,0.0,0.0,0.12,0.1,0.1,0.1,0.25,0.25,0.12,0.1,0.1,0.1
174,0.0,0.0,0.2,0.0,0.0,0.12,0.1,0.0,0.0,0.0,0.0,0.25,0.25,0.25,0.25,0.12,0.1,0.1,0.1
181,0.0,0.0,0.25,0.0,0.0,0.12,0.1,0.0,0.0,0.0,0.0,0.0,0.0,0.2,0.25,0.12,0.1,0.2,0.25
189,0.0,0.0,0.1,0.0,0.0,0.12,0.1,0.0,0.0,0.12,0.1,0.08,0.1,0.2,0.25,0.12,0.1,0.2,0.25
216,0.0,0.0,0.2,0.08,0.1,0.0,0.0,0.0,0.0,0.1,0.1,0.0,0.0,0.2,0.25,0.0,0.0,0.0,0.0
223,0.0,0.0,0.25,0.1,0.1,0.0,0.0,0.0,0.0,0.12,0.1,0.0,0.0,0.25,0.25,0.0,0.0,0.0,0.0
231,0.0,0.0,0.25,0.1,0.1,0.0,0.0,0.0,0.0,0.0,0.0,0.1,0.1,0.25,0.25,0.0,0.0,0.0,0.0
238,0.0,0.0,0.2,0.1,0.1,0.0,0.0,0.0,0.0,0.3,0.25,0.1,0.1,0.25,0.25,0.0,0.0,0.1,0.1
245,0.0,0.0,0.25,0.08,0.1,0.0,0.0,0.0,0.0,0.12,0.1,0.2,0.25,0.2,0.25,0.0,0.0,0.08,0.1
252,0.0,0.0,0.2,0.08,0.1,0.0,0.0,0.12,0.1,0.0,0.0,0.0,0.0,0.2,0.25,0.0,0.0,0.08,0.1
259,0.0,0.0,0.25,0.1,0.1,0.0,0.0,0.0,0.0,0.25,0.25,0.1,0.1,0.25,0.25,0.0,0.0,0.25,0.25
269,0.0,0.0,0.25,0.08,0.1,0.0,0.0,0.0,0.0,0.12,0.1,0.2,0.25,0.2,0.25,0.0,0.0,0.2,0.25
274,0.0,0.0,0.2,0.1,0.1,0.0,0.0,0.1,0.1,0.0,0.0,0.0,0.0,0.25,0.25,0.0,0.0,0.25,0.25
284,0.0,0.0,0.08,0.08,0.1,0.12,0.1,0.0,0.0,0.0,0.0,0.0,0.0,0.2,0.25,0.0,0.0,0.08,0.1
291,0.0,0.0,0.25,0.1,0.1,0.1,0.1,0.0,0.0,0.1,0.1,0.25,0.25,0.25,0.25,0.0,0.0,0.1,0.1
299,0.0,0.0,0.1,0.1,0.1,0.1,0.1,0.0,0.0,0.25,0.25,0.0,0.0,0.25,0.25,0.0,0.0,0.25,0.25
306,0.0,0.0,0.08,0.1,0.1,0.1,0.1,0.0,0.0,0.25,0.25,0.1,0.1,0.25,0.25,0.0,0.0,0.25,0.25
312,0.0,0.0,0.2,0.08,0.1,0.0,0.0,0.0,0.0,0.0,0.0,0.2,0.25,0.2,0.25,0.1,0.1,0.0,0.0
321,0.0,0.0,0.25,0.08,0.1,0.0,0.0,0.0,0.0,0.25,0.25,0.2,0.25,0.2,0.25,0.1,0.1,0.08,0.1
328,0.0,0.0,0.2,0.08,0.1,0.0,0.0,0.0,0.0,0.0,0.0,0.0,0.0,0.2,0.25,0.1,0.1,0.2,0.25
334,0.0,0.0,0.2,0.1,0.1,0.0,0.0,0.0,0.0,0.0,0.0,0.0,0.0,0.25,0.25,0.12,0.1,0.25,0.25
341,0.0,0.0,0.1,0.08,0.1,0.0,0.0,0.0,0.0,0.12,0.1,0.2,0.25,0.2,0.25,0.12,0.1,0.2,0.25
346,0.0,0.0,0.08,0.1,0.1,0.1,0.1,0.0,0.0,0.25,0.25,0.0,0.0,0.25,0.25,0.1,0.1,0.25,0.25
353,0.0,0.0,0.25,0.08,0.1,0.0,0.0,0.0,0.0,0.1,0.1,0.08,0.1,0.2,0.25,0.25,0.25,0.08,0.1
360,0.0,0.0,0.2,0.08,0.1,0.0,0.0,0.0,0.0,0.0,0.0,0.2,0.25,0.2,0.25,0.25,0.25,0.08,0.1
367,0.0,0.0,0.25,0.1,0.1,0.0,0.0,0.0,0.0,0.0,0.0,0.25,0.25,0.25,0.25,0.3,0.25,0.1,0.1
375,0.0,0.0,0.25,0.1,0.1,0.0,0.0,0.0,0.0,0.12,0.1,0.0,0.0,0.25,0.25,0.3,0.25,0.25,0.25
382,0.0,0.0,0.2,0.1,0.1,0.0,0.0,0.0,0.0,0.0,0.0,0.1,0.1,0.25,0.25,0.3,0.25,0.25,0.25
390,0.0,0.0,0.08,0.1,0.1,0.0,0.0,0.0,0.0,0.3,0.25,0.25,0.25,0.25,0.25,0.3,0.25,0.25,0.25
397,0.0,0.0,0.25,0.2,0.25,0.0,0.0,0.0,0.0,0.3,0.25,0.2,0.25,0.2,0.25,0.0,0.0,0.0,0.0
403,0.1,0.1,0.25,0.25,0.25,0.0,0.0,0.0,0.0,0.0,0.0,0.25,0.25,0.25,0.25,0.0,0.0,0.0,0.0
410,0.0,0.0,0.2,0.25,0.25,0.0,0.0,0.0,0.0,0.25,0.25,0.25,0.25,0.25,0.25,0.0,0.0,0.1,0.1
420,0.0,0.0,0.2,0.2,0.25,0.0,0.0,0.12,0.1,0.12,0.1,0.0,0.0,0.2,0.25,0.0,0.0,0.08,0.1
428,0.0,0.0,0.2,0.2,0.25,0.0,0.0,0.12,0.1,0.3,0.25,0.0,0.0,0.2,0.25,0.0,0.0,0.2,0.25
435,0.0,0.0,0.25,0.25,0.25,0.1,0.1,0.0,0.0,0.1,0.1,0.0,0.0,0.25,0.25,0.0,0.0,0.0,0.0
442,0.0,0.0,0.2,0.25,0.25,0.1,0.1,0.0,0.0,0.0,0.0,0.1,0.1,0.25,0.25,0.0,0.0,0.0,0.0
449,0.0,0.0,0.0,0.2,0.25,0.1,0.1,0.0,0.0,0.1,0.1,0.08,0.1,0.2,0.25,0.0,0.0,0.08,0.1
458,0.0,0.0,0.08,0.25,0.25,0.1,0.1,0.0,0.0,0.25,0.25,0.0,0.0,0.25,0.25,0.0,0.0,0.25,0.25
465,0.0,0.0,0.1,0.2,0.25,0.1,0.1,0.0,0.0,0.1,0.1,0.08,0.1,0.2,0.25,0.0,0.0,0.2,0.25
476,0.0,0.0,0.0,0.2,0.25,0.12,0.1,0.0,0.0,0.12,0.1,0.2,0.25,0.2,0.25,0.0,0.0,0.2,0.25
488,0.1,0.1,0.08,0.2,0.25,0.1,0.1,0.0,0.0,0.25,0.25,0.2,0.25,0.2,0.25,0.0,0.0,0.2,0.25
499,0.0,0.0,0.0,0.25,0.25,0.0,0.0,0.0,0.0,0.0,0.0,0.25,0.25,0.25,0.25,0.1,0.1,0.0,0.0
506,0.0,0.0,0.2,0.25,0.25,0.0,0.0,0.0,0.0,0.25,0.25,0.0,0.0,0.25,0.25,0.1,0.1,0.25,0.25
513,0.0,0.0,0.25,0.2,0.25,0.0,0.0,0.0,0.0,0.1,0.1,0.08,0.1,0.2,0.25,0.1,0.1,0.2,0.25
520,0.0,0.0,0.2,0.2,0.25,0.0,0.0,0.0,0.0,0.0,0.0,0.2,0.25,0.2,0.25,0.1,0.1,0.2,0.25
527,0.0,0.0,0.25,0.25,0.25,0.0,0.0,0.0,0.0,0.0,0.0,0.25,0.25,0.25,0.25,0.12,0.1,0.25,0.25
533,0.0,0.0,0.25,0.2,0.25,0.12,0.1,0.0,0.0,0.12,0.1,0.0,0.0,0.2,0.25,0.12,0.1,0.2,0.25
541,0.0,0.0,0.25,0.2,0.25,0.12,0.1,0.0,0.0,0.12,0.1,0.2,0.25,0.2,0.25,0.12,0.1,0.2,0.25
547,0.0,0.0,0.25,0.25,0.25,0.1,0.1,0.1,0.1,0.0,0.0,0.0,0.0,0.25,0.25,0.1,0.1,0.25,0.25
569,0.0,0.0,0.25,0.2,0.25,0.0,0.0,0.0,0.0,0.25,0.25,0.0,0.0,0.2,0.25,0.25,0.25,0.08,0.1
578,0.0,0.0,0.2,0.25,0.25,0.0,0.0,0.0,0.0,0.1,0.1,0.1,0.1,0.25,0.25,0.25,0.25,0.1,0.1
603,0.0,0.0,0.25,0.25,0.25,0.0,0.0,0.0,0.0,0.25,0.25,0.25,0.25,0.25,0.25,0.25,0.25,0.25,0.25
608,0.0,0.0,0.2,0.2,0.25,0.0,0.0,0.0,0.0,0.1,0.1,0.08,0.1,0.0,0.0,0.0,0.0,0.2,0.25
613,0.0,0.0,0.25,0.2,0.25,0.0,0.0,0.0,0.0,0.12,0.1,0.08,0.1,0.0,0.0,0.0,0.0,0.2,0.25
621,0.0,0.0,0.25,0.2,0.25,0.0,0.0,0.0,0.0,0.0,0.0,0.2,0.25,0.0,0.0,0.0,0.0,0.2,0.25
627,0.0,0.0,0.25,0.0,0.0,0.0,0.0,0.0,0.0,0.0,0.0,0.25,0.25,0.1,0.1,0.0,0.0,0.0,0.0
635,0.0,0.0,0.25,0.0,0.0,0.0,0.0,0.0,0.0,0.25,0.25,0.25,0.25,0.1,0.1,0.0,0.0,0.25,0.25
642,0.0,0.0,0.2,0.1,0.1,0.0,0.0,0.0,0.0,0.0,0.0,0.1,0.1,0.1,0.1,0.0,0.0,0.1,0.1
652,0.0,0.0,0.2,0.08,0.1,0.0,0.0,0.0,0.0,0.12,0.1,0.0,0.0,0.08,0.1,0.0,0.0,0.2,0.25
658,0.0,0.0,0.2,0.1,0.1,0.1,0.1,0.1,0.1,0.0,0.0,0.1,0.1,0.1,0.1,0.0,0.0,0.25,0.25
662,0.0,0.0,0.2,0.1,0.1,0.12,0.1,0.12,0.1,0.0,0.0,0.1,0.1,0.1,0.1,0.0,0.0,0.25,0.25
667,0.0,0.0,0.25,0.25,0.25,0.0,0.0,0.0,0.0,0.25,0.25,0.0,0.0,0.1,0.1,0.0,0.0,0.0,0.0
674,0.0,0.0,0.2,0.25,0.25,0.0,0.0,0.0,0.0,0.25,0.25,0.25,0.25,0.1,0.1,0.0,0.0,0.25,0.25
680,0.0,0.0,0.2,0.2,0.25,0.0,0.0,0.1,0.1,0.1,0.1,0.0,0.0,0.08,0.1,0.0,0.0,0.2,0.25
687,0.0,0.0,0.25,0.25,0.25,0.0,0.0,0.12,0.1,0.12,0.1,0.0,0.0,0.1,0.1,0.0,0.0,0.25,0.25
694,0.0,0.0,0.2,0.25,0.25,0.12,0.1,0.0,0.0,0.0,0.0,0.0,0.0,0.1,0.1,0.0,0.0,0.25,0.25
702,0.0,0.0,0.08,0.25,0.25,0.12,0.1,0.0,0.0,0.12,0.1,0.25,0.25,0.1,0.1,0.0,0.0,0.25,0.25
709,0.0,0.0,0.25,0.2,0.25,0.0,0.0,0.0,0.0,0.0,0.0,0.2,0.25,0.08,0.1,0.12,0.1,0.2,0.25
715,0.0,0.0,0.25,0.25,0.25,0.1,0.1,0.0,0.0,0.0,0.0,0.0,0.0,0.1,0.1,0.1,0.1,0.1,0.1
722,0.0,0.0,0.2,0.0,0.0,0.0,0.0,0.0,0.0,0.25,0.25,0.0,0.0,0.25,0.25,0.0,0.0,0.0,0.0
729,0.0,0.0,0.25,0.0,0.0,0.0,0.0,0.0,0.0,0.1,0.1,0.08,0.1,0.2,0.25,0.0,0.0,0.0,0.0
736,0.0,0.0,0.2,0.0,0.0,0.0,0.0,0.0,0.0,0.0,0.0,0.2,0.25,0.2,0.25,0.0,0.0,0.0,0.0
745,0.0,0.0,0.25,0.0,0.0,0.0,0.0,0.0,0.0,0.1,0.1,0.0,0.0,0.2,0.25,0.0,0.0,0.08,0.1
751,0.0,0.0,0.25,0.0,0.0,0.0,0.0,0.0,0.0,0.12,0.1,0.0,0.0,0.25,0.25,0.0,0.0,0.1,0.1
758,0.0,0.0,0.2,0.0,0.0,0.0,0.0,0.0,0.0,0.0,0.0,0.1,0.1,0.25,0.25,0.0,0.0,0.1,0.1
767,0.0,0.0,0.25,0.0,0.0,0.0,0.0,0.12,0.1,0.3,0.25,0.25,0.25,0.25,0.25,0.0,0.0,0.1,0.1
774,0.0,0.0,0.0,0.0,0.0,0.0,0.0,0.0,0.0,0.12,0.1,0.0,0.0,0.25,0.25,0.0,0.0,0.25,0.25
781,0.0,0.0,0.25,0.0,0.0,0.0,0.0,0.0,0.0,0.3,0.25,0.08,0.1,0.2,0.25,0.0,0.0,0.2,0.25
788,0.0,0.0,0.2,0.0,0.0,0.0,0.0,0.0,0.0,0.12,0.1,0.2,0.25,0.2,0.25,0.0,0.0,0.2,0.25
796,0.0,0.0,0.2,0.0,0.0,0.0,0.0,0.12,0.1,0.0,0.0,0.0,0.0,0.2,0.25,0.0,0.0,0.2,0.25
803,0.0,0.0,0.25,0.0,0.0,0.1,0.1,0.1,0.1,0.0,0.0,0.0,0.0,0.25,0.25,0.0,0.0,0.1,0.1
810,0.0,0.0,0.2,0.0,0.0,0.0,0.0,0.0,0.0,0.0,0.0,0.25,0.25,0.25,0.25,0.1,0.1,0.0,0.0
819,0.0,0.0,0.25,0.0,0.0,0.0,0.0,0.0,0.0,0.0,0.0,0.0,0.0,0.25,0.25,0.1,0.1,0.1,0.1
825,0.0,0.0,0.1,0.0,0.0,0.0,0.0,0.0,0.0,0.1,0.1,0.2,0.25,0.2,0.25,0.1,0.1,0.08,0.1
832,0.0,0.0,0.2,0.0,0.0,0.0,0.0,0.0,0.0,0.25,0.25,0.2,0.25,0.2,0.25,0.1,0.1,0.2,0.25
839,0.0,0.0,0.25,0.0,0.0,0.0,0.0,0.0,0.0,0.3,0.25,0.25,0.25,0.25,0.25,0.12,0.1,0.25,0.25
846,0.0,0.0,0.2,0.0,0.0,0.12,0.1,0.0,0.0,0.0,0.0,0.0,0.0,0.25,0.25,0.12,0.1,0.1,0.1
853,0.0,0.0,0.1,0.0,0.0,0.12,0.1,0.0,0.0,0.12,0.1,0.0,0.0,0.2,0.25,0.12,0.1,0.2,0.25
860,0.0,0.0,0.08,0.0,0.0,0.0,0.0,0.0,0.0,0.0,0.0,0.2,0.25,0.2,0.25,0.3,0.25,0.0,0.0
869,0.0,0.0,0.25,0.0,0.0,0.0,0.0,0.0,0.0,0.12,0.1,0.08,0.1,0.2,0.25,0.3,0.25,0.08,0.1
877,0.0,0.0,0.25,0.0,0.0,0.0,0.0,0.0,0.0,0.12,0.1,0.2,0.25,0.2,0.25,0.3,0.25,0.08,0.1
884,0.0,0.0,0.2,0.0,0.0,0.0,0.0,0.0,0.0,0.0,0.0,0.0,0.0,0.2,0.25,0.3,0.25,0.2,0.25
892,0.0,0.0,0.08,0.0,0.0,0.0,0.0,0.0,0.0,0.12,0.1,0.2,0.25,0.2,0.25,0.3,0.25,0.2,0.25
906,0.0,0.0,0.2,0.1,0.1,0.0,0.0,0.0,0.0,0.25,0.25,0.0,0.0,0.25,0.25,0.0,0.0,0.1,0.1
914,0.0,0.0,0.2,0.1,0.1,0.0,0.0,0.0,0.0,0.1,0.1,0.1,0.1,0.25,0.25,0.0,0.0,0.1,0.1
920,0.0,0.0,0.2,0.08,0.1,0.0,0.0,0.0,0.0,0.0,0.0,0.2,0.25,0.2,0.25,0.0,0.0,0.08,0.1
927,0.0,0.0,0.25,0.1,0.1,0.0,0.0,0.0,0.0,0.0,0.0,0.25,0.25,0.25,0.25,0.0,0.0,0.1,0.1
935,0.0,0.0,0.0,0.1,0.1,0.0,0.0,0.0,0.0,0.3,0.25,0.1,0.1,0.25,0.25,0.0,0.0,0.25,0.25
941,0.12,0.1,0.1,0.08,0.1,0.0,0.0,0.0,0.0,0.12,0.1,0.08,0.1,0.2,0.25,0.0,0.0,0.2,0.25
949,0.0,0.0,0.1,0.08,0.1,0.12,0.1,0.0,0.0,0.12,0.1,0.0,0.0,0.2,0.25,0.0,0.0,0.2,0.25
956,0.0,0.0,0.08,0.08,0.1,0.12,0.1,0.0,0.0,0.0,0.0,0.2,0.25,0.2,0.25,0.0,0.0,0.2,0.25
963,0.0,0.0,0.1,0.1,0.1,0.0,0.0,0.0,0.0,0.0,0.0,0.1,0.1,0.25,0.25,0.1,0.1,0.0,0.0
972,0.0,0.0,0.2,0.08,0.1,0.0,0.0,0.0,0.0,0.3,0.25,0.0,0.0,0.2,0.25,0.12,0.1,0.2,0.25
979,0.0,0.0,0.25,0.1,0.1,0.0,0.0,0.0,0.0,0.1,0.1,0.1,0.1,0.25,0.25,0.1,0.1,0.25,0.25
984,0.0,0.0,0.2,0.08,0.1,0.0,0.0,0.0,0.0,0.0,0.0,0.2,0.25,0.2,0.25,0.1,0.1,0.2,0.25
990,0.0,0.0,0.2,0.1,0.1,0.0,0.0,0.0,0.0,0.0,0.0,0.25,0.25,0.25,0.25,0.12,0.1,0.25,0.25
996,0.0,0.0,0.08,0.08,0.1,0.12,0.1,0.0,0.0,0.0,0.0,0.0,0.0,0.2,0.25,0.12,0.1,0.2,0.25
1018,0.0,0.0,0.08,0.1,0.1,0.0,0.0,0.0,0.0,0.25,0.25,0.25,0.25,0.25,0.25,0.25,0.25,0.0,0.0
1025,0.0,0.0,0.25,0.08,0.1,0.0,0.0,0.0,0.0,0.0,0.0,0.0,0.0,0.2,0.25,0.25,0.25,0.08,0.1
1032,0.0,0.0,0.08,0.08,0.1,0.0,0.0,0.0,0.0,0.25,0.25,0.08,0.1,0.2,0.25,0.25,0.25,0.08,0.1
1048,0.0,0.0,0.2,0.08,0.1,0.0,0.0,0.0,0.0,0.25,0.25,0.08,0.1,0.2,0.25,0.25,0.25,0.2,0.25
1057,0.0,0.0,0.25,0.08,0.1,0.0,0.0,0.0,0.0,0.1,0.1,0.2,0.25,0.2,0.25,0.25,0.25,0.2,0.25
1064,0.0,0.0,0.2,0.2,0.25,0.0,0.0,0.0,0.0,0.0,0.0,0.0,0.0,0.2,0.25,0.0,0.0,0.0,0.0
1070,0.0,0.0,0.2,0.25,0.25,0.0,0.0,0.0,0.0,0.0,0.0,0.0,0.0,0.25,0.25,0.0,0.0,0.0,0.0
1077,0.0,0.0,0.1,0.2,0.25,0.0,0.0,0.0,0.0,0.12,0.1,0.2,0.25,0.2,0.25,0.0,0.0,0.0,0.0
1085,0.0,0.0,0.25,0.2,0.25,0.0,0.0,0.0,0.0,0.0,0.0,0.0,0.0,0.2,0.25,0.0,0.0,0.08,0.1
1098,0.0,0.0,0.2,0.25,0.25,0.0,0.0,0.0,0.0,0.25,0.25,0.25,0.25,0.25,0.25,0.0,0.0,0.25,0.25
1106,0.0,0.0,0.2,0.25,0.25,0.0,0.0,0.1,0.1,0.1,0.1,0.0,0.0,0.25,0.25,0.0,0.0,0.25,0.25
1113,0.0,0.0,0.25,0.2,0.25,0.1,0.1,0.0,0.0,0.25,0.25,0.0,0.0,0.2,0.25,0.0,0.0,0.0,0.0
1120,0.0,0.0,0.2,0.2,0.25,0.1,0.1,0.0,0.0,0.1,0.1,0.08,0.1,0.2,0.25,0.0,0.0,0.0,0.0
1126,0.0,0.0,0.2,0.25,0.25,0.12,0.1,0.0,0.0,0.12,0.1,0.1,0.1,0.25,0.25,0.0,0.0,0.0,0.0
1133,0.0,0.0,0.25,0.2,0.25,0.12,0.1,0.0,0.0,0.0,0.0,0.2,0.25,0.2,0.25,0.0,0.0,0.0,0.0
1139,0.0,0.0,0.25,0.25,0.25,0.1,0.1,0.0,0.0,0.1,0.1,0.0,0.0,0.25,0.25,0.0,0.0,0.1,0.1
1145,0.0,0.0,0.25,0.2,0.25,0.1,0.1,0.0,0.0,0.1,0.1,0.08,0.1,0.2,0.25,0.0,0.0,0.08,0.1
1153,0.0,0.0,0.25,0.2,0.25,0.1,0.1,0.0,0.0,0.0,0.0,0.2,0.25,0.2,0.25,0.0,0.0,0.08,0.1
1160,0.0,0.0,0.2,0.2,0.25,0.1,0.1,0.0,0.0,0.0,0.0,0.0,0.0,0.2,0.25,0.0,0.0,0.2,0.25
1166,0.0,0.0,0.2,0.25,0.25,0.12,0.1,0.0,0.0,0.0,0.0,0.0,0.0,0.25,0.25,0.0,0.0,0.25,0.25
1173,0.0,0.0,0.1,0.2,0.25,0.12,0.1,0.0,0.0,0.3,0.25,0.08,0.1,0.2,0.25,0.0,0.0,0.2,0.25
1181,0.0,0.0,0.1,0.2,0.25,0.12,0.1,0.0,0.0,0.12,0.1,0.2,0.25,0.2,0.25,0.0,0.0,0.2,0.25
1187,0.0,0.0,0.1,0.25,0.25,0.0,0.0,0.0,0.0,0.25,0.25,0.1,0.1,0.25,0.25,0.1,0.1,0.0,0.0
1192,0.0,0.0,0.08,0.2,0.25,0.0,0.0,0.0,0.0,0.1,0.1,0.2,0.25,0.2,0.25,0.1,0.1,0.0,0.0
1199,0.0,0.0,0.1,0.25,0.25,0.0,0.0,0.0,0.0,0.12,0.1,0.25,0.25,0.25,0.25,0.12,0.1,0.0,0.0
1205,0.0,0.0,0.25,0.2,0.25,0.12,0.1,0.0,0.0,0.12,0.1,0.0,0.0,0.2,0.25,0.12,0.1,0.08,0.1
1212,0.0,0.0,0.08,0.2,0.25,0.12,0.1,0.0,0.0,0.3,0.25,0.0,0.0,0.2,0.25,0.12,0.1,0.2,0.25
1218,0.0,0.0,0.2,0.25,0.25,0.1,0.1,0.0,0.0,0.0,0.0,0.1,0.1,0.25,0.25,0.1,0.1,0.25,0.25
1225,0.0,0.0,0.25,0.2,0.25,0.25,0.25,0.0,0.0,0.0,0.0,0.2,0.25,0.2,0.25,0.1,0.1,0.2,0.25
1235,0.0,0.0,0.25,0.25,0.25,0.0,0.0,0.0,0.0,0.1,0.1,0.25,0.25,0.25,0.25,0.25,0.25,0.0,0.0
1243,0.0,0.0,0.25,0.25,0.25,0.0,0.0,0.0,0.0,0.0,0.0,0.1,0.1,0.25,0.25,0.25,0.25,0.25,0.25
1259,0.0,0.0,0.25,0.25,0.25,0.0,0.0,0.0,0.0,0.0,0.0,0.1,0.1,0.0,0.0,0.0,0.0,0.1,0.1
1266,0.0,0.0,0.2,0.25,0.25,0.0,0.0,0.0,0.0,0.0,0.0,0.25,0.25,0.0,0.0,0.0,0.0,0.1,0.1
1275,0.0,0.0,0.25,0.25,0.25,0.1,0.1,0.1,0.1,0.0,0.0,0.1,0.1,0.0,0.0,0.0,0.0,0.25,0.25
1284,0.0,0.0,0.2,0.0,0.0,0.0,0.0,0.0,0.0,0.0,0.0,0.2,0.25,0.08,0.1,0.0,0.0,0.08,0.1
1290,0.0,0.0,0.2,0.0,0.0,0.0,0.0,0.0,0.0,0.0,0.0,0.25,0.25,0.1,0.1,0.0,0.0,0.25,0.25
1299,0.0,0.0,0.25,0.1,0.1,0.0,0.0,0.0,0.0,0.0,0.0,0.0,0.0,0.1,0.1,0.0,0.0,0.25,0.25
1306,0.0,0.0,0.2,0.1,0.1,0.0,0.0,0.0,0.0,0.0,0.0,0.1,0.1,0.1,0.1,0.0,0.0,0.25,0.25
1312,0.0,0.0,0.2,0.2,0.25,0.0,0.0,0.0,0.0,0.25,0.25,0.2,0.25,0.08,0.1,0.0,0.0,0.08,0.1
1319,0.0,0.0,0.25,0.25,0.25,0.0,0.0,0.0,0.0,0.3,0.25,0.25,0.25,0.1,0.1,0.0,0.0,0.1,0.1
1326,0.0,0.0,0.2,0.25,0.25,0.0,0.0,0.0,0.0,0.12,0.1,0.0,0.0,0.1,0.1,0.0,0.0,0.25,0.25
1332,0.0,0.0,0.2,0.2,0.25,0.0,0.0,0.0,0.0,0.0,0.0,0.08,0.1,0.08,0.1,0.0,0.0,0.2,0.25
1339,0.0,0.0,0.25,0.25,0.25,0.1,0.1,0.0,0.0,0.0,0.0,0.0,0.0,0.1,0.1,0.1,0.1,0.25,0.25
1345,0.0,0.0,0.25,0.2,0.25,0.1,0.1,0.0,0.0,0.25,0.25,0.2,0.25,0.08,0.1,0.1,0.1,0.2,0.25
1351,0.0,0.0,0.25,0.25,0.25,0.12,0.1,0.0,0.0,0.3,0.25,0.25,0.25,0.1,0.1,0.12,0.1,0.25,0.25
1362,0.0,0.0,0.2,0.0,0.0,0.0,0.0,0.0,0.0,0.25,0.25,0.25,0.25,0.25,0.25,0.0,0.0,0.1,0.1
1371,0.0,0.0,0.25,0.0,0.0,0.0,0.0,0.1,0.1,0.0,0.0,0.1,0.1,0.25,0.25,0.0,0.0,0.1,0.1
1378,0.0,0.0,0.0,0.0,0.0,0.0,0.0,0.0,0.0,0.1,0.1,0.1,0.1,0.25,0.25,0.0,0.0,0.25,0.25
1385,0.0,0.0,0.25,0.0,0.0,0.0,0.0,0.1,0.1,0.25,0.25,0.0,0.0,0.2,0.25,0.0,0.0,0.2,0.25
1392,0.0,0.0,0.2,0.0,0.0,0.0,0.0,0.1,0.1,0.0,0.0,0.08,0.1,0.2,0.25,0.0,0.0,0.2,0.25
1398,0.0,0.0,0.2,0.0,0.0,0.0,0.0,0.12,0.1,0.0,0.0,0.1,0.1,0.25,0.25,0.0,0.0,0.25,0.25
1404,0.0,0.0,0.2,0.0,0.0,0.0,0.0,0.0,0.0,0.12,0.1,0.2,0.25,0.2,0.25,0.12,0.1,0.08,0.1
1433,0.0,0.0,0.25,0.0,0.0,0.1,0.1,0.0,0.0,0.25,0.25,0.08,0.1,0.2,0.25,0.1,0.1,0.2,0.25
1439,0.0,0.0,0.25,0.0,0.0,0.12,0.1,0.0,0.0,0.3,0.25,0.1,0.1,0.25,0.25,0.12,0.1,0.25,0.25
1445,0.0,0.0,0.25,0.0,0.0,0.12,0.1,0.0,0.0,0.12,0.1,0.2,0.25,0.2,0.25,0.12,0.1,0.2,0.25
1452,0.0,0.0,0.08,0.0,0.0,0.0,0.0,0.0,0.0,0.12,0.1,0.08,0.1,0.2,0.25,0.3,0.25,0.08,0.1
1460,0.0,0.0,0.08,0.0,0.0,0.0,0.0,0.0,0.0,0.0,0.0,0.2,0.25,0.2,0.25,0.3,0.25,0.08,0.1
1483,0.0,0.0,0.1,0.1,0.1,0.0,0.0,0.0,0.0,0.25,0.25,0.0,0.0,0.25,0.25,0.0,0.0,0.1,0.1
1488,0.0,0.0,0.2,0.08,0.1,0.0,0.0,0.0,0.0,0.1,0.1,0.0,0.0,0.2,0.25,0.0,0.0,0.2,0.25
1499,0.0,0.0,0.25,0.1,0.1,0.0,0.0,0.0,0.0,0.0,0.0,0.1,0.1,0.25,0.25,0.0,0.0,0.25,0.25
1506,0.0,0.0,0.2,0.1,0.1,0.0,0.0,0.1,0.1,0.25,0.25,0.1,0.1,0.25,0.25,0.0,0.0,0.25,0.25
1513,0.0,0.0,0.25,0.08,0.1,0.1,0.1,0.0,0.0,0.0,0.0,0.2,0.25,0.2,0.25,0.0,0.0,0.08,0.1
1520,0.0,0.0,0.08,0.08,0.1,0.1,0.1,0.0,0.0,0.1,0.1,0.08,0.1,0.2,0.25,0.0,0.0,0.2,0.25
1527,0.0,0.0,0.1,0.1,0.1,0.12,0.1,0.0,0.0,0.12,0.1,0.1,0.1,0.25,0.25,0.0,0.0,0.25,0.25
1534,0.0,0.0,0.2,0.1,0.1,0.0,0.0,0.0,0.0,0.3,0.25,0.1,0.1,0.25,0.25,0.12,0.1,0.1,0.1
1541,0.0,0.0,0.25,0.08,0.1,0.0,0.0,0.0,0.0,0.12,0.1,0.2,0.25,0.2,0.25,0.12,0.1,0.08,0.1
1556,0.0,0.0,0.2,0.08,0.1,0.0,0.0,0.0,0.0,0.3,0.25,0.08,0.1,0.2,0.25,0.12,0.1,0.2,0.25
1563,0.0,0.0,0.25,0.1,0.1,0.0,0.0,0.0,0.0,0.1,0.1,0.25,0.25,0.25,0.25,0.1,0.1,0.25,0.25
1570,0.0,0.0,0.08,0.1,0.1,0.1,0.1,0.0,0.0,0.1,0.1,0.0,0.0,0.25,0.25,0.1,0.1,0.25,0.25
1577,0.0,0.0,0.25,0.08,0.1,0.1,0.1,0.1,0.1,0.1,0.1,0.08,0.1,0.2,0.25,0.1,0.1,0.2,0.25
1584,0.0,0.0,0.2,0.08,0.1,0.1,0.1,0.1,0.1,0.0,0.0,0.2,0.25,0.2,0.25,0.1,0.1,0.2,0.25
1590,0.0,0.0,0.2,0.1,0.1,0.12,0.1,0.12,0.1,0.0,0.0,0.25,0.25,0.25,0.25,0.12,0.1,0.25,0.25
1599,0.0,0.0,0.1,0.1,0.1,0.0,0.0,0.0,0.0,0.0,0.0,0.25,0.25,0.25,0.25,0.3,0.25,0.0,0.0
1608,0.0,0.0,0.08,0.08,0.1,0.0,0.0,0.0,0.0,0.1,0.1,0.2,0.25,0.2,0.25,0.25,0.25,0.08,0.1
1627,0.0,0.0,0.1,0.25,0.25,0.0,0.0,0.0,0.0,0.1,0.1,0.0,0.0,0.25,0.25,0.0,0.0,0.0,0.0
1633,0.0,0.0,0.1,0.2,0.25,0.0,0.0,0.0,0.0,0.1,0.1,0.08,0.1,0.2,0.25,0.0,0.0,0.0,0.0
1640,0.0,0.0,0.08,0.2,0.25,0.0,0.0,0.0,0.0,0.25,0.25,0.2,0.25,0.2,0.25,0.0,0.0,0.0,0.0
1645,0.0,0.0,0.1,0.2,0.25,0.0,0.0,0.0,0.0,0.3,0.25,0.2,0.25,0.2,0.25,0.0,0.0,0.0,0.0
1652,0.0,0.0,0.2,0.2,0.25,0.0,0.0,0.0,0.0,0.3,0.25,0.0,0.0,0.2,0.25,0.0,0.0,0.2,0.25
1659,0.0,0.0,0.25,0.25,0.25,0.0,0.0,0.0,0.0,0.1,0.1,0.1,0.1,0.25,0.25,0.0,0.0,0.25,0.25
1670,0.0,0.0,0.2,0.25,0.25,0.0,0.0,0.0,0.0,0.0,0.0,0.25,0.25,0.25,0.25,0.0,0.0,0.25,0.25
1677,0.12,0.1,0.25,0.2,0.25,0.0,0.0,0.0,0.0,0.0,0.0,0.2,0.25,0.2,0.25,0.0,0.0,0.2,0.25
1684,0.0,0.0,0.2,0.2,0.25,0.12,0.1,0.0,0.0,0.0,0.0,0.0,0.0,0.2,0.25,0.0,0.0,0.0,0.0
1691,0.0,0.0,0.0,0.25,0.25,0.1,0.1,0.0,0.0,0.25,0.25,0.1,0.1,0.25,0.25,0.0,0.0,0.1,0.1
1698,0.0,0.0,0.2,0.25,0.25,0.1,0.1,0.1,0.1,0.0,0.0,0.25,0.25,0.25,0.25,0.0,0.0,0.1,0.1
1705,0.0,0.0,0.0,0.2,0.25,0.1,0.1,0.0,0.0,0.1,0.1,0.0,0.0,0.2,0.25,0.0,0.0,0.2,0.25
1712,0.0,0.0,0.0,0.2,0.25,0.1,0.1,0.0,0.0,0.0,0.0,0.08,0.1,0.2,0.25,0.0,0.0,0.2,0.25
1720,0.0,0.0,0.2,0.2,0.25,0.1,0.1,0.0,0.0,0.25,0.25,0.08,0.1,0.2,0.25,0.0,0.0,0.2,0.25
1727,0.0,0.0,0.25,0.25,0.25,0.12,0.1,0.0,0.0,0.3,0.25,0.1,0.1,0.25,0.25,0.0,0.0,0.25,0.25
1733,0.0,0.0,0.25,0.2,0.25,0.12,0.1,0.0,0.0,0.12,0.1,0.2,0.25,0.2,0.25,0.0,0.0,0.2,0.25
1742,0.0,0.0,0.08,0.25,0.25,0.12,0.1,0.12,0.1,0.12,0.1,0.25,0.25,0.25,0.25,0.0,0.0,0.25,0.25
1750,0.12,0.1,0.08,0.25,0.25,0.12,0.1,0.0,0.0,0.12,0.1,0.25,0.25,0.25,0.25,0.0,0.0,0.25,0.25
1757,0.0,0.0,0.1,0.2,0.25,0.0,0.0,0.0,0.0,0.0,0.0,0.08,0.1,0.2,0.25,0.12,0.1,0.0,0.0
1763,0.0,0.0,0.25,0.25,0.25,0.0,0.0,0.0,0.0,0.25,0.25,0.25,0.25,0.25,0.25,0.1,0.1,0.0,0.0
1769,0.0,0.0,0.25,0.2,0.25,0.0,0.0,0.0,0.0,0.25,0.25,0.08,0.1,0.2,0.25,0.1,0.1,0.08,0.1
1776,0.0,0.0,0.2,0.2,0.25,0.0,0.0,0.0,0.0,0.1,0.1,0.2,0.25,0.2,0.25,0.1,0.1,0.08,0.1
1783,0.0,0.0,0.25,0.25,0.25,0.0,0.0,0.0,0.0,0.12,0.1,0.25,0.25,0.25,0.25,0.12,0.1,0.1,0.1
1787,0.0,0.0,0.25,0.25,0.25,0.0,0.0,0.0,0.0,0.1,0.1,0.0,0.0,0.25,0.25,0.1,0.1,0.25,0.25
1794,0.0,0.0,0.08,0.25,0.25,0.0,0.0,0.0,0.0,0.1,0.1,0.25,0.25,0.25,0.25,0.1,0.1,0.25,0.25
1801,0.0,0.0,0.25,0.2,0.25,0.1,0.1,0.0,0.0,0.25,0.25,0.0,0.0,0.2,0.25,0.1,0.1,0.08,0.1
1805,0.0,0.0,0.25,0.2,0.25,0.12,0.1,0.0,0.0,0.3,0.25,0.0,0.0,0.2,0.25,0.12,0.1,0.08,0.1
1815,0.0,0.0,0.0,0.25,0.25,0.12,0.1,0.0,0.0,0.0,0.0,0.1,0.1,0.25,0.25,0.12,0.1,0.25,0.25
1825,0.0,0.0,0.25,0.2,0.25,0.1,0.1,0.0,0.0,0.25,0.25,0.2,0.25,0.2,0.25,0.1,0.1,0.2,0.25
1833,0.0,0.0,0.25,0.2,0.25,0.1,0.1,0.1,0.1,0.1,0.1,0.0,0.0,0.2,0.25,0.1,0.1,0.2,0.25
1839,0.0,0.0,0.25,0.25,0.25,0.12,0.1,0.12,0.1,0.12,0.1,0.0,0.0,0.25,0.25,0.12,0.1,0.25,0.25
1847,0.0,0.0,0.25,0.25,0.25,0.12,0.1,0.12,0.1,0.0,0.0,0.1,0.1,0.25,0.25,0.12,0.1,0.25,0.25
1854,0.0,0.0,0.2,0.25,0.25,0.0,0.0,0.0,0.0,0.0,0.0,0.0,0.0,0.25,0.25,0.3,0.25,0.1,0.1
1861,0.0,0.0,0.1,0.2,0.25,0.0,0.0,0.0,0.0,0.3,0.25,0.08,0.1,0.2,0.25,0.3,0.25,0.08,0.1
1867,0.0,0.0,0.1,0.25,0.25,0.0,0.0,0.0,0.0,0.1,0.1,0.25,0.25,0.25,0.25,0.25,0.25,0.1,0.1
1871,0.0,0.0,0.1,0.25,0.25,0.0,0.0,0.0,0.0,0.12,0.1,0.25,0.25,0.25,0.25,0.3,0.25,0.1,0.1
1881,0.0,0.0,0.1,0.2,0.25,0.0,0.0,0.0,0.0,0.0,0.0,0.2,0.25,0.2,0.25,0.25,0.25,0.2,0.25
1890,0.0,0.0,0.2,0.25,0.25,0.0,0.0,0.1,0.1,0.25,0.25,0.25,0.25,0.25,0.25,0.25,0.25,0.25,0.25
1904,0.0,0.0,0.2,0.2,0.25,0.0,0.0,0.0,0.0,0.0,0.0,0.08,0.1,0.0,0.0,0.0,0.0,0.2,0.25
1911,0.0,0.0,0.25,0.25,0.25,0.0,0.0,0.0,0.0,0.0,0.0,0.1,0.1,0.0,0.0,0.0,0.0,0.25,0.25
1917,0.0,0.0,0.25,0.08,0.1,0.0,0.0,0.0,0.0,0.12,0.1,0.08,0.1,0.08,0.1,0.0,0.0,0.0,0.0
1925,0.0,0.0,0.25,0.08,0.1,0.0,0.0,0.0,0.0,0.3,0.25,0.08,0.1,0.08,0.1,0.0,0.0,0.2,0.25
1932,0.0,0.0,0.2,0.08,0.1,0.0,0.0,0.0,0.0,0.12,0.1,0.2,0.25,0.08,0.1,0.0,0.0,0.2,0.25
1937,0.0,0.0,0.25,0.08,0.1,0.1,0.1,0.1,0.1,0.0,0.0,0.2,0.25,0.08,0.1,0.0,0.0,0.2,0.25
1945,0.0,0.0,0.25,0.2,0.25,0.0,0.0,0.0,0.0,0.25,0.25,0.0,0.0,0.08,0.1,0.0,0.0,0.08,0.1
1952,0.0,0.0,0.2,0.2,0.25,0.0,0.0,0.0,0.0,0.1,0.1,0.08,0.1,0.08,0.1,0.0,0.0,0.08,0.1
1963,0.0,0.0,0.25,0.25,0.25,0.0,0.0,0.0,0.0,0.0,0.0,0.25,0.25,0.1,0.1,0.0,0.0,0.1,0.1
1969,0.0,0.0,0.25,0.2,0.25,0.0,0.0,0.0,0.0,0.25,0.25,0.0,0.0,0.08,0.1,0.0,0.0,0.2,0.25
1975,0.0,0.0,0.25,0.25,0.25,0.0,0.0,0.0,0.0,0.3,0.25,0.0,0.0,0.1,0.1,0.0,0.0,0.25,0.25
1981,0.0,0.0,0.25,0.2,0.25,0.0,0.0,0.0,0.0,0.12,0.1,0.08,0.1,0.08,0.1,0.0,0.0,0.2,0.25
1987,0.0,0.0,0.25,0.25,0.25,0.0,0.0,0.0,0.0,0.0,0.0,0.25,0.25,0.1,0.1,0.0,0.0,0.25,0.25
1995,0.0,0.0,0.1,0.25,0.25,0.1,0.1,0.0,0.0,0.25,0.25,0.25,0.25,0.1,0.1,0.0,0.0,0.25,0.25
2002,0.0,0.0,0.2,0.0,0.0,0.0,0.0,0.0,0.0,0.1,0.1,0.0,0.0,0.25,0.25,0.0,0.0,0.0,0.0
2017,0.0,0.0,0.0,0.0,0.0,0.0,0.0,0.0,0.0,0.25,0.25,0.08,0.1,0.2,0.25,0.0,0.0,0.08,0.1
2022,0.0,0.0,0.0,0.0,0.0,0.0,0.0,0.0,0.0,0.3,0.25,0.1,0.1,0.25,0.25,0.0,0.0,0.1,0.1
2028,0.0,0.0,0.2,0.0,0.0,0.0,0.0,0.12,0.1,0.12,0.1,0.2,0.25,0.2,0.25,0.0,0.0,0.08,0.1
2035,0.0,0.0,0.25,0.0,0.0,0.0,0.0,0.0,0.0,0.25,0.25,0.0,0.0,0.25,0.25,0.0,0.0,0.25,0.25
2047,0.0,0.0,0.25,0.0,0.0,0.0,0.0,0.0,0.0,0.12,0.1,0.1,0.1,0.25,0.25,0.0,0.0,0.25,0.25
2053,0.0,0.0,0.25,0.0,0.0,0.0,0.0,0.0,0.0,0.0,0.0,0.2,0.25,0.2,0.25,0.0,0.0,0.2,0.25
2060,0.0,0.0,0.2,0.0,0.0,0.0,0.0,0.12,0.1,0.3,0.25,0.2,0.25,0.2,0.25,0.0,0.0,0.2,0.25
2067,0.0,0.0,0.25,0.0,0.0,0.1,0.1,0.1,0.1,0.0,0.0,0.1,0.1,0.25,0.25,0.0,0.0,0.25,0.25
2074,0.0,0.0,0.2,0.0,0.0,0.0,0.0,0.0,0.0,0.25,0.25,0.25,0.25,0.25,0.25,0.1,0.1,0.1,0.1
2088,0.0,0.0,0.2,0.0,0.0,0.1,0.1,0.0,0.0,0.1,0.1,0.0,0.0,0.2,0.25,0.1,0.1,0.2,0.25
2096,0.0,0.0,0.2,0.0,0.0,0.1,0.1,0.0,0.0,0.0,0.0,0.08,0.1,0.2,0.25,0.1,0.1,0.2,0.25
2102,0.0,0.0,0.2,0.0,0.0,0.12,0.1,0.0,0.0,0.0,0.0,0.1,0.1,0.25,0.25,0.12,0.1,0.25,0.25
2111,0.0,0.0,0.1,0.0,0.0,0.0,0.0,0.0,0.0,0.0,0.0,0.0,0.0,0.25,0.25,0.3,0.25,0.1,0.1
2117,0.0,0.0,0.25,0.0,0.0,0.0,0.0,0.0,0.0,0.3,0.25,0.2,0.25,0.2,0.25,0.3,0.25,0.2,0.25
2126,0.0,0.0,0.2,0.1,0.1,0.0,0.0,0.0,0.0,0.0,0.0,0.0,0.0,0.25,0.25,0.0,0.0,0.0,0.0
2133,0.0,0.0,0.1,0.08,0.1,0.0,0.0,0.0,0.0,0.12,0.1,0.08,0.1,0.2,0.25,0.0,0.0,0.0,0.0
2140,0.0,0.0,0.2,0.08,0.1,0.0,0.0,0.0,0.0,0.3,0.25,0.2,0.25,0.2,0.25,0.0,0.0,0.08,0.1
2152,0.0,0.0,0.2,0.08,0.1,0.0,0.0,0.1,0.1,0.0,0.0,0.08,0.1,0.2,0.25,0.0,0.0,0.08,0.1
2158,0.0,0.0,0.2,0.1,0.1,0.0,0.0,0.12,0.1,0.0,0.0,0.1,0.1,0.25,0.25,0.0,0.0,0.1,0.1
2164,0.0,0.0,0.2,0.08,0.1,0.0,0.0,0.0,0.0,0.3,0.25,0.0,0.0,0.2,0.25,0.0,0.0,0.2,0.25
2171,0.0,0.0,0.25,0.1,0.1,0.0,0.0,0.0,0.0,0.1,0.1,0.1,0.1,0.25,0.25,0.0,0.0,0.25,0.25
2180,0.0,0.0,0.2,0.08,0.1,0.0,0.0,0.0,0.0,0.0,0.0,0.2,0.25,0.2,0.25,0.0,0.0,0.2,0.25
2186,0.0,0.0,0.2,0.1,0.1,0.1,0.1,0.0,0.0,0.1,0.1,0.25,0.25,0.25,0.25,0.0,0.0,0.0,0.0
2193,0.0,0.0,0.1,0.08,0.1,0.1,0.1,0.0,0.0,0.25,0.25,0.08,0.1,0.2,0.25,0.0,0.0,0.08,0.1
2200,0.0,0.0,0.08,0.08,0.1,0.1,0.1,0.0,0.0,0.1,0.1,0.2,0.25,0.2,0.25,0.0,0.0,0.08,0.1
2207,0.0,0.0,0.1,0.1,0.1,0.12,0.1,0.0,0.0,0.12,0.1,0.25,0.25,0.25,0.25,0.0,0.0,0.1,0.1
2214,0.0,0.0,0.2,0.1,0.1,0.12,0.1,0.0,0.0,0.0,0.0,0.25,0.25,0.25,0.25,0.0,0.0,0.25,0.25
2220,0.0,0.0,0.2,0.08,0.1,0.0,0.0,0.0,0.0,0.12,0.1,0.2,0.25,0.2,0.25,0.12,0.1,0.0,0.0
2227,0.0,0.0,0.25,0.1,0.1,0.0,0.0,0.0,0.0,0.1,0.1,0.0,0.0,0.25,0.25,0.1,0.1,0.1,0.1
2233,0.0,0.0,0.25,0.08,0.1,0.0,0.0,0.0,0.0,0.0,0.0,0.08,0.1,0.2,0.25,0.1,0.1,0.08,0.1
2241,0.0,0.0,0.1,0.08,0.1,0.0,0.0,0.0,0.0,0.25,0.25,0.2,0.25,0.2,0.25,0.1,0.1,0.08,0.1
2246,0.0,0.0,0.08,0.1,0.1,0.0,0.0,0.0,0.0,0.3,0.25,0.25,0.25,0.25,0.25,0.12,0.1,0.1,0.1
2261,0.0,0.0,0.25,0.08,0.1,0.12,0.1,0.0,0.0,0.3,0.25,0.08,0.1,0.2,0.25,0.12,0.1,0.2,0.25
2268,0.0,0.0,0.2,0.08,0.1,0.12,0.1,0.0,0.0,0.12,0.1,0.2,0.25,0.2,0.25,0.12,0.1,0.2,0.25
2275,0.0,0.0,0.25,0.1,0.1,0.1,0.1,0.1,0.1,0.0,0.0,0.0,0.0,0.25,0.25,0.1,0.1,0.25,0.25
2283,0.0,0.0,0.1,0.1,0.1,0.0,0.0,0.0,0.0,0.1,0.1,0.0,0.0,0.25,0.25,0.25,0.25,0.1,0.1
2301,0.0,0.0,0.25,0.08,0.1,0.0,0.0,0.0,0.0,0.3,0.25,0.2,0.25,0.2,0.25,0.3,0.25,0.08,0.1
2308,0.0,0.0,0.08,0.2,0.25,0.0,0.0,0.0,0.0,0.0,0.0,0.08,0.1,0.2,0.25,0.0,0.0,0.0,0.0
2315,0.0,0.0,0.1,0.25,0.25,0.0,0.0,0.0,0.0,0.0,0.0,0.25,0.25,0.25,0.25,0.0,0.0,0.0,0.0
2323,0.1,0.1,0.25,0.25,0.25,0.0,0.0,0.0,0.0,0.1,0.1,0.25,0.25,0.25,0.25,0.0,0.0,0.0,0.0
2330,0.0,0.0,0.2,0.25,0.25,0.0,0.0,0.1,0.1,0.25,0.25,0.0,0.0,0.25,0.25,0.0,0.0,0.1,0.1
2337,0.0,0.0,0.0,0.2,0.25,0.0,0.0,0.0,0.0,0.25,0.25,0.08,0.1,0.2,0.25,0.0,0.0,0.2,0.25
2354,0.1,0.1,0.2,0.25,0.25,0.0,0.0,0.0,0.0,0.1,0.1,0.25,0.25,0.25,0.25,0.0,0.0,0.25,0.25
2361,0.0,0.0,0.25,0.2,0.25,0.1,0.1,0.0,0.0,0.0,0.0,0.0,0.0,0.2,0.25,0.0,0.0,0.08,0.1
2368,0.0,0.0,0.08,0.2,0.25,0.1,0.1,0.0,0.0,0.25,0.25,0.08,0.1,0.2,0.25,0.0,0.0,0.08,0.1
2375,0.0,0.0,0.1,0.25,0.25,0.12,0.1,0.0,0.0,0.3,0.25,0.1,0.1,0.25,0.25,0.0,0.0,0.1,0.1
2382,0.0,0.0,0.2,0.25,0.25,0.12,0.1,0.12,0.1,0.12,0.1,0.25,0.25,0.25,0.25,0.0,0.0,0.1,0.1
2389,0.0,0.0,0.25,0.2,0.25,0.12,0.1,0.0,0.0,0.12,0.1,0.0,0.0,0.2,0.25,0.0,0.0,0.2,0.25
2396,0.0,0.0,0.2,0.2,0.25,0.12,0.1,0.0,0.0,0.0,0.0,0.08,0.1,0.2,0.25,0.0,0.0,0.2,0.25
2403,0.0,0.0,0.1,0.25,0.25,0.1,0.1,0.0,0.0,0.25,0.25,0.25,0.25,0.25,0.25,0.0,0.0,0.25,0.25
2410,0.0,0.0,0.2,0.25,0.25,0.1,0.1,0.1,0.1,0.0,0.0,0.25,0.25,0.25,0.25,0.0,0.0,0.25,0.25
2417,0.0,0.0,0.25,0.2,0.25,0.0,0.0,0.0,0.0,0.1,0.1,0.08,0.1,0.2,0.25,0.1,0.1,0.0,0.0
2424,0.0,0.0,0.2,0.2,0.25,0.0,0.0,0.0,0.0,0.0,0.0,0.2,0.25,0.2,0.25,0.1,0.1,0.0,0.0
2431,0.0,0.0,0.25,0.25,0.25,0.0,0.0,0.0,0.0,0.0,0.0,0.25,0.25,0.25,0.25,0.12,0.1,0.0,0.0
2438,0.0,0.0,0.2,0.25,0.25,0.0,0.0,0.0,0.0,0.3,0.25,0.0,0.0,0.25,0.25,0.12,0.1,0.1,0.1
2445,0.0,0.0,0.25,0.2,0.25,0.0,0.0,0.0,0.0,0.12,0.1,0.08,0.1,0.2,0.25,0.12,0.1,0.08,0.1
2452,0.0,0.0,0.2,0.2,0.25,0.0,0.0,0.0,0.0,0.0,0.0,0.2,0.25,0.2,0.25,0.12,0.1,0.08,0.1
2459,0.0,0.0,0.25,0.25,0.25,0.0,0.0,0.0,0.0,0.25,0.25,0.1,0.1,0.25,0.25,0.1,0.1,0.25,0.25
2465,0.0,0.0,0.25,0.2,0.25,0.0,0.0,0.0,0.0,0.1,0.1,0.2,0.25,0.2,0.25,0.1,0.1,0.2,0.25
2472,0.0,0.0,0.0,0.2,0.25,0.1,0.1,0.0,0.0,0.25,0.25,0.0,0.0,0.2,0.25,0.1,0.1,0.2,0.25
2480,0.0,0.0,0.08,0.2,0.25,0.1,0.1,0.0,0.0,0.25,0.25,0.08,0.1,0.2,0.25,0.1,0.1,0.2,0.25
2487,0.0,0.0,0.1,0.25,0.25,0.12,0.1,0.0,0.0,0.3,0.25,0.1,0.1,0.25,0.25,0.12,0.1,0.25,0.25
2511,0.0,0.0,0.1,0.25,0.25,0.0,0.0,0.0,0.0,0.12,0.1,0.1,0.1,0.25,0.25,0.3,0.25,0.1,0.1
2526,0.0,0.0,0.2,0.0,0.0,0.12,0.1,0.12,0.1,0.0,0.0,0.25,0.25,0.1,0.1,0.0,0.0,0.25,0.25
2533,0.0,0.0,0.25,0.08,0.1,0.0,0.0,0.0,0.0,0.0,0.0,0.08,0.1,0.08,0.1,0.0,0.0,0.0,0.0
2540,0.0,0.0,0.2,0.08,0.1,0.0,0.0,0.0,0.0,0.12,0.1,0.08,0.1,0.08,0.1,0.0,0.0,0.2,0.25
2547,0.0,0.0,0.25,0.1,0.1,0.0,0.0,0.0,0.0,0.0,0.0,0.25,0.25,0.1,0.1,0.0,0.0,0.25,0.25
2552,0.0,0.0,0.2,0.08,0.1,0.1,0.1,0.0,0.0,0.0,0.0,0.2,0.25,0.08,0.1,0.1,0.1,0.2,0.25
2558,0.0,0.0,0.2,0.1,0.1,0.12,0.1,0.0,0.0,0.0,0.0,0.25,0.25,0.1,0.1,0.12,0.1,0.25,0.25
2565,0.0,0.0,0.25,0.2,0.25,0.0,0.0,0.0,0.0,0.12,0.1,0.0,0.0,0.08,0.1,0.0,0.0,0.08,0.1
2573,0.0,0.0,0.25,0.2,0.25,0.0,0.0,0.0,0.0,0.0,0.0,0.0,0.0,0.08,0.1,0.0,0.0,0.2,0.25
2580,0.0,0.0,0.08,0.2,0.25,0.0,0.0,0.0,0.0,0.12,0.1,0.2,0.25,0.08,0.1,0.0,0.0,0.2,0.25
2587,0.0,0.0,0.1,0.25,0.25,0.1,0.1,0.0,0.0,0.0,0.0,0.25,0.25,0.1,0.1,0.0,0.0,0.25,0.25
2594,0.0,0.0,0.2,0.25,0.25,0.1,0.1,0.0,0.0,0.25,0.25,0.1,0.1,0.1,0.1,0.1,0.1,0.25,0.25
2601,0.0,0.0,0.25,0.2,0.25,0.1,0.1,0.0,0.0,0.1,0.1,0.2,0.25,0.08,0.1,0.1,0.1,0.2,0.25
2607,0.0,0.0,0.25,0.25,0.25,0.12,0.1,0.0,0.0,0.12,0.1,0.25,0.25,0.1,0.1,0.12,0.1,0.25,0.25
2614,0.0,0.0,0.08,0.25,0.25,0.0,0.0,0.0,0.0,0.0,0.0,0.25,0.25,0.1,0.1,0.3,0.25,0.25,0.25
2618,0.0,0.0,0.2,0.0,0.0,0.0,0.0,0.0,0.0,0.25,0.25,0.1,0.1,0.25,0.25,0.0,0.0,0.0,0.0
2625,0.0,0.0,0.1,0.0,0.0,0.0,0.0,0.0,0.0,0.1,0.1,0.0,0.0,0.2,0.25,0.0,0.0,0.08,0.1
2643,0.0,0.0,0.25,0.0,0.0,0.0,0.0,0.0,0.0,0.1,0.1,0.0,0.0,0.25,0.25,0.0,0.0,0.25,0.25
2650,0.0,0.0,0.2,0.0,0.0,0.0,0.0,0.0,0.0,0.0,0.0,0.1,0.1,0.25,0.25,0.0,0.0,0.25,0.25
2658,0.0,0.0,0.2,0.0,0.0,0.1,0.1,0.0,0.0,0.25,0.25,0.1,0.1,0.25,0.25,0.1,0.1,0.1,0.1
2665,0.0,0.0,0.25,0.0,0.0,0.1,0.1,0.0,0.0,0.1,0.1,0.2,0.25,0.2,0.25,0.1,0.1,0.08,0.1
2672,0.0,0.0,0.08,0.0,0.0,0.1,0.1,0.0,0.0,0.0,0.0,0.0,0.0,0.2,0.25,0.1,0.1,0.2,0.25
2678,0.0,0.0,0.08,0.0,0.0,0.12,0.1,0.0,0.0,0.0,0.0,0.0,0.0,0.25,0.25,0.12,0.1,0.25,0.25
2684,0.0,0.0,0.08,0.0,0.0,0.12,0.1,0.0,0.0,0.3,0.25,0.2,0.25,0.2,0.25,0.12,0.1,0.2,0.25
2692,0.0,0.0,0.2,0.0,0.0,0.0,0.0,0.0,0.0,0.0,0.0,0.08,0.1,0.2,0.25,0.3,0.25,0.08,0.1
2703,0.0,0.0,0.1,0.0,0.0,0.0,0.0,0.0,0.0,0.3,0.25,0.25,0.25,0.25,0.25,0.3,0.25,0.1,0.1
2711,0.0,0.0,0.25,0.0,0.0,0.0,0.0,0.0,0.0,0.12,0.1,0.0,0.0,0.25,0.25,0.3,0.25,0.25,0.25
2722,0.0,0.0,0.08,0.1,0.1,0.0,0.0,0.0,0.0,0.1,0.1,0.25,0.25,0.25,0.25,0.0,0.0,0.0,0.0
2731,0.0,0.0,0.0,0.1,0.1,0.0,0.0,0.0,0.0,0.25,0.25,0.0,0.0,0.25,0.25,0.0,0.0,0.1,0.1
2741,0.0,0.0,0.0,0.08,0.1,0.0,0.0,0.0,0.0,0.3,0.25,0.2,0.25,0.2,0.25,0.0,0.0,0.08,0.1
2750,0.0,0.0,0.2,0.1,0.1,0.0,0.0,0.0,0.0,0.0,0.0,0.0,0.0,0.25,0.25,0.0,0.0,0.25,0.25
2758,0.0,0.0,0.08,0.1,0.1,0.12,0.1,0.0,0.0,0.3,0.25,0.25,0.25,0.25,0.25,0.0,0.0,0.1,0.1
2765,0.0,0.0,0.1,0.08,0.1,0.12,0.1,0.0,0.0,0.3,0.25,0.2,0.25,0.2,0.25,0.0,0.0,0.2,0.25
2773,0.0,0.0,0.1,0.08,0.1,0.0,0.0,0.0,0.0,0.3,0.25,0.2,0.25,0.2,0.25,0.12,0.1,0.0,0.0
2780,0.0,0.0,0.08,0.08,0.1,0.0,0.0,0.0,0.0,0.12,0.1,0.08,0.1,0.2,0.25,0.12,0.1,0.08,0.1
2788,0.0,0.0,0.2,0.08,0.1,0.12,0.1,0.0,0.0,0.0,0.0,0.0,0.0,0.2,0.25,0.12,0.1,0.08,0.1
2794,0.0,0.0,0.2,0.1,0.1,0.1,0.1,0.0,0.0,0.1,0.1,0.0,0.0,0.25,0.25,0.1,0.1,0.25,0.25
2804,0.0,0.0,0.2,0.08,0.1,0.12,0.1,0.0,0.0,0.0,0.0,0.08,0.1,0.2,0.25,0.12,0.1,0.2,0.25
2811,0.0,0.0,0.25,0.1,0.1,0.0,0.0,0.0,0.0,0.25,0.25,0.1,0.1,0.25,0.25,0.25,0.25,0.1,0.1
2821,0.0,0.0,0.25,0.08,0.1,0.0,0.0,0.0,0.0,0.12,0.1,0.2,0.25,0.2,0.25,0.3,0.25,0.08,0.1
2827,0.0,0.0,0.25,0.1,0.1,0.0,0.0,0.0,0.0,0.0,0.0,0.0,0.0,0.25,0.25,0.25,0.25,0.25,0.25
2834,0.0,0.0,0.08,0.1,0.1,0.0,0.0,0.0,0.0,0.1,0.1,0.25,0.25,0.25,0.25,0.25,0.25,0.25,0.25
2841,0.0,0.0,0.25,0.2,0.25,0.0,0.0,0.0,0.0,0.25,0.25,0.0,0.0,0.2,0.25,0.0,0.0,0.0,0.0
2848,0.0,0.0,0.2,0.2,0.25,0.0,0.0,0.0,0.0,0.0,0.0,0.2,0.25,0.2,0.25,0.0,0.0,0.0,0.0
2856,0.0,0.0,0.08,0.2,0.25,0.0,0.0,0.0,0.0,0.25,0.25,0.08,0.1,0.2,0.25,0.0,0.0,0.08,0.1
2862,0.0,0.0,0.08,0.25,0.25,0.0,0.0,0.0,0.0,0.3,0.25,0.1,0.1,0.25,0.25,0.0,0.0,0.1,0.1
2869,0.0,0.0,0.25,0.2,0.25,0.0,0.0,0.0,0.0,0.12,0.1,0.0,0.0,0.2,0.25,0.0,0.0,0.2,0.25
2875,0.0,0.0,0.25,0.25,0.25,0.0,0.0,0.0,0.0,0.0,0.0,0.1,0.1,0.25,0.25,0.0,0.0,0.25,0.25
2889,0.1,0.1,0.25,0.2,0.25,0.0,0.0,0.0,0.0,0.25,0.25,0.2,0.25,0.2,0.25,0.0,0.0,0.2,0.25
2896,0.0,0.0,0.2,0.2,0.25,0.1,0.1,0.0,0.0,0.25,0.25,0.08,0.1,0.2,0.25,0.0,0.0,0.0,0.0
2903,0.0,0.0,0.25,0.25,0.25,0.12,0.1,0.0,0.0,0.3,0.25,0.1,0.1,0.25,0.25,0.0,0.0,0.0,0.0
2910,0.0,0.0,0.2,0.25,0.25,0.12,0.1,0.0,0.0,0.12,0.1,0.25,0.25,0.25,0.25,0.0,0.0,0.0,0.0
2917,0.0,0.0,0.1,0.2,0.25,0.12,0.1,0.0,0.0,0.12,0.1,0.0,0.0,0.2,0.25,0.0,0.0,0.08,0.1
2928,0.0,0.0,0.08,0.2,0.25,0.1,0.1,0.0,0.0,0.0,0.0,0.0,0.0,0.2,0.25,0.0,0.0,0.2,0.25
2936,0.0,0.0,0.08,0.2,0.25,0.1,0.1,0.0,0.0,0.0,0.0,0.08,0.1,0.2,0.25,0.0,0.0,0.2,0.25
2943,0.0,0.0,0.1,0.25,0.25,0.12,0.1,0.0,0.0,0.0,0.0,0.1,0.1,0.25,0.25,0.0,0.0,0.25,0.25
2950,0.0,0.0,0.0,0.25,0.25,0.12,0.1,0.0,0.0,0.0,0.0,0.25,0.25,0.25,0.25,0.0,0.0,0.25,0.25
2958,0.0,0.0,0.08,0.25,0.25,0.12,0.1,0.12,0.1,0.0,0.0,0.1,0.1,0.25,0.25,0.0,0.0,0.25,0.25
2965,0.0,0.0,0.25,0.2,0.25,0.0,0.0,0.0,0.0,0.0,0.0,0.08,0.1,0.2,0.25,0.12,0.1,0.0,0.0
2973,0.0,0.0,0.1,0.2,0.25,0.0,0.0,0.0,0.0,0.3,0.25,0.2,0.25,0.2,0.25,0.12,0.1,0.0,0.0
2980,0.0,0.0,0.2,0.2,0.25,0.0,0.0,0.0,0.0,0.3,0.25,0.2,0.25,0.2,0.25,0.12,0.1,0.08,0.1
3005,0.0,0.0,0.25,0.2,0.25,0.12,0.1,0.12,0.1,0.3,0.25,0.08,0.1,0.2,0.25,0.12,0.1,0.2,0.25
3012,0.0,0.0,0.2,0.2,0.25,0.3,0.25,0.0,0.0,0.0,0.0,0.2,0.25,0.2,0.25,0.12,0.1,0.08,0.1
3015,0.0,0.0,0.25,0.25,0.25,0.3,0.25,0.0,0.0,0.0,0.0,0.25,0.25,0.25,0.25,0.12,0.1,0.1,0.1
3024,0.0,0.0,0.08,0.2,0.25,0.0,0.0,0.0,0.0,0.1,0.1,0.2,0.25,0.2,0.25,0.25,0.25,0.0,0.0
3033,0.0,0.0,0.25,0.2,0.25,0.0,0.0,0.0,0.0,0.1,0.1,0.0,0.0,0.2,0.25,0.25,0.25,0.08,0.1
3038,0.0,0.0,0.2,0.25,0.25,0.0,0.0,0.0,0.0,0.12,0.1,0.0,0.0,0.25,0.25,0.3,0.25,0.1,0.1
3043,0.0,0.0,0.25,0.25,0.25,0.0,0.0,0.0,0.0,0.0,0.0,0.1,0.1,0.25,0.25,0.25,0.25,0.1,0.1
3054,0.0,0.0,0.2,0.25,0.25,0.0,0.0,0.0,0.0,0.3,0.25,0.0,0.0,0.25,0.25,0.3,0.25,0.25,0.25
3062,0.0,0.0,0.2,0.25,0.25,0.0,0.0,0.0,0.0,0.12,0.1,0.1,0.1,0.25,0.25,0.3,0.25,0.25,0.25
3069,0.0,0.0,0.25,0.2,0.25,0.0,0.0,0.0,0.0,0.0,0.0,0.2,0.25,0.2,0.25,0.3,0.25,0.2,0.25
3082,0.0,0.0,0.2,0.25,0.25,0.0,0.0,0.0,0.0,0.25,0.25,0.25,0.25,0.0,0.0,0.0,0.0,0.25,0.25
3090,0.0,0.0,0.2,0.0,0.0,0.0,0.0,0.0,0.0,0.0,0.0,0.1,0.1,0.1,0.1,0.0,0.0,0.25,0.25
3096,0.0,0.0,0.2,0.08,0.1,0.0,0.0,0.0,0.0,0.25,0.25,0.2,0.25,0.08,0.1,0.0,0.0,0.08,0.1
3102,0.0,0.0,0.2,0.1,0.1,0.0,0.0,0.0,0.0,0.3,0.25,0.25,0.25,0.1,0.1,0.0,0.0,0.1,0.1
3109,0.0,0.0,0.25,0.2,0.25,0.0,0.0,0.0,0.0,0.0,0.0,0.0,0.0,0.08,0.1,0.0,0.0,0.08,0.1
3117,0.0,0.0,0.25,0.2,0.25,0.0,0.0,0.0,0.0,0.3,0.25,0.08,0.1,0.08,0.1,0.0,0.0,0.2,0.25
3123,0.0,0.0,0.25,0.25,0.25,0.0,0.0,0.0,0.0,0.1,0.1,0.25,0.25,0.1,0.1,0.0,0.0,0.25,0.25
3129,0.0,0.0,0.25,0.2,0.25,0.1,0.1,0.0,0.0,0.1,0.1,0.08,0.1,0.08,0.1,0.1,0.1,0.2,0.25
3136,0.0,0.0,0.2,0.2,0.25,0.1,0.1,0.0,0.0,0.0,0.0,0.2,0.25,0.08,0.1,0.1,0.1,0.2,0.25
3142,0.0,0.0,0.2,0.25,0.25,0.12,0.1,0.0,0.0,0.0,0.0,0.25,0.25,0.1,0.1,0.12,0.1,0.25,0.25
3149,0.0,0.0,0.0,0.0,0.0,0.0,0.0,0.0,0.0,0.12,0.1,0.0,0.0,0.2,0.25,0.0,0.0,0.08,0.1
3156,0.0,0.0,0.2,0.0,0.0,0.0,0.0,0.0,0.0,0.3,0.25,0.08,0.1,0.2,0.25,0.0,0.0,0.08,0.1
3164,0.0,0.0,0.2,0.0,0.0,0.0,0.0,0.0,0.0,0.12,0.1,0.2,0.25,0.2,0.25,0.0,0.0,0.08,0.1
3173,0.0,0.0,0.1,0.0,0.0,0.0,0.0,0.0,0.0,0.3,0.25,0.0,0.0,0.2,0.25,0.0,0.0,0.2,0.25
3182,0.0,0.0,0.0,0.0,0.0,0.0,0.0,0.0,0.0,0.3,0.25,0.1,0.1,0.25,0.25,0.0,0.0,0.25,0.25
3191,0.0,0.0,0.25,0.0,0.0,0.0,0.0,0.12,0.1,0.3,0.25,0.1,0.1,0.25,0.25,0.0,0.0,0.25,0.25
3198,0.0,0.0,0.2,0.0,0.0,0.0,0.0,0.12,0.1,0.12,0.1,0.25,0.25,0.25,0.25,0.0,0.0,0.25,0.25
3205,0.0,0.0,0.1,0.0,0.0,0.12,0.1,0.0,0.0,0.12,0.1,0.2,0.25,0.2,0.25,0.0,0.0,0.08,0.1
3214,0.0,0.0,0.08,0.0,0.0,0.0,0.0,0.0,0.0,0.12,0.1,0.1,0.1,0.25,0.25,0.12,0.1,0.1,0.1
3223,0.0,0.0,0.1,0.0,0.0,0.0,0.0,0.0,0.0,0.0,0.0,0.25,0.25,0.25,0.25,0.12,0.1,0.1,0.1
3231,0.0,0.0,0.25,0.0,0.0,0.0,0.0,0.0,0.0,0.0,0.0,0.0,0.0,0.25,0.25,0.12,0.1,0.25,0.25
3241,0.0,0.0,0.1,0.0,0.0,0.0,0.0,0.0,0.0,0.1,0.1,0.2,0.25,0.2,0.25,0.25,0.25,0.0,0.0
3248,0.0,0.0,0.2,0.0,0.0,0.0,0.0,0.0,0.0,0.0,0.0,0.2,0.25,0.2,0.25,0.25,0.25,0.08,0.1
3257,0.0,0.0,0.25,0.08,0.1,0.0,0.0,0.0,0.0,0.25,0.25,0.0,0.0,0.2,0.25,0.0,0.0,0.0,0.0
3261,0.0,0.0,0.25,0.08,0.1,0.0,0.0,0.0,0.0,0.3,0.25,0.0,0.0,0.2,0.25,0.0,0.0,0.0,0.0
3268,0.0,0.0,0.2,0.08,0.1,0.0,0.0,0.0,0.0,0.12,0.1,0.08,0.1,0.2,0.25,0.0,0.0,0.0,0.0
3279,0.0,0.0,0.0,0.1,0.1,0.0,0.0,0.0,0.0,0.3,0.25,0.1,0.1,0.25,0.25,0.0,0.0,0.1,0.1
3288,0.0,0.0,0.2,0.08,0.1,0.0,0.0,0.1,0.1,0.1,0.1,0.08,0.1,0.2,0.25,0.0,0.0,0.08,0.1
3297,0.0,0.0,0.1,0.08,0.1,0.0,0.0,0.0,0.0,0.25,0.25,0.0,0.0,0.2,0.25,0.0,0.0,0.2,0.25
3304,0.0,0.0,0.0,0.08,0.1,0.0,0.0,0.0,0.0,0.25,0.25,0.2,0.25,0.2,0.25,0.0,0.0,0.2,0.25
3315,0.0,0.0,0.25,0.1,0.1,0.1,0.1,0.0,0.0,0.25,0.25,0.25,0.25,0.25,0.25,0.0,0.0,0.0,0.0
3322,0.0,0.0,0.08,0.1,0.1,0.1,0.1,0.0,0.0,0.1,0.1,0.0,0.0,0.25,0.25,0.0,0.0,0.1,0.1
3329,0.0,0.0,0.1,0.08,0.1,0.1,0.1,0.0,0.0,0.0,0.0,0.08,0.1,0.2,0.25,0.0,0.0,0.2,0.25
3336,0.0,0.0,0.0,0.08,0.1,0.1,0.1,0.0,0.0,0.0,0.0,0.2,0.25,0.2,0.25,0.0,0.0,0.2,0.25
3349,0.0,0.0,0.1,0.08,0.1,0.0,0.0,0.0,0.0,0.12,0.1,0.08,0.1,0.2,0.25,0.12,0.1,0.0,0.0
3352,0.0,0.0,0.08,0.08,0.1,0.0,0.0,0.0,0.0,0.0,0.0,0.2,0.25,0.2,0.25,0.1,0.1,0.0,0.0
3359,0.0,0.0,0.1,0.1,0.1,0.0,0.0,0.0,0.0,0.0,0.0,0.25,0.25,0.25,0.25,0.12,0.1,0.0,0.0
3365,0.0,0.0,0.25,0.08,0.1,0.0,0.0,0.0,0.0,0.3,0.25,0.0,0.0,0.2,0.25,0.12,0.1,0.08,0.1
3372,0.0,0.0,0.2,0.08,0.1,0.0,0.0,0.0,0.0,0.12,0.1,0.08,0.1,0.2,0.25,0.12,0.1,0.08,0.1
3379,0.0,0.0,0.25,0.1,0.1,0.0,0.0,0.0,0.0,0.0,0.0,0.25,0.25,0.25,0.25,0.1,0.1,0.1,0.1
3388,0.0,0.0,0.2,0.08,0.1,0.12,0.1,0.0,0.0,0.3,0.25,0.08,0.1,0.2,0.25,0.12,0.1,0.08,0.1
3400,0.0,0.0,0.2,0.08,0.1,0.1,0.1,0.0,0.0,0.25,0.25,0.0,0.0,0.2,0.25,0.1,0.1,0.2,0.25
3407,0.0,0.0,0.25,0.1,0.1,0.12,0.1,0.0,0.0,0.3,0.25,0.0,0.0,0.25,0.25,0.12,0.1,0.25,0.25
3415,0.0,0.0,0.25,0.1,0.1,0.12,0.1,0.0,0.0,0.12,0.1,0.1,0.1,0.25,0.25,0.12,0.1,0.25,0.25
3422,0.0,0.0,0.2,0.1,0.1,0.12,0.1,0.0,0.0,0.0,0.0,0.25,0.25,0.25,0.25,0.12,0.1,0.25,0.25
3429,0.0,0.0,0.25,0.08,0.1,0.12,0.1,0.12,0.1,0.3,0.25,0.2,0.25,0.2,0.25,0.12,0.1,0.2,0.25
3436,0.0,0.0,0.08,0.08,0.1,0.0,0.0,0.0,0.0,0.12,0.1,0.08,0.1,0.2,0.25,0.3,0.25,0.08,0.1
3444,0.0,0.0,0.08,0.08,0.1,0.0,0.0,0.0,0.0,0.0,0.0,0.2,0.25,0.2,0.25,0.3,0.25,0.08,0.1
3450,0.0,0.0,0.2,0.1,0.1,0.0,0.0,0.0,0.0,0.25,0.25,0.25,0.25,0.25,0.25,0.25,0.25,0.25,0.25
3467,0.0,0.0,0.1,0.25,0.25,0.0,0.0,0.0,0.0,0.0,0.0,0.0,0.0,0.25,0.25,0.0,0.0,0.0,0.0
3475,0.0,0.0,0.25,0.25,0.25,0.0,0.0,0.0,0.0,0.25,0.25,0.0,0.0,0.25,0.25,0.0,0.0,0.1,0.1
3481,0.0,0.0,0.25,0.2,0.25,0.0,0.0,0.0,0.0,0.1,0.1,0.08,0.1,0.2,0.25,0.0,0.0,0.08,0.1
3490,0.0,0.0,0.2,0.25,0.25,0.0,0.0,0.0,0.0,0.0,0.0,0.25,0.25,0.25,0.25,0.0,0.0,0.1,0.1
3495,0.0,0.0,0.25,0.25,0.25,0.0,0.0,0.0,0.0,0.0,0.0,0.25,0.25,0.25,0.25,0.0,0.0,0.1,0.1
3506,0.0,0.0,0.2,0.25,0.25,0.1,0.1,0.0,0.0,0.25,0.25,0.25,0.25,0.25,0.25,0.0,0.0,0.0,0.0
3513,0.0,0.0,0.1,0.2,0.25,0.1,0.1,0.0,0.0,0.25,0.25,0.0,0.0,0.2,0.25,0.0,0.0,0.08,0.1
3520,0.0,0.0,0.08,0.2,0.25,0.1,0.1,0.0,0.0,0.1,0.1,0.08,0.1,0.2,0.25,0.0,0.0,0.08,0.1
3527,0.0,0.0,0.1,0.25,0.25,0.12,0.1,0.0,0.0,0.12,0.1,0.1,0.1,0.25,0.25,0.0,0.0,0.1,0.1
3535,0.0,0.0,0.25,0.25,0.25,0.12,0.1,0.0,0.0,0.3,0.25,0.25,0.25,0.25,0.25,0.0,0.0,0.1,0.1
3544,0.0,0.0,0.0,0.2,0.25,0.1,0.1,0.0,0.0,0.25,0.25,0.0,0.0,0.2,0.25,0.0,0.0,0.2,0.25
3552,0.0,0.0,0.0,0.2,0.25,0.1,0.1,0.0,0.0,0.1,0.1,0.08,0.1,0.2,0.25,0.0,0.0,0.2,0.25
3561,0.0,0.0,0.0,0.2,0.25,0.1,0.1,0.0,0.0,0.25,0.25,0.2,0.25,0.2,0.25,0.0,0.0,0.2,0.25
3568,0.0,0.0,0.2,0.2,0.25,0.0,0.0,0.0,0.0,0.1,0.1,0.2,0.25,0.2,0.25,0.1,0.1,0.0,0.0
3576,0.0,0.0,0.08,0.2,0.25,0.0,0.0,0.0,0.0,0.1,0.1,0.08,0.1,0.2,0.25,0.1,0.1,0.08,0.1
3584,0.0,0.0,0.08,0.2,0.25,0.0,0.0,0.0,0.0,0.1,0.1,0.2,0.25,0.2,0.25,0.1,0.1,0.08,0.1
3592,0.0,0.0,0.2,0.2,0.25,0.0,0.0,0.0,0.0,0.25,0.25,0.2,0.25,0.2,0.25,0.1,0.1,0.2,0.25
3599,0.0,0.0,0.25,0.25,0.25,0.0,0.0,0.0,0.0,0.3,0.25,0.25,0.25,0.25,0.25,0.12,0.1,0.25,0.25
3605,0.0,0.0,0.25,0.2,0.25,0.0,0.0,0.12,0.1,0.0,0.0,0.08,0.1,0.2,0.25,0.12,0.1,0.2,0.25
3609,0.0,0.0,0.25,0.2,0.25,0.0,0.0,0.1,0.1,0.0,0.0,0.2,0.25,0.2,0.25,0.1,0.1,0.2,0.25
3621,0.0,0.0,0.0,0.2,0.25,0.12,0.1,0.0,0.0,0.0,0.0,0.2,0.25,0.2,0.25,0.12,0.1,0.2,0.25
3641,0.0,0.0,0.25,0.2,0.25,0.25,0.25,0.0,0.0,0.25,0.25,0.0,0.0,0.2,0.25,0.25,0.25,0.2,0.25
3647,0.0,0.0,0.25,0.25,0.25,0.3,0.25,0.0,0.0,0.3,0.25,0.0,0.0,0.25,0.25,0.3,0.25,0.25,0.25
3656,0.0,0.0,0.2,0.0,0.0,0.0,0.0,0.0,0.0,0.1,0.1,0.2,0.25,0.08,0.1,0.0,0.0,0.08,0.1
3662,0.0,0.0,0.2,0.0,0.0,0.0,0.0,0.0,0.0,0.12,0.1,0.25,0.25,0.1,0.1,0.0,0.0,0.1,0.1
3669,0.0,0.0,0.25,0.08,0.1,0.0,0.0,0.0,0.0,0.3,0.25,0.2,0.25,0.08,0.1,0.0,0.0,0.2,0.25
3676,0.0,0.0,0.2,0.2,0.25,0.0,0.0,0.0,0.0,0.0,0.0,0.0,0.0,0.08,0.1,0.0,0.0,0.0,0.0
3683,0.0,0.0,0.1,0.25,0.25,0.1,0.1,0.0,0.0,0.0,0.0,0.1,0.1,0.1,0.1,0.0,0.0,0.25,0.25
3690,0.0,0.0,0.2,0.25,0.25,0.1,0.1,0.0,0.0,0.1,0.1,0.0,0.0,0.1,0.1,0.1,0.1,0.25,0.25
3696,0.0,0.0,0.2,0.2,0.25,0.1,0.1,0.0,0.0,0.0,0.0,0.08,0.1,0.08,0.1,0.1,0.1,0.2,0.25
3703,0.0,0.0,0.25,0.25,0.25,0.12,0.1,0.0,0.0,0.0,0.0,0.1,0.1,0.1,0.1,0.12,0.1,0.25,0.25
3712,0.0,0.0,0.2,0.0,0.0,0.0,0.0,0.0,0.0,0.1,0.1,0.08,0.1,0.2,0.25,0.0,0.0,0.08,0.1
3719,0.0,0.0,0.25,0.0,0.0,0.0,0.0,0.0,0.0,0.12,0.1,0.1,0.1,0.25,0.25,0.0,0.0,0.1,0.1
3725,0.0,0.0,0.25,0.0,0.0,0.0,0.0,0.0,0.0,0.0,0.0,0.2,0.25,0.2,0.25,0.0,0.0,0.08,0.1
3733,0.0,0.0,0.1,0.0,0.0,0.0,0.0,0.0,0.0,0.12,0.1,0.0,0.0,0.2,0.25,0.0,0.0,0.2,0.25
3738,0.0,0.0,0.0,0.0,0.0,0.0,0.0,0.0,0.0,0.1,0.1,0.25,0.25,0.25,0.25,0.0,0.0,0.25,0.25
3742,0.0,0.0,0.0,0.0,0.0,0.0,0.0,0.0,0.0,0.12,0.1,0.25,0.25,0.25,0.25,0.0,0.0,0.25,0.25
3749,0.0,0.0,0.25,0.0,0.0,0.0,0.0,0.0,0.0,0.3,0.25,0.2,0.25,0.2,0.25,0.0,0.0,0.2,0.25
3755,0.0,0.0,0.25,0.0,0.0,0.0,0.0,0.1,0.1,0.1,0.1,0.0,0.0,0.25,0.25,0.0,0.0,0.25,0.25
3762,0.0,0.0,0.2,0.0,0.0,0.0,0.0,0.1,0.1,0.1,0.1,0.1,0.1,0.25,0.25,0.0,0.0,0.25,0.25
3769,0.0,0.0,0.25,0.0,0.0,0.0,0.0,0.1,0.1,0.0,0.0,0.2,0.25,0.2,0.25,0.0,0.0,0.2,0.25
3776,0.0,0.0,0.2,0.0,0.0,0.0,0.0,0.0,0.0,0.1,0.1,0.0,0.0,0.2,0.25,0.1,0.1,0.08,0.1
3786,0.0,0.0,0.2,0.0,0.0,0.0,0.0,0.0,0.0,0.0,0.0,0.1,0.1,0.25,0.25,0.1,0.1,0.1,0.1
3791,0.0,0.0,0.25,0.0,0.0,0.0,0.0,0.0,0.0,0.0,0.0,0.1,0.1,0.25,0.25,0.12,0.1,0.1,0.1
3798,0.0,0.0,0.2,0.0,0.0,0.0,0.0,0.0,0.0,0.3,0.25,0.1,0.1,0.25,0.25,0.12,0.1,0.25,0.25
3805,0.0,0.0,0.25,0.0,0.0,0.0,0.0,0.0,0.0,0.12,0.1,0.2,0.25,0.2,0.25,0.12,0.1,0.2,0.25
3812,0.0,0.0,0.2,0.0,0.0,0.12,0.1,0.0,0.0,0.12,0.1,0.0,0.0,0.2,0.25,0.12,0.1,0.08,0.1
3819,0.0,0.0,0.25,0.0,0.0,0.1,0.1,0.0,0.0,0.0,0.0,0.1,0.1,0.25,0.25,0.1,0.1,0.1,0.1
3825,0.0,0.0,0.25,0.0,0.0,0.1,0.1,0.0,0.0,0.1,0.1,0.08,0.1,0.2,0.25,0.1,0.1,0.2,0.25
3832,0.0,0.0,0.2,0.0,0.0,0.1,0.1,0.0,0.0,0.0,0.0,0.2,0.25,0.2,0.25,0.1,0.1,0.2,0.25
3839,0.0,0.0,0.25,0.0,0.0,0.12,0.1,0.0,0.0,0.0,0.0,0.25,0.25,0.25,0.25,0.12,0.1,0.25,0.25
3846,0.0,0.0,0.08,0.0,0.0,0.0,0.0,0.0,0.0,0.0,0.0,0.1,0.1,0.25,0.25,0.3,0.25,0.1,0.1
3854,0.0,0.0,0.2,0.0,0.0,0.0,0.0,0.0,0.0,0.3,0.25,0.25,0.25,0.25,0.25,0.3,0.25,0.1,0.1
3859,0.0,0.0,0.25,0.0,0.0,0.0,0.0,0.0,0.0,0.25,0.25,0.0,0.0,0.25,0.25,0.25,0.25,0.25,0.25
3869,0.0,0.0,0.25,0.0,0.0,0.0,0.0,0.0,0.0,0.12,0.1,0.08,0.1,0.2,0.25,0.3,0.25,0.2,0.25
3876,0.0,0.0,0.2,0.0,0.0,0.0,0.0,0.0,0.0,0.0,0.0,0.2,0.25,0.2,0.25,0.3,0.25,0.2,0.25
3884,0.0,0.0,0.2,0.08,0.1,0.0,0.0,0.0,0.0,0.3,0.25,0.08,0.1,0.2,0.25,0.0,0.0,0.0,0.0
3891,0.0,0.0,0.25,0.1,0.1,0.0,0.0,0.0,0.0,0.0,0.0,0.0,0.0,0.25,0.25,0.0,0.0,0.1,0.1
3907,0.0,0.0,0.25,0.1,0.1,0.0,0.0,0.0,0.0,0.25,0.25,0.25,0.25,0.25,0.25,0.0,0.0,0.25,0.25
3912,0.0,0.0,0.2,0.08,0.1,0.0,0.0,0.1,0.1,0.1,0.1,0.0,0.0,0.2,0.25,0.0,0.0,0.2,0.25
3920,0.0,0.0,0.2,0.08,0.1,0.0,0.0,0.1,0.1,0.0,0.0,0.08,0.1,0.2,0.25,0.0,0.0,0.2,0.25
3927,0.0,0.0,0.25,0.1,0.1,0.0,0.0,0.12,0.1,0.0,0.0,0.1,0.1,0.25,0.25,0.0,0.0,0.25,0.25
3934,0.0,0.0,0.08,0.1,0.1,0.12,0.1,0.0,0.0,0.12,0.1,0.1,0.1,0.25,0.25,0.0,0.0,0.1,0.1
3941,0.0,0.0,0.1,0.08,0.1,0.12,0.1,0.0,0.0,0.0,0.0,0.2,0.25,0.2,0.25,0.0,0.0,0.08,0.1
3947,0.0,0.0,0.1,0.1,0.1,0.1,0.1,0.0,0.0,0.0,0.0,0.0,0.0,0.25,0.25,0.0,0.0,0.25,0.25
3954,0.0,0.0,0.0,0.1,0.1,0.1,0.1,0.0,0.0,0.1,0.1,0.1,0.1,0.25,0.25,0.0,0.0,0.25,0.25
3961,0.0,0.0,0.1,0.08,0.1,0.1,0.1,0.0,0.0,0.1,0.1,0.2,0.25,0.2,0.25,0.0,0.0,0.2,0.25
3968,0.0,0.0,0.08,0.08,0.1,0.0,0.0,0.0,0.0,0.1,0.1,0.2,0.25,0.2,0.25,0.1,0.1,0.0,0.0
3975,0.0,0.0,0.1,0.1,0.1,0.0,0.0,0.0,0.0,0.12,0.1,0.25,0.25,0.25,0.25,0.12,0.1,0.0,0.0
3983,0.0,0.0,0.25,0.1,0.1,0.0,0.0,0.0,0.0,0.12,0.1,0.0,0.0,0.25,0.25,0.12,0.1,0.25,0.25
3992,0.0,0.0,0.2,0.08,0.1,0.1,0.1,0.0,0.0,0.25,0.25,0.0,0.0,0.2,0.25,0.1,0.1,0.08,0.1
3998,0.0,0.0,0.2,0.1,0.1,0.12,0.1,0.0,0.0,0.3,0.25,0.0,0.0,0.25,0.25,0.12,0.1,0.1,0.1
4005,0.0,0.0,0.25,0.08,0.1,0.12,0.1,0.0,0.0,0.12,0.1,0.08,0.1,0.2,0.25,0.12,0.1,0.08,0.1
4023,0.0,0.0,0.0,0.1,0.1,0.12,0.1,0.0,0.0,0.0,0.0,0.1,0.1,0.25,0.25,0.12,0.1,0.25,0.25
4030,0.0,0.0,0.2,0.1,0.1,0.12,0.1,0.0,0.0,0.3,0.25,0.25,0.25,0.25,0.25,0.12,0.1,0.25,0.25
4037,0.0,0.0,0.25,0.08,0.1,0.12,0.1,0.12,0.1,0.0,0.0,0.08,0.1,0.2,0.25,0.12,0.1,0.2,0.25
4045,0.0,0.0,0.1,0.08,0.1,0.0,0.0,0.0,0.0,0.0,0.0,0.08,0.1,0.2,0.25,0.3,0.25,0.0,0.0
4053,0.0,0.0,0.1,0.08,0.1,0.0,0.0,0.0,0.0,0.12,0.1,0.2,0.25,0.2,0.25,0.3,0.25,0.0,0.0
4060,0.0,0.0,0.2,0.08,0.1,0.0,0.0,0.0,0.0,0.3,0.25,0.0,0.0,0.2,0.25,0.3,0.25,0.2,0.25
4066,0.0,0.0,0.2,0.1,0.1,0.0,0.0,0.0,0.0,0.1,0.1,0.1,0.1,0.25,0.25,0.25,0.25,0.25,0.25
4072,0.0,0.0,0.2,0.08,0.1,0.0,0.0,0.0,0.0,0.0,0.0,0.2,0.25,0.2,0.25,0.25,0.25,0.2,0.25
4079,0.0,0.0,0.25,0.1,0.1,0.0,0.0,0.0,0.0,0.0,0.0,0.25,0.25,0.25,0.25,0.3,0.25,0.25,0.25
4088,0.0,0.0,0.08,0.2,0.25,0.0,0.0,0.0,0.0,0.25,0.25,0.08,0.1,0.2,0.25,0.0,0.0,0.0,0.0
4094,0.0,0.0,0.08,0.25,0.25,0.0,0.0,0.0,0.0,0.3,0.25,0.1,0.1,0.25,0.25,0.0,0.0,0.0,0.0
4100,0.0,0.0,0.2,0.2,0.25,0.0,0.0,0.0,0.0,0.12,0.1,0.0,0.0,0.2,0.25,0.0,0.0,0.08,0.1
4110,0.0,0.0,0.2,0.25,0.25,0.0,0.0,0.0,0.0,0.0,0.0,0.1,0.1,0.25,0.25,0.0,0.0,0.1,0.1
4116,0.0,0.0,0.08,0.2,0.25,0.0,0.0,0.0,0.0,0.3,0.25,0.2,0.25,0.2,0.25,0.0,0.0,0.08,0.1
4123,0.0,0.0,0.25,0.25,0.25,0.0,0.0,0.0,0.0,0.25,0.25,0.1,0.1,0.25,0.25,0.0,0.0,0.25,0.25
4130,0.0,0.0,0.2,0.25,0.25,0.0,0.0,0.0,0.0,0.1,0.1,0.25,0.25,0.25,0.25,0.0,0.0,0.25,0.25
4138,0.0,0.0,0.2,0.25,0.25,0.0,0.0,0.1,0.1,0.0,0.0,0.0,0.0,0.25,0.25,0.0,0.0,0.25,0.25
4149,0.12,0.1,0.1,0.2,0.25,0.0,0.0,0.0,0.0,0.3,0.25,0.0,0.0,0.2,0.25,0.0,0.0,0.2,0.25
4166,0.0,0.0,0.2,0.25,0.25,0.12,0.1,0.0,0.0,0.3,0.25,0.0,0.0,0.25,0.25,0.0,0.0,0.1,0.1
4173,0.0,0.0,0.25,0.2,0.25,0.12,0.1,0.0,0.0,0.0,0.0,0.08,0.1,0.2,0.25,0.0,0.0,0.08,0.1
4180,0.0,0.0,0.2,0.2,0.25,0.12,0.1,0.12,0.1,0.3,0.25,0.2,0.25,0.2,0.25,0.0,0.0,0.08,0.1
4193,0.0,0.0,0.25,0.2,0.25,0.1,0.1,0.0,0.0,0.1,0.1,0.08,0.1,0.2,0.25,0.0,0.0,0.2,0.25
4200,0.0,0.0,0.2,0.2,0.25,0.1,0.1,0.0,0.0,0.0,0.0,0.2,0.25,0.2,0.25,0.0,0.0,0.2,0.25
4207,0.0,0.0,0.25,0.25,0.25,0.12,0.1,0.0,0.0,0.0,0.0,0.25,0.25,0.25,0.25,0.0,0.0,0.25,0.25
4217,0.0,0.0,0.1,0.2,0.25,0.0,0.0,0.0,0.0,0.1,0.1,0.08,0.1,0.2,0.25,0.1,0.1,0.0,0.0
4223,0.0,0.0,0.1,0.25,0.25,0.0,0.0,0.0,0.0,0.12,0.1,0.1,0.1,0.25,0.25,0.12,0.1,0.0,0.0
4230,0.0,0.0,0.08,0.25,0.25,0.0,0.0,0.0,0.0,0.0,0.0,0.25,0.25,0.25,0.25,0.12,0.1,0.0,0.0
4236,0.0,0.0,0.2,0.2,0.25,0.0,0.0,0.0,0.0,0.0,0.0,0.0,0.0,0.2,0.25,0.12,0.1,0.08,0.1
4243,0.0,0.0,0.1,0.25,0.25,0.0,0.0,0.0,0.0,0.25,0.25,0.1,0.1,0.25,0.25,0.1,0.1,0.1,0.1
4250,0.0,0.0,0.08,0.25,0.25,0.0,0.0,0.0,0.0,0.0,0.0,0.25,0.25,0.25,0.25,0.1,0.1,0.1,0.1
4267,0.0,0.0,0.25,0.25,0.25,0.1,0.1,0.0,0.0,0.0,0.0,0.0,0.0,0.25,0.25,0.1,0.1,0.1,0.1
4274,0.0,0.0,0.2,0.25,0.25,0.1,0.1,0.0,0.0,0.0,0.0,0.0,0.0,0.25,0.25,0.1,0.1,0.25,0.25
4290,0.0,0.0,0.2,0.25,0.25,0.1,0.1,0.1,0.1,0.25,0.25,0.0,0.0,0.25,0.25,0.1,0.1,0.25,0.25
4297,0.0,0.0,0.25,0.2,0.25,0.1,0.1,0.1,0.1,0.1,0.1,0.08,0.1,0.2,0.25,0.1,0.1,0.2,0.25
4303,0.0,0.0,0.25,0.25,0.25,0.12,0.1,0.12,0.1,0.12,0.1,0.1,0.1,0.25,0.25,0.12,0.1,0.25,0.25
4310,0.12,0.1,0.2,0.25,0.25,0.12,0.1,0.0,0.0,0.0,0.0,0.25,0.25,0.25,0.25,0.12,0.1,0.25,0.25
4317,0.0,0.0,0.25,0.2,0.25,0.0,0.0,0.0,0.0,0.0,0.0,0.2,0.25,0.2,0.25,0.3,0.25,0.0,0.0
4330,0.0,0.0,0.2,0.25,0.25,0.0,0.0,0.0,0.0,0.1,0.1,0.25,0.25,0.25,0.25,0.25,0.25,0.1,0.1
4338,0.0,0.0,0.08,0.25,0.25,0.0,0.0,0.0,0.0,0.1,0.1,0.1,0.1,0.25,0.25,0.25,0.25,0.25,0.25
4346,0.0,0.0,0.08,0.25,0.25,0.0,0.0,0.0,0.0,0.1,0.1,0.25,0.25,0.25,0.25,0.25,0.25,0.25,0.25
4353,0.0,0.0,0.25,0.2,0.25,0.25,0.25,0.0,0.0,0.0,0.0,0.0,0.0,0.2,0.25,0.25,0.25,0.2,0.25
4361,0.0,0.0,0.25,0.2,0.25,0.0,0.0,0.0,0.0,0.1,0.1,0.2,0.25,0.0,0.0,0.0,0.0,0.2,0.25
4367,0.0,0.0,0.25,0.25,0.25,0.0,0.0,0.0,0.0,0.12,0.1,0.25,0.25,0.0,0.0,0.0,0.0,0.25,0.25
4373,0.0,0.0,0.25,0.0,0.0,0.0,0.0,0.0,0.0,0.12,0.1,0.2,0.25,0.08,0.1,0.0,0.0,0.2,0.25
4380,0.0,0.0,0.2,0.08,0.1,0.0,0.0,0.0,0.0,0.12,0.1,0.08,0.1,0.08,0.1,0.0,0.0,0.08,0.1
4387,0.0,0.0,0.25,0.1,0.1,0.0,0.0,0.0,0.0,0.0,0.0,0.25,0.25,0.1,0.1,0.0,0.0,0.1,0.1
4394,0.0,0.0,0.2,0.1,0.1,0.1,0.1,0.0,0.0,0.1,0.1,0.25,0.25,0.1,0.1,0.1,0.1,0.25,0.25
4400,0.0,0.0,0.2,0.2,0.25,0.0,0.0,0.0,0.0,0.0,0.0,0.08,0.1,0.08,0.1,0.0,0.0,0.08,0.1
4407,0.0,0.0,0.25,0.25,0.25,0.0,0.0,0.0,0.0,0.0,0.0,0.1,0.1,0.1,0.1,0.0,0.0,0.1,0.1
4414,0.0,0.0,0.08,0.25,0.25,0.0,0.0,0.0,0.0,0.12,0.1,0.1,0.1,0.1,0.1,0.0,0.0,0.25,0.25
4422,0.0,0.0,0.2,0.25,0.25,0.12,0.1,0.0,0.0,0.0,0.0,0.25,0.25,0.1,0.1,0.0,0.0,0.0,0.0
4429,0.0,0.0,0.25,0.2,0.25,0.12,0.1,0.12,0.1,0.0,0.0,0.0,0.0,0.08,0.1,0.0,0.0,0.2,0.25
4437,0.0,0.0,0.1,0.2,0.25,0.0,0.0,0.0,0.0,0.12,0.1,0.2,0.25,0.08,0.1,0.12,0.1,0.2,0.25
4444,0.0,0.0,0.2,0.0,0.0,0.0,0.0,0.0,0.0,0.0,0.0,0.0,0.0,0.2,0.25,0.0,0.0,0.08,0.1
4453,0.0,0.0,0.0,0.0,0.0,0.0,0.0,0.0,0.0,0.3,0.25,0.0,0.0,0.2,0.25,0.0,0.0,0.2,0.25
4460,0.0,0.0,0.0,0.0,0.0,0.0,0.0,0.0,0.0,0.3,0.25,0.2,0.25,0.2,0.25,0.0,0.0,0.2,0.25
4470,0.0,0.0,0.2,0.0,0.0,0.12,0.1,0.0,0.0,0.0,0.0,0.1,0.1,0.25,0.25,0.0,0.0,0.25,0.25
4476,0.0,0.0,0.08,0.0,0.0,0.12,0.1,0.0,0.0,0.0,0.0,0.2,0.25,0.2,0.25,0.0,0.0,0.2,0.25
4483,0.0,0.0,0.1,0.0,0.0,0.0,0.0,0.0,0.0,0.0,0.0,0.25,0.25,0.25,0.25,0.1,0.1,0.0,0.0
4491,0.0,0.0,0.25,0.0,0.0,0.0,0.0,0.0,0.0,0.25,0.25,0.0,0.0,0.25,0.25,0.1,0.1,0.1,0.1
4497,0.0,0.0,0.25,0.0,0.0,0.0,0.0,0.0,0.0,0.1,0.1,0.08,0.1,0.2,0.25,0.1,0.1,0.08,0.1
4505,0.0,0.0,0.25,0.0,0.0,0.0,0.0,0.0,0.0,0.0,0.0,0.2,0.25,0.2,0.25,0.1,0.1,0.08,0.1
4512,0.0,0.0,0.2,0.0,0.0,0.0,0.0,0.0,0.0,0.25,0.25,0.0,0.0,0.2,0.25,0.1,0.1,0.2,0.25
4517,0.0,0.0,0.25,0.0,0.0,0.0,0.0,0.0,0.0,0.3,0.25,0.0,0.0,0.2,0.25,0.12,0.1,0.2,0.25
4523,0.0,0.0,0.25,0.0,0.0,0.0,0.0,0.0,0.0,0.1,0.1,0.1,0.1,0.25,0.25,0.1,0.1,0.25,0.25
4530,0.0,0.0,0.2,0.0,0.0,0.0,0.0,0.0,0.0,0.0,0.0,0.25,0.25,0.25,0.25,0.1,0.1,0.25,0.25
4536,0.0,0.0,0.08,0.0,0.0,0.1,0.1,0.0,0.0,0.25,0.25,0.0,0.0,0.2,0.25,0.1,0.1,0.2,0.25
4543,0.0,0.0,0.1,0.0,0.0,0.12,0.1,0.0,0.0,0.3,0.25,0.0,0.0,0.25,0.25,0.12,0.1,0.25,0.25
4550,0.0,0.0,0.08,0.0,0.0,0.12,0.1,0.0,0.0,0.0,0.0,0.1,0.1,0.25,0.25,0.12,0.1,0.25,0.25
4564,0.0,0.0,0.2,0.0,0.0,0.12,0.1,0.0,0.0,0.3,0.25,0.2,0.25,0.2,0.25,0.12,0.1,0.2,0.25
4571,0.0,0.0,0.25,0.0,0.0,0.1,0.1,0.1,0.1,0.0,0.0,0.25,0.25,0.25,0.25,0.1,0.1,0.25,0.25
4578,0.0,0.0,0.08,0.0,0.0,0.0,0.0,0.0,0.0,0.25,0.25,0.1,0.1,0.25,0.25,0.25,0.25,0.1,0.1
4585,0.0,0.0,0.1,0.0,0.0,0.0,0.0,0.0,0.0,0.1,0.1,0.2,0.25,0.2,0.25,0.25,0.25,0.08,0.1
4601,0.0,0.0,0.25,0.0,0.0,0.0,0.0,0.0,0.0,0.1,0.1,0.2,0.25,0.2,0.25,0.25,0.25,0.2,0.25
4605,0.0,0.0,0.25,0.0,0.0,0.0,0.0,0.0,0.0,0.12,0.1,0.2,0.25,0.2,0.25,0.3,0.25,0.2,0.25
4614,0.0,0.0,0.2,0.1,0.1,0.0,0.0,0.0,0.0,0.12,0.1,0.0,0.0,0.25,0.25,0.0,0.0,0.1,0.1
4621,0.0,0.0,0.25,0.08,0.1,0.0,0.0,0.0,0.0,0.0,0.0,0.08,0.1,0.2,0.25,0.0,0.0,0.08,0.1
4628,0.0,0.0,0.2,0.08,0.1,0.0,0.0,0.12,0.1,0.3,0.25,0.08,0.1,0.2,0.25,0.0,0.0,0.08,0.1
4635,0.0,0.0,0.25,0.1,0.1,0.0,0.0,0.1,0.1,0.25,0.25,0.0,0.0,0.25,0.25,0.0,0.0,0.25,0.25
4642,0.0,0.0,0.2,0.1,0.1,0.0,0.0,0.1,0.1,0.1,0.1,0.1,0.1,0.25,0.25,0.0,0.0,0.25,0.25
4650,0.0,0.0,0.2,0.1,0.1,0.1,0.1,0.0,0.0,0.0,0.0,0.25,0.25,0.25,0.25,0.0,0.0,0.0,0.0
4656,0.0,0.0,0.08,0.08,0.1,0.1,0.1,0.0,0.0,0.0,0.0,0.08,0.1,0.2,0.25,0.0,0.0,0.08,0.1
4663,0.0,0.0,0.1,0.1,0.1,0.12,0.1,0.0,0.0,0.0,0.0,0.1,0.1,0.25,0.25,0.0,0.0,0.1,0.1
4677,0.0,0.0,0.25,0.08,0.1,0.12,0.1,0.0,0.0,0.3,0.25,0.2,0.25,0.2,0.25,0.0,0.0,0.08,0.1
4684,0.0,0.0,0.2,0.08,0.1,0.12,0.1,0.0,0.0,0.12,0.1,0.2,0.25,0.2,0.25,0.0,0.0,0.2,0.25
4691,0.0,0.0,0.25,0.1,0.1,0.1,0.1,0.1,0.1,0.0,0.0,0.0,0.0,0.25,0.25,0.0,0.0,0.25,0.25
4698,0.0,0.0,0.2,0.1,0.1,0.0,0.0,0.0,0.0,0.0,0.0,0.0,0.0,0.25,0.25,0.1,0.1,0.1,0.1
4705,0.0,0.0,0.1,0.08,0.1,0.0,0.0,0.0,0.0,0.25,0.25,0.08,0.1,0.2,0.25,0.1,0.1,0.08,0.1
4711,0.0,0.0,0.1,0.1,0.1,0.0,0.0,0.0,0.0,0.3,0.25,0.1,0.1,0.25,0.25,0.12,0.1,0.1,0.1
4718,0.0,0.0,0.08,0.1,0.1,0.0,0.0,0.0,0.0,0.12,0.1,0.25,0.25,0.25,0.25,0.12,0.1,0.1,0.1
4726,0.0,0.0,0.2,0.1,0.1,0.0,0.0,0.0,0.0,0.3,0.25,0.25,0.25,0.25,0.25,0.12,0.1,0.25,0.25
4734,0.0,0.0,0.2,0.1,0.1,0.12,0.1,0.0,0.0,0.12,0.1,0.0,0.0,0.25,0.25,0.12,0.1,0.1,0.1
4741,0.0,0.0,0.25,0.08,0.1,0.12,0.1,0.0,0.0,0.0,0.0,0.08,0.1,0.2,0.25,0.12,0.1,0.08,0.1
4748,0.0,0.0,0.2,0.08,0.1,0.12,0.1,0.0,0.0,0.0,0.0,0.0,0.0,0.2,0.25,0.12,0.1,0.2,0.25
4755,0.0,0.0,0.1,0.1,0.1,0.1,0.1,0.0,0.0,0.25,0.25,0.1,0.1,0.25,0.25,0.1,0.1,0.25,0.25
4761,0.0,0.0,0.25,0.08,0.1,0.1,0.1,0.1,0.1,0.1,0.1,0.2,0.25,0.2,0.25,0.1,0.1,0.2,0.25
4777,0.0,0.0,0.25,0.08,0.1,0.0,0.0,0.0,0.0,0.1,0.1,0.0,0.0,0.2,0.25,0.25,0.25,0.08,0.1
4783,0.0,0.0,0.25,0.1,0.1,0.0,0.0,0.0,0.0,0.12,0.1,0.0,0.0,0.25,0.25,0.3,0.25,0.1,0.1
4790,0.0,0.0,0.2,0.1,0.1,0.0,0.0,0.0,0.0,0.0,0.0,0.1,0.1,0.25,0.25,0.3,0.25,0.1,0.1
4799,0.0,0.0,0.1,0.1,0.1,0.0,0.0,0.0,0.0,0.3,0.25,0.25,0.25,0.25,0.25,0.3,0.25,0.1,0.1
4813,0.0,0.0,0.1,0.08,0.1,0.0,0.0,0.0,0.0,0.0,0.0,0.2,0.25,0.2,0.25,0.3,0.25,0.2,0.25
4820,0.0,0.0,0.2,0.2,0.25,0.0,0.0,0.0,0.0,0.12,0.1,0.2,0.25,0.2,0.25,0.0,0.0,0.0,0.0
4827,0.0,0.0,0.25,0.25,0.25,0.0,0.0,0.0,0.0,0.25,0.25,0.1,0.1,0.25,0.25,0.0,0.0,0.1,0.1
4834,0.0,0.0,0.2,0.25,0.25,0.0,0.0,0.0,0.0,0.1,0.1,0.25,0.25,0.25,0.25,0.0,0.0,0.1,0.1
4841,0.0,0.0,0.25,0.2,0.25,0.0,0.0,0.1,0.1,0.0,0.0,0.0,0.0,0.2,0.25,0.0,0.0,0.08,0.1
4848,0.0,0.0,0.2,0.2,0.25,0.0,0.0,0.0,0.0,0.0,0.0,0.0,0.0,0.2,0.25,0.0,0.0,0.2,0.25
4855,0.0,0.0,0.25,0.25,0.25,0.0,0.0,0.0,0.0,0.0,0.0,0.0,0.0,0.25,0.25,0.0,0.0,0.25,0.25
4862,0.0,0.0,0.08,0.25,0.25,0.12,0.1,0.0,0.0,0.0,0.0,0.0,0.0,0.25,0.25,0.0,0.0,0.1,0.1
4871,0.0,0.0,0.0,0.25,0.25,0.12,0.1,0.0,0.0,0.0,0.0,0.1,0.1,0.25,0.25,0.0,0.0,0.1,0.1
4880,0.0,0.0,0.2,0.2,0.25,0.1,0.1,0.0,0.0,0.1,0.1,0.2,0.25,0.2,0.25,0.0,0.0,0.08,0.1
4886,0.0,0.0,0.2,0.25,0.25,0.12,0.1,0.0,0.0,0.12,0.1,0.25,0.25,0.25,0.25,0.0,0.0,0.1,0.1
4893,0.0,0.0,0.1,0.2,0.25,0.12,0.1,0.0,0.0,0.12,0.1,0.0,0.0,0.2,0.25,0.0,0.0,0.2,0.25
4901,0.0,0.0,0.0,0.2,0.25,0.12,0.1,0.0,0.0,0.3,0.25,0.08,0.1,0.2,0.25,0.0,0.0,0.2,0.25
4908,0.0,0.0,0.08,0.2,0.25,0.12,0.1,0.0,0.0,0.0,0.0,0.2,0.25,0.2,0.25,0.0,0.0,0.2,0.25
4914,0.0,0.0,0.2,0.25,0.25,0.1,0.1,0.0,0.0,0.25,0.25,0.25,0.25,0.25,0.25,0.0,0.0,0.25,0.25
4921,0.0,0.0,0.25,0.2,0.25,0.1,0.1,0.1,0.1,0.1,0.1,0.2,0.25,0.2,0.25,0.0,0.0,0.2,0.25
4928,0.0,0.0,0.0,0.2,0.25,0.0,0.0,0.0,0.0,0.1,0.1,0.2,0.25,0.2,0.25,0.1,0.1,0.0,0.0
4937,0.0,0.0,0.25,0.2,0.25,0.0,0.0,0.0,0.0,0.1,0.1,0.0,0.0,0.2,0.25,0.1,0.1,0.08,0.1
4944,0.0,0.0,0.2,0.2,0.25,0.0,0.0,0.0,0.0,0.0,0.0,0.08,0.1,0.2,0.25,0.1,0.1,0.08,0.1
4952,0.0,0.0,0.08,0.2,0.25,0.0,0.0,0.0,0.0,0.25,0.25,0.2,0.25,0.2,0.25,0.1,0.1,0.08,0.1
4958,0.0,0.0,0.08,0.25,0.25,0.0,0.0,0.0,0.0,0.3,0.25,0.25,0.25,0.25,0.25,0.12,0.1,0.1,0.1
4967,0.0,0.0,0.25,0.25,0.25,0.0,0.0,0.0,0.0,0.0,0.0,0.0,0.0,0.25,0.25,0.12,0.1,0.25,0.25
4973,0.0,0.0,0.25,0.2,0.25,0.0,0.0,0.0,0.0,0.0,0.0,0.08,0.1,0.2,0.25,0.12,0.1,0.2,0.25
4979,0.0,0.0,0.25,0.25,0.25,0.0,0.0,0.1,0.1,0.25,0.25,0.25,0.25,0.25,0.25,0.1,0.1,0.25,0.25
4985,0.0,0.0,0.0,0.2,0.25,0.1,0.1,0.0,0.0,0.0,0.0,0.0,0.0,0.2,0.25,0.1,0.1,0.2,0.25
4994,0.0,0.0,0.2,0.25,0.25,0.1,0.1,0.0,0.0,0.25,0.25,0.0,0.0,0.25,0.25,0.1,0.1,0.25,0.25
5001,0.0,0.0,0.25,0.2,0.25,0.1,0.1,0.0,0.0,0.1,0.1,0.08,0.1,0.2,0.25,0.1,0.1,0.2,0.25
5008,0.0,0.0,0.2,0.2,0.25,0.1,0.1,0.0,0.0,0.0,0.0,0.2,0.25,0.2,0.25,0.1,0.1,0.2,0.25
5014,0.0,0.0,0.2,0.25,0.25,0.12,0.1,0.0,0.0,0.0,0.0,0.25,0.25,0.25,0.25,0.12,0.1,0.25,0.25
5025,0.0,0.0,0.25,0.2,0.25,0.0,0.0,0.0,0.0,0.25,0.25,0.2,0.25,0.2,0.25,0.25,0.25,0.08,0.1
5031,0.0,0.0,0.25,0.25,0.25,0.0,0.0,0.0,0.0,0.3,0.25,0.25,0.25,0.25,0.25,0.3,0.25,0.1,0.1
5038,0.0,0.0,0.2,0.25,0.25,0.0,0.0,0.0,0.0,0.3,0.25,0.1,0.1,0.25,0.25,0.3,0.25,0.25,0.25
5046,0.0,0.0,0.2,0.25,0.25,0.0,0.0,0.0,0.0,0.12,0.1,0.25,0.25,0.25,0.25,0.3,0.25,0.25,0.25
5052,0.0,0.0,0.2,0.2,0.25,0.3,0.25,0.0,0.0,0.12,0.1,0.0,0.0,0.2,0.25,0.3,0.25,0.2,0.25
