1,0.0,0.0,0.1,0.0,0.0,0.0,0.0,0.0,0.0,0.0,0.0,0.0,0.0,0.08,0.1,0.0,0.0,0.2,0.25
7,0.0,0.0,0.1,0.0,0.0,0.0,0.0,0.0,0.0,0.0,0.0,0.0,0.0,0.1,0.1,0.0,0.0,0.25,0.25
14,0.0,0.0,0.2,0.1,0.1,0.0,0.0,0.0,0.0,0.12,0.1,0.25,0.25,0.1,0.1,0.0,0.0,0.1,0.1
23,0.0,0.0,0.1,0.1,0.1,0.0,0.0,0.0,0.0,0.3,0.25,0.0,0.0,0.1,0.1,0.0,0.0,0.25,0.25
30,0.0,0.0,0.2,0.25,0.25,0.0,0.0,0.0,0.0,0.12,0.1,0.0,0.0,0.1,0.1,0.0,0.0,0.0,0.0
36,0.0,0.0,0.2,0.2,0.25,0.0,0.0,0.0,0.0,0.3,0.25,0.08,0.1,0.08,0.1,0.0,0.0,0.08,0.1
42,0.0,0.0,0.2,0.25,0.25,0.0,0.0,0.0,0.0,0.1,0.1,0.25,0.25,0.1,0.1,0.0,0.0,0.1,0.1
48,0.0,0.0,0.08,0.2,0.25,0.1,0.1,0.0,0.0,0.1,0.1,0.08,0.1,0.08,0.1,0.0,0.0,0.2,0.25
55,0.0,0.0,0.1,0.25,0.25,0.12,0.1,0.0,0.0,0.12,0.1,0.1,0.1,0.1,0.1,0.0,0.0,0.25,0.25
62,0.0,0.0,0.08,0.25,0.25,0.0,0.0,0.0,0.0,0.0,0.0,0.25,0.25,0.1,0.1,0.12,0.1,0.25,0.25
69,0.0,0.0,0.25,0.2,0.25,0.0,0.0,0.0,0.0,0.0,0.0,0.2,0.25,0.08,0.1,0.3,0.25,0.2,0.25
75,0.0,0.0,0.25,0.0,0.0,0.0,0.0,0.0,0.0,0.0,0.0,0.0,0.0,0.25,0.25,0.0,0.0,0.0,0.0
82,0.0,0.0,0.2,0.0,0.0,0.0,0.0,0.0,0.0,0.0,0.0,0.1,0.1,0.25,0.25,0.0,0.0,0.0,0.0
89,0.0,0.0,0.1,0.0,0.0,0.0,0.0,0.0,0.0,0.25,0.25,0.0,0.0,0.2,0.25,0.0,0.0,0.08,0.1
96,0.0,0.0,0.2,0.0,0.0,0.0,0.0,0.1,0.1,0.0,0.0,0.2,0.25,0.2,0.25,0.0,0.0,0.08,0.1
103,0.0,0.0,0.25,0.0,0.0,0.0,0.0,0.12,0.1,0.0,0.0,0.25,0.25,0.25,0.25,0.0,0.0,0.1,0.1
110,0.0,0.0,0.2,0.0,0.0,0.0,0.0,0.0,0.0,0.0,0.0,0.0,0.0,0.25,0.25,0.0,0.0,0.25,0.25
117,0.0,0.0,0.1,0.0,0.0,0.0,0.0,0.0,0.0,0.3,0.25,0.08,0.1,0.2,0.25,0.0,0.0,0.2,0.25
124,0.0,0.0,0.08,0.0,0.0,0.12,0.1,0.0,0.0,0.0,0.0,0.2,0.25,0.2,0.25,0.0,0.0,0.08,0.1
131,0.0,0.0,0.1,0.0,0.0,0.0,0.0,0.0,0.0,0.1,0.1,0.25,0.25,0.25,0.25,0.1,0.1,0.0,0.0
138,0.0,0.0,0.2,0.0,0.0,0.0,0.0,0.0,0.0,0.1,0.1,0.0,0.0,0.25,0.25,0.1,0.1,0.25,0.25
147,0.0,0.0,0.25,0.0,0.0,0.0,0.0,0.0,0.0,0.0,0.0,0.1,0.1,0.25,0.25,0.1,0.1,0.25,0.25
156,0.0,0.0,0.2,0.0,0.0,0.12,0.1,0.0,0.0,0.3,0.25,0.0,0.0,0.2,0.25,0.12,0.1,0.08,0.1
163,0.0,0.0,0.25,0.0,0.0,0.1,0.1,0.0,0.0,0.1,0.1,0.1,0.1,0.25,0.25,0.1,0.1,0.1,0.1
170,0.0,0.0,0.2,0.0,0.0,0.1,0.1,0.0,0.0,0.0,0.0,0.25,0.25,0.25,0.25,0.1,0.1,0.1,0.1
177,0.0,0.0,0.25,0.0,0.0,0.1,0.1,0.0,0.0,0.0,0.0,0.0,0.0,0.2,0.25,0.1,0.1,0.2,0.25
184,0.0,0.0,0.08,0.0,0.0,0.1,0.1,0.0,0.0,0.1,0.1,0.08,0.1,0.2,0.25,0.1,0.1,0.2,0.25
191,0.0,0.0,0.1,0.0,0.0,0.12,0.1,0.0,0.0,0.12,0.1,0.1,0.1,0.25,0.25,0.12,0.1,0.25,0.25
212,0.0,0.0,0.08,0.0,0.0,0.0,0.0,0.0,0.0,0.0,0.0,0.2,0.25,0.2,0.25,0.3,0.25,0.2,0.25
221,0.0,0.0,0.25,0.08,0.1,0.0,0.0,0.0,0.0,0.12,0.1,0.0,0.0,0.2,0.25,0.0,0.0,0.0,0.0
228,0.0,0.0,0.2,0.08,0.1,0.0,0.0,0.0,0.0,0.0,0.0,0.08,0.1,0.2,0.25,0.0,0.0,0.0,0.0
235,0.0,0.0,0.25,0.1,0.1,0.0,0.0,0.0,0.0,0.25,0.25,0.1,0.1,0.25,0.25,0.0,0.0,0.1,0.1
242,0.0,0.0,0.2,0.1,0.1,0.0,0.0,0.0,0.0,0.1,0.1,0.25,0.25,0.25,0.25,0.0,0.0,0.1,0.1
248,0.0,0.0,0.2,0.08,0.1,0.0,0.0,0.1,0.1,0.0,0.0,0.0,0.0,0.2,0.25,0.0,0.0,0.08,0.1
254,0.0,0.0,0.2,0.1,0.1,0.0,0.0,0.12,0.1,0.0,0.0,0.0,0.0,0.25,0.25,0.0,0.0,0.1,0.1
261,0.0,0.0,0.25,0.08,0.1,0.0,0.0,0.0,0.0,0.3,0.25,0.08,0.1,0.2,0.25,0.0,0.0,0.2,0.25
266,0.0,0.0,0.2,0.1,0.1,0.0,0.0,0.0,0.0,0.1,0.1,0.25,0.25,0.25,0.25,0.0,0.0,0.25,0.25
273,0.0,0.0,0.25,0.08,0.1,0.0,0.0,0.1,0.1,0.0,0.0,0.0,0.0,0.2,0.25,0.0,0.0,0.2,0.25
280,0.0,0.0,0.08,0.08,0.1,0.1,0.1,0.0,0.0,0.0,0.0,0.0,0.0,0.2,0.25,0.0,0.0,0.08,0.1
285,0.0,0.0,0.1,0.08,0.1,0.12,0.1,0.0,0.0,0.0,0.0,0.0,0.0,0.2,0.25,0.0,0.0,0.08,0.1
292,0.0,0.0,0.2,0.08,0.1,0.12,0.1,0.0,0.0,0.12,0.1,0.2,0.25,0.2,0.25,0.0,0.0,0.08,0.1
298,0.0,0.0,0.08,0.1,0.1,0.1,0.1,0.0,0.0,0.25,0.25,0.0,0.0,0.25,0.25,0.0,0.0,0.25,0.25
305,0.0,0.0,0.1,0.08,0.1,0.1,0.1,0.0,0.0,0.25,0.25,0.08,0.1,0.2,0.25,0.0,0.0,0.2,0.25
313,0.0,0.0,0.25,0.08,0.1,0.0,0.0,0.0,0.0,0.0,0.0,0.2,0.25,0.2,0.25,0.1,0.1,0.0,0.0
319,0.0,0.0,0.25,0.1,0.1,0.0,0.0,0.0,0.0,0.0,0.0,0.25,0.25,0.25,0.25,0.12,0.1,0.0,0.0
326,0.0,0.0,0.2,0.1,0.1,0.0,0.0,0.0,0.0,0.3,0.25,0.25,0.25,0.25,0.25,0.12,0.1,0.1,0.1
337,0.0,0.0,0.1,0.08,0.1,0.0,0.0,0.0,0.0,0.1,0.1,0.2,0.25,0.2,0.25,0.1,0.1,0.2,0.25
342,0.0,0.0,0.08,0.1,0.1,0.0,0.0,0.0,0.0,0.12,0.1,0.25,0.25,0.25,0.25,0.12,0.1,0.25,0.25
351,0.0,0.0,0.1,0.1,0.1,0.12,0.1,0.0,0.0,0.3,0.25,0.0,0.0,0.25,0.25,0.12,0.1,0.25,0.25
358,0.0,0.0,0.2,0.1,0.1,0.0,0.0,0.0,0.0,0.12,0.1,0.1,0.1,0.25,0.25,0.3,0.25,0.1,0.1
366,0.0,0.0,0.2,0.1,0.1,0.0,0.0,0.0,0.0,0.0,0.0,0.25,0.25,0.25,0.25,0.3,0.25,0.1,0.1
373,0.0,0.0,0.25,0.08,0.1,0.0,0.0,0.0,0.0,0.12,0.1,0.0,0.0,0.2,0.25,0.3,0.25,0.2,0.25
378,0.0,0.0,0.2,0.1,0.1,0.0,0.0,0.0,0.0,0.0,0.0,0.1,0.1,0.25,0.25,0.25,0.25,0.25,0.25
385,0.0,0.0,0.1,0.08,0.1,0.0,0.0,0.0,0.0,0.25,0.25,0.2,0.25,0.2,0.25,0.25,0.25,0.2,0.25
391,0.0,0.0,0.1,0.1,0.1,0.0,0.0,0.0,0.0,0.3,0.25,0.25,0.25,0.25,0.25,0.3,0.25,0.25,0.25
400,0.1,0.1,0.2,0.2,0.25,0.0,0.0,0.0,0.0,0.0,0.0,0.2,0.25,0.2,0.25,0.0,0.0,0.0,0.0
404,0.12,0.1,0.2,0.2,0.25,0.0,0.0,0.0,0.0,0.0,0.0,0.2,0.25,0.2,0.25,0.0,0.0,0.0,0.0
411,0.0,0.0,0.25,0.25,0.25,0.0,0.0,0.0,0.0,0.25,0.25,0.25,0.25,0.25,0.25,0.0,0.0,0.1,0.1
417,0.0,0.0,0.25,0.2,0.25,0.0,0.0,0.1,0.1,0.1,0.1,0.0,0.0,0.2,0.25,0.0,0.0,0.08,0.1
424,0.0,0.0,0.2,0.2,0.25,0.0,0.0,0.1,0.1,0.25,0.25,0.0,0.0,0.2,0.25,0.0,0.0,0.2,0.25
431,0.0,0.0,0.25,0.25,0.25,0.0,0.0,0.12,0.1,0.3,0.25,0.0,0.0,0.25,0.25,0.0,0.0,0.25,0.25
438,0.0,0.0,0.2,0.25,0.25,0.12,0.1,0.0,0.0,0.12,0.1,0.0,0.0,0.25,0.25,0.0,0.0,0.0,0.0
445,0.0,0.0,0.25,0.2,0.25,0.12,0.1,0.0,0.0,0.0,0.0,0.08,0.1,0.2,0.25,0.0,0.0,0.0,0.0
452,0.0,0.0,0.0,0.2,0.25,0.12,0.1,0.0,0.0,0.12,0.1,0.08,0.1,0.2,0.25,0.0,0.0,0.08,0.1
462,0.0,0.0,0.08,0.25,0.25,0.12,0.1,0.0,0.0,0.3,0.25,0.0,0.0,0.25,0.25,0.0,0.0,0.25,0.25
468,0.0,0.0,0.08,0.2,0.25,0.12,0.1,0.0,0.0,0.12,0.1,0.08,0.1,0.2,0.25,0.0,0.0,0.2,0.25
483,0.0,0.0,0.1,0.25,0.25,0.1,0.1,0.1,0.1,0.25,0.25,0.25,0.25,0.25,0.25,0.0,0.0,0.25,0.25
487,0.0,0.0,0.1,0.25,0.25,0.12,0.1,0.12,0.1,0.3,0.25,0.25,0.25,0.25,0.25,0.0,0.0,0.25,0.25
493,0.12,0.1,0.1,0.2,0.25,0.12,0.1,0.0,0.0,0.3,0.25,0.2,0.25,0.2,0.25,0.0,0.0,0.2,0.25
502,0.0,0.0,0.0,0.25,0.25,0.0,0.0,0.0,0.0,0.0,0.0,0.25,0.25,0.25,0.25,0.12,0.1,0.0,0.0
507,0.0,0.0,0.25,0.25,0.25,0.0,0.0,0.0,0.0,0.25,0.25,0.0,0.0,0.25,0.25,0.1,0.1,0.25,0.25
514,0.0,0.0,0.2,0.25,0.25,0.0,0.0,0.0,0.0,0.1,0.1,0.1,0.1,0.25,0.25,0.1,0.1,0.25,0.25
521,0.0,0.0,0.25,0.2,0.25,0.0,0.0,0.0,0.0,0.0,0.0,0.2,0.25,0.2,0.25,0.1,0.1,0.2,0.25
528,0.0,0.0,0.2,0.2,0.25,0.1,0.1,0.0,0.0,0.1,0.1,0.0,0.0,0.2,0.25,0.1,0.1,0.2,0.25
534,0.0,0.0,0.2,0.25,0.25,0.12,0.1,0.0,0.0,0.12,0.1,0.0,0.0,0.25,0.25,0.12,0.1,0.25,0.25
540,0.0,0.0,0.2,0.2,0.25,0.12,0.1,0.0,0.0,0.12,0.1,0.2,0.25,0.2,0.25,0.12,0.1,0.2,0.25
548,0.0,0.0,0.2,0.2,0.25,0.12,0.1,0.12,0.1,0.0,0.0,0.0,0.0,0.2,0.25,0.12,0.1,0.2,0.25
553,0.0,0.0,0.1,0.2,0.25,0.0,0.0,0.0,0.0,0.0,0.0,0.08,0.1,0.2,0.25,0.25,0.25,0.0,0.0
572,0.0,0.0,0.2,0.2,0.25,0.0,0.0,0.0,0.0,0.3,0.25,0.0,0.0,0.2,0.25,0.3,0.25,0.08,0.1
579,0.0,0.0,0.25,0.25,0.25,0.0,0.0,0.0,0.0,0.1,0.1,0.1,0.1,0.25,0.25,0.25,0.25,0.1,0.1
585,0.0,0.0,0.1,0.2,0.25,0.0,0.0,0.0,0.0,0.25,0.25,0.2,0.25,0.2,0.25,0.25,0.25,0.08,0.1
607,0.0,0.0,0.25,0.25,0.25,0.0,0.0,0.0,0.0,0.3,0.25,0.25,0.25,0.25,0.25,0.3,0.25,0.25,0.25
617,0.0,0.0,0.25,0.2,0.25,0.0,0.0,0.0,0.0,0.0,0.0,0.2,0.25,0.0,0.0,0.0,0.0,0.2,0.25
624,0.0,0.0,0.2,0.0,0.0,0.0,0.0,0.0,0.0,0.0,0.0,0.2,0.25,0.08,0.1,0.0,0.0,0.0,0.0
631,0.0,0.0,0.25,0.0,0.0,0.0,0.0,0.0,0.0,0.0,0.0,0.25,0.25,0.1,0.1,0.0,0.0,0.0,0.0
638,0.0,0.0,0.2,0.0,0.0,0.0,0.0,0.0,0.0,0.3,0.25,0.25,0.25,0.1,0.1,0.0,0.0,0.25,0.25
644,0.0,0.0,0.2,0.08,0.1,0.0,0.0,0.0,0.0,0.0,0.0,0.08,0.1,0.08,0.1,0.0,0.0,0.08,0.1
651,0.0,0.0,0.25,0.1,0.1,0.0,0.0,0.0,0.0,0.1,0.1,0.0,0.0,0.1,0.1,0.0,0.0,0.25,0.25
659,0.0,0.0,0.25,0.1,0.1,0.1,0.1,0.1,0.1,0.0,0.0,0.1,0.1,0.1,0.1,0.0,0.0,0.25,0.25
665,0.0,0.0,0.25,0.2,0.25,0.0,0.0,0.0,0.0,0.25,0.25,0.0,0.0,0.08,0.1,0.0,0.0,0.0,0.0
672,0.0,0.0,0.2,0.2,0.25,0.0,0.0,0.0,0.0,0.25,0.25,0.2,0.25,0.08,0.1,0.0,0.0,0.2,0.25
679,0.0,0.0,0.25,0.25,0.25,0.0,0.0,0.0,0.0,0.3,0.25,0.25,0.25,0.1,0.1,0.0,0.0,0.25,0.25
684,0.0,0.0,0.2,0.2,0.25,0.0,0.0,0.12,0.1,0.12,0.1,0.0,0.0,0.08,0.1,0.0,0.0,0.2,0.25
691,0.0,0.0,0.25,0.25,0.25,0.1,0.1,0.0,0.0,0.0,0.0,0.0,0.0,0.1,0.1,0.0,0.0,0.25,0.25
698,0.0,0.0,0.08,0.25,0.25,0.1,0.1,0.0,0.0,0.1,0.1,0.25,0.25,0.1,0.1,0.0,0.0,0.25,0.25
705,0.0,0.0,0.25,0.2,0.25,0.0,0.0,0.0,0.0,0.0,0.0,0.2,0.25,0.08,0.1,0.1,0.1,0.2,0.25
713,0.0,0.0,0.25,0.2,0.25,0.1,0.1,0.0,0.0,0.0,0.0,0.0,0.0,0.08,0.1,0.1,0.1,0.08,0.1
720,0.0,0.0,0.2,0.0,0.0,0.0,0.0,0.0,0.0,0.25,0.25,0.0,0.0,0.2,0.25,0.0,0.0,0.0,0.0
727,0.0,0.0,0.25,0.0,0.0,0.0,0.0,0.0,0.0,0.3,0.25,0.0,0.0,0.25,0.25,0.0,0.0,0.0,0.0
734,0.0,0.0,0.2,0.0,0.0,0.0,0.0,0.0,0.0,0.12,0.1,0.1,0.1,0.25,0.25,0.0,0.0,0.0,0.0
741,0.0,0.0,0.25,0.0,0.0,0.0,0.0,0.0,0.0,0.0,0.0,0.2,0.25,0.2,0.25,0.0,0.0,0.0,0.0
747,0.0,0.0,0.25,0.0,0.0,0.0,0.0,0.0,0.0,0.1,0.1,0.0,0.0,0.25,0.25,0.0,0.0,0.1,0.1
755,0.0,0.0,0.25,0.0,0.0,0.0,0.0,0.0,0.0,0.0,0.0,0.1,0.1,0.25,0.25,0.0,0.0,0.1,0.1
761,0.0,0.0,0.25,0.0,0.0,0.0,0.0,0.1,0.1,0.25,0.25,0.2,0.25,0.2,0.25,0.0,0.0,0.08,0.1
768,0.0,0.0,0.0,0.0,0.0,0.0,0.0,0.0,0.0,0.1,0.1,0.0,0.0,0.2,0.25,0.0,0.0,0.2,0.25
775,0.0,0.0,0.0,0.0,0.0,0.0,0.0,0.0,0.0,0.12,0.1,0.0,0.0,0.25,0.25,0.0,0.0,0.25,0.25
785,0.0,0.0,0.25,0.0,0.0,0.0,0.0,0.0,0.0,0.1,0.1,0.2,0.25,0.2,0.25,0.0,0.0,0.2,0.25
791,0.0,0.0,0.25,0.0,0.0,0.0,0.0,0.0,0.0,0.12,0.1,0.25,0.25,0.25,0.25,0.0,0.0,0.25,0.25
797,0.0,0.0,0.25,0.0,0.0,0.0,0.0,0.12,0.1,0.0,0.0,0.0,0.0,0.2,0.25,0.0,0.0,0.2,0.25
807,0.0,0.0,0.25,0.0,0.0,0.12,0.1,0.12,0.1,0.0,0.0,0.0,0.0,0.25,0.25,0.0,0.0,0.1,0.1
814,0.0,0.0,0.2,0.0,0.0,0.0,0.0,0.0,0.0,0.0,0.0,0.25,0.25,0.25,0.25,0.12,0.1,0.0,0.0
822,0.0,0.0,0.2,0.0,0.0,0.0,0.0,0.0,0.0,0.0,0.0,0.0,0.0,0.25,0.25,0.12,0.1,0.1,0.1
831,0.0,0.0,0.1,0.0,0.0,0.0,0.0,0.0,0.0,0.12,0.1,0.25,0.25,0.25,0.25,0.12,0.1,0.1,0.1
838,0.0,0.0,0.2,0.0,0.0,0.0,0.0,0.0,0.0,0.3,0.25,0.25,0.25,0.25,0.25,0.12,0.1,0.25,0.25
845,0.0,0.0,0.25,0.0,0.0,0.12,0.1,0.0,0.0,0.0,0.0,0.0,0.0,0.2,0.25,0.12,0.1,0.08,0.1
852,0.0,0.0,0.08,0.0,0.0,0.12,0.1,0.0,0.0,0.12,0.1,0.0,0.0,0.2,0.25,0.12,0.1,0.2,0.25
859,0.0,0.0,0.1,0.0,0.0,0.0,0.0,0.0,0.0,0.0,0.0,0.25,0.25,0.25,0.25,0.25,0.25,0.0,0.0
867,0.0,0.0,0.25,0.0,0.0,0.0,0.0,0.0,0.0,0.1,0.1,0.1,0.1,0.25,0.25,0.25,0.25,0.1,0.1
873,0.0,0.0,0.25,0.0,0.0,0.0,0.0,0.0,0.0,0.1,0.1,0.2,0.25,0.2,0.25,0.25,0.25,0.08,0.1
880,0.0,0.0,0.2,0.0,0.0,0.0,0.0,0.0,0.0,0.0,0.0,0.0,0.0,0.2,0.25,0.25,0.25,0.2,0.25
886,0.0,0.0,0.2,0.0,0.0,0.0,0.0,0.0,0.0,0.0,0.0,0.0,0.0,0.25,0.25,0.3,0.25,0.25,0.25
894,0.0,0.0,0.08,0.0,0.0,0.0,0.0,0.0,0.0,0.12,0.1,0.25,0.25,0.25,0.25,0.3,0.25,0.25,0.25
905,0.0,0.0,0.25,0.08,0.1,0.0,0.0,0.0,0.0,0.25,0.25,0.0,0.0,0.2,0.25,0.0,0.0,0.08,0.1
911,0.0,0.0,0.25,0.1,0.1,0.0,0.0,0.0,0.0,0.3,0.25,0.0,0.0,0.25,0.25,0.0,0.0,0.1,0.1
917,0.0,0.0,0.25,0.08,0.1,0.0,0.0,0.0,0.0,0.12,0.1,0.08,0.1,0.2,0.25,0.0,0.0,0.08,0.1
926,0.0,0.0,0.2,0.1,0.1,0.0,0.0,0.0,0.0,0.0,0.0,0.25,0.25,0.25,0.25,0.0,0.0,0.1,0.1
934,0.0,0.0,0.0,0.1,0.1,0.0,0.0,0.0,0.0,0.3,0.25,0.1,0.1,0.25,0.25,0.0,0.0,0.25,0.25
940,0.12,0.1,0.08,0.08,0.1,0.0,0.0,0.0,0.0,0.12,0.1,0.08,0.1,0.2,0.25,0.0,0.0,0.2,0.25
948,0.0,0.0,0.08,0.08,0.1,0.12,0.1,0.0,0.0,0.12,0.1,0.0,0.0,0.2,0.25,0.0,0.0,0.2,0.25
955,0.0,0.0,0.1,0.1,0.1,0.1,0.1,0.0,0.0,0.0,0.0,0.25,0.25,0.25,0.25,0.0,0.0,0.25,0.25
962,0.0,0.0,0.08,0.1,0.1,0.0,0.0,0.0,0.0,0.0,0.0,0.1,0.1,0.25,0.25,0.1,0.1,0.0,0.0
968,0.0,0.0,0.2,0.08,0.1,0.0,0.0,0.0,0.0,0.25,0.25,0.0,0.0,0.2,0.25,0.1,0.1,0.2,0.25
974,0.0,0.0,0.2,0.1,0.1,0.0,0.0,0.0,0.0,0.3,0.25,0.0,0.0,0.25,0.25,0.12,0.1,0.25,0.25
981,0.0,0.0,0.25,0.08,0.1,0.0,0.0,0.0,0.0,0.12,0.1,0.08,0.1,0.2,0.25,0.12,0.1,0.2,0.25
987,0.0,0.0,0.25,0.1,0.1,0.0,0.0,0.0,0.0,0.0,0.0,0.25,0.25,0.25,0.25,0.1,0.1,0.25,0.25
995,0.0,0.0,0.1,0.1,0.1,0.1,0.1,0.0,0.0,0.0,0.0,0.0,0.0,0.25,0.25,0.1,0.1,0.25,0.25
1022,0.0,0.0,0.08,0.1,0.1,0.0,0.0,0.0,0.0,0.3,0.25,0.25,0.25,0.25,0.25,0.3,0.25,0.0,0.0
1027,0.0,0.0,0.25,0.1,0.1,0.0,0.0,0.0,0.0,0.0,0.0,0.0,0.0,0.25,0.25,0.25,0.25,0.1,0.1
1033,0.0,0.0,0.1,0.08,0.1,0.0,0.0,0.0,0.0,0.25,0.25,0.08,0.1,0.2,0.25,0.25,0.25,0.08,0.1
1039,0.0,0.0,0.1,0.1,0.1,0.0,0.0,0.0,0.0,0.3,0.25,0.1,0.1,0.25,0.25,0.3,0.25,0.1,0.1
1054,0.0,0.0,0.2,0.1,0.1,0.0,0.0,0.0,0.0,0.3,0.25,0.1,0.1,0.25,0.25,0.3,0.25,0.25,0.25
1063,0.0,0.0,0.25,0.1,0.1,0.0,0.0,0.0,0.0,0.12,0.1,0.25,0.25,0.25,0.25,0.3,0.25,0.25,0.25
1073,0.0,0.0,0.1,0.2,0.25,0.0,0.0,0.0,0.0,0.1,0.1,0.2,0.25,0.2,0.25,0.0,0.0,0.0,0.0
1080,0.0,0.0,0.2,0.2,0.25,0.0,0.0,0.0,0.0,0.0,0.0,0.0,0.0,0.2,0.25,0.0,0.0,0.08,0.1
1086,0.0,0.0,0.2,0.25,0.25,0.0,0.0,0.0,0.0,0.0,0.0,0.0,0.0,0.25,0.25,0.0,0.0,0.1,0.1
1100,0.0,0.0,0.2,0.2,0.25,0.0,0.0,0.0,0.0,0.3,0.25,0.2,0.25,0.2,0.25,0.0,0.0,0.2,0.25
1107,0.0,0.0,0.25,0.25,0.25,0.0,0.0,0.1,0.1,0.1,0.1,0.0,0.0,0.25,0.25,0.0,0.0,0.25,0.25
1115,0.0,0.0,0.25,0.25,0.25,0.1,0.1,0.0,0.0,0.25,0.25,0.0,0.0,0.25,0.25,0.0,0.0,0.0,0.0
1122,0.0,0.0,0.2,0.25,0.25,0.1,0.1,0.0,0.0,0.1,0.1,0.1,0.1,0.25,0.25,0.0,0.0,0.0,0.0
1129,0.0,0.0,0.25,0.2,0.25,0.1,0.1,0.0,0.0,0.0,0.0,0.2,0.25,0.2,0.25,0.0,0.0,0.0,0.0
1136,0.0,0.0,0.2,0.2,0.25,0.1,0.1,0.0,0.0,0.1,0.1,0.0,0.0,0.2,0.25,0.0,0.0,0.08,0.1
1143,0.0,0.0,0.25,0.25,0.25,0.12,0.1,0.0,0.0,0.12,0.1,0.0,0.0,0.25,0.25,0.0,0.0,0.1,0.1
1150,0.0,0.0,0.2,0.25,0.25,0.12,0.1,0.0,0.0,0.12,0.1,0.1,0.1,0.25,0.25,0.0,0.0,0.1,0.1
1157,0.0,0.0,0.25,0.2,0.25,0.12,0.1,0.0,0.0,0.0,0.0,0.2,0.25,0.2,0.25,0.0,0.0,0.08,0.1
1164,0.0,0.0,0.2,0.2,0.25,0.12,0.1,0.0,0.0,0.0,0.0,0.0,0.0,0.2,0.25,0.0,0.0,0.2,0.25
1171,0.0,0.0,0.1,0.25,0.25,0.1,0.1,0.0,0.0,0.25,0.25,0.1,0.1,0.25,0.25,0.0,0.0,0.25,0.25
1178,0.0,0.0,0.08,0.25,0.25,0.1,0.1,0.0,0.0,0.1,0.1,0.25,0.25,0.25,0.25,0.0,0.0,0.25,0.25
1185,0.0,0.0,0.1,0.2,0.25,0.0,0.0,0.0,0.0,0.25,0.25,0.08,0.1,0.2,0.25,0.1,0.1,0.0,0.0
1193,0.0,0.0,0.1,0.2,0.25,0.0,0.0,0.0,0.0,0.1,0.1,0.2,0.25,0.2,0.25,0.1,0.1,0.0,0.0
1200,0.0,0.0,0.2,0.2,0.25,0.1,0.1,0.0,0.0,0.1,0.1,0.0,0.0,0.2,0.25,0.1,0.1,0.08,0.1
1207,0.0,0.0,0.25,0.25,0.25,0.12,0.1,0.0,0.0,0.12,0.1,0.0,0.0,0.25,0.25,0.12,0.1,0.1,0.1
1215,0.0,0.0,0.1,0.25,0.25,0.12,0.1,0.0,0.0,0.3,0.25,0.0,0.0,0.25,0.25,0.12,0.1,0.25,0.25
1222,0.0,0.0,0.2,0.25,0.25,0.12,0.1,0.0,0.0,0.0,0.0,0.1,0.1,0.25,0.25,0.12,0.1,0.25,0.25
1231,0.0,0.0,0.25,0.25,0.25,0.3,0.25,0.0,0.0,0.0,0.0,0.25,0.25,0.25,0.25,0.12,0.1,0.25,0.25
1238,0.0,0.0,0.2,0.25,0.25,0.0,0.0,0.0,0.0,0.12,0.1,0.25,0.25,0.25,0.25,0.3,0.25,0.0,0.0
1244,0.0,0.0,0.2,0.2,0.25,0.0,0.0,0.0,0.0,0.0,0.0,0.08,0.1,0.2,0.25,0.3,0.25,0.2,0.25
1257,0.0,0.0,0.25,0.2,0.25,0.0,0.0,0.0,0.0,0.0,0.0,0.08,0.1,0.0,0.0,0.0,0.0,0.08,0.1
1264,0.0,0.0,0.2,0.2,0.25,0.0,0.0,0.0,0.0,0.0,0.0,0.2,0.25,0.0,0.0,0.0,0.0,0.08,0.1
1273,0.0,0.0,0.25,0.2,0.25,0.1,0.1,0.1,0.1,0.0,0.0,0.08,0.1,0.0,0.0,0.0,0.0,0.2,0.25
1281,0.0,0.0,0.25,0.0,0.0,0.0,0.0,0.0,0.0,0.0,0.0,0.2,0.25,0.08,0.1,0.0,0.0,0.08,0.1
1288,0.0,0.0,0.2,0.0,0.0,0.0,0.0,0.0,0.0,0.0,0.0,0.2,0.25,0.08,0.1,0.0,0.0,0.2,0.25
1295,0.0,0.0,0.25,0.0,0.0,0.0,0.0,0.0,0.0,0.0,0.0,0.25,0.25,0.1,0.1,0.0,0.0,0.25,0.25
1301,0.0,0.0,0.25,0.08,0.1,0.0,0.0,0.0,0.0,0.0,0.0,0.0,0.0,0.08,0.1,0.0,0.0,0.2,0.25
1309,0.0,0.0,0.25,0.08,0.1,0.0,0.0,0.0,0.0,0.0,0.0,0.08,0.1,0.08,0.1,0.0,0.0,0.2,0.25
1315,0.0,0.0,0.25,0.25,0.25,0.0,0.0,0.0,0.0,0.25,0.25,0.25,0.25,0.1,0.1,0.0,0.0,0.1,0.1
1322,0.0,0.0,0.2,0.25,0.25,0.0,0.0,0.0,0.0,0.1,0.1,0.0,0.0,0.1,0.1,0.0,0.0,0.25,0.25
1329,0.0,0.0,0.25,0.2,0.25,0.0,0.0,0.0,0.0,0.0,0.0,0.08,0.1,0.08,0.1,0.0,0.0,0.2,0.25
1336,0.0,0.0,0.2,0.2,0.25,0.1,0.1,0.0,0.0,0.0,0.0,0.0,0.0,0.08,0.1,0.1,0.1,0.2,0.25
1343,0.0,0.0,0.25,0.25,0.25,0.12,0.1,0.0,0.0,0.0,0.0,0.0,0.0,0.1,0.1,0.12,0.1,0.25,0.25
1350,0.0,0.0,0.2,0.25,0.25,0.12,0.1,0.0,0.0,0.3,0.25,0.25,0.25,0.1,0.1,0.12,0.1,0.25,0.25
1357,0.0,0.0,0.0,0.0,0.0,0.0,0.0,0.0,0.0,0.12,0.1,0.08,0.1,0.2,0.25,0.0,0.0,0.08,0.1
1366,0.0,0.0,0.2,0.0,0.0,0.0,0.0,0.0,0.0,0.3,0.25,0.25,0.25,0.25,0.25,0.0,0.0,0.1,0.1
1373,0.0,0.0,0.25,0.0,0.0,0.0,0.0,0.12,0.1,0.0,0.0,0.08,0.1,0.2,0.25,0.0,0.0,0.08,0.1
1380,0.0,0.0,0.0,0.0,0.0,0.0,0.0,0.0,0.0,0.12,0.1,0.08,0.1,0.2,0.25,0.0,0.0,0.2,0.25
1387,0.0,0.0,0.25,0.0,0.0,0.0,0.0,0.1,0.1,0.25,0.25,0.0,0.0,0.25,0.25,0.0,0.0,0.25,0.25
1394,0.0,0.0,0.2,0.0,0.0,0.0,0.0,0.1,0.1,0.0,0.0,0.1,0.1,0.25,0.25,0.0,0.0,0.25,0.25
1400,0.0,0.0,0.2,0.0,0.0,0.0,0.0,0.0,0.0,0.1,0.1,0.2,0.25,0.2,0.25,0.1,0.1,0.08,0.1
1407,0.0,0.0,0.25,0.0,0.0,0.0,0.0,0.0,0.0,0.12,0.1,0.25,0.25,0.25,0.25,0.12,0.1,0.1,0.1
1431,0.0,0.0,0.0,0.0,0.0,0.12,0.1,0.0,0.0,0.0,0.0,0.1,0.1,0.25,0.25,0.12,0.1,0.25,0.25
1441,0.0,0.0,0.25,0.0,0.0,0.1,0.1,0.0,0.0,0.1,0.1,0.2,0.25,0.2,0.25,0.1,0.1,0.2,0.25
1448,0.0,0.0,0.08,0.0,0.0,0.0,0.0,0.0,0.0,0.1,0.1,0.08,0.1,0.2,0.25,0.25,0.25,0.08,0.1
1455,0.0,0.0,0.1,0.0,0.0,0.0,0.0,0.0,0.0,0.12,0.1,0.1,0.1,0.25,0.25,0.3,0.25,0.1,0.1
1480,0.0,0.0,0.08,0.08,0.1,0.0,0.0,0.0,0.0,0.25,0.25,0.0,0.0,0.2,0.25,0.0,0.0,0.08,0.1
1490,0.0,0.0,0.2,0.1,0.1,0.0,0.0,0.0,0.0,0.1,0.1,0.0,0.0,0.25,0.25,0.0,0.0,0.25,0.25
1495,0.0,0.0,0.25,0.1,0.1,0.0,0.0,0.0,0.0,0.12,0.1,0.0,0.0,0.25,0.25,0.0,0.0,0.25,0.25
1502,0.0,0.0,0.2,0.1,0.1,0.0,0.0,0.0,0.0,0.0,0.0,0.1,0.1,0.25,0.25,0.0,0.0,0.25,0.25
1508,0.0,0.0,0.2,0.08,0.1,0.0,0.0,0.12,0.1,0.3,0.25,0.08,0.1,0.2,0.25,0.0,0.0,0.2,0.25
1515,0.0,0.0,0.25,0.1,0.1,0.1,0.1,0.0,0.0,0.0,0.0,0.25,0.25,0.25,0.25,0.0,0.0,0.1,0.1
1522,0.0,0.0,0.08,0.1,0.1,0.1,0.1,0.0,0.0,0.1,0.1,0.1,0.1,0.25,0.25,0.0,0.0,0.25,0.25
1529,0.0,0.0,0.25,0.08,0.1,0.0,0.0,0.0,0.0,0.25,0.25,0.08,0.1,0.2,0.25,0.1,0.1,0.08,0.1
1535,0.0,0.0,0.25,0.1,0.1,0.0,0.0,0.0,0.0,0.3,0.25,0.1,0.1,0.25,0.25,0.12,0.1,0.1,0.1
1542,0.0,0.0,0.2,0.1,0.1,0.0,0.0,0.0,0.0,0.12,0.1,0.25,0.25,0.25,0.25,0.12,0.1,0.1,0.1
1553,0.0,0.0,0.25,0.08,0.1,0.0,0.0,0.0,0.0,0.25,0.25,0.08,0.1,0.2,0.25,0.1,0.1,0.2,0.25
1560,0.0,0.0,0.2,0.08,0.1,0.0,0.0,0.0,0.0,0.1,0.1,0.2,0.25,0.2,0.25,0.1,0.1,0.2,0.25
1567,0.0,0.0,0.25,0.1,0.1,0.0,0.0,0.0,0.0,0.12,0.1,0.25,0.25,0.25,0.25,0.12,0.1,0.25,0.25
1573,0.0,0.0,0.1,0.08,0.1,0.12,0.1,0.0,0.0,0.12,0.1,0.0,0.0,0.2,0.25,0.12,0.1,0.2,0.25
1580,0.0,0.0,0.2,0.08,0.1,0.12,0.1,0.12,0.1,0.12,0.1,0.08,0.1,0.2,0.25,0.12,0.1,0.2,0.25
1586,0.0,0.0,0.2,0.1,0.1,0.1,0.1,0.1,0.1,0.0,0.0,0.25,0.25,0.25,0.25,0.1,0.1,0.25,0.25
1593,0.0,0.0,0.1,0.08,0.1,0.0,0.0,0.0,0.0,0.0,0.0,0.2,0.25,0.2,0.25,0.25,0.25,0.0,0.0
1602,0.0,0.0,0.08,0.1,0.1,0.0,0.0,0.0,0.0,0.0,0.0,0.1,0.1,0.25,0.25,0.25,0.25,0.1,0.1
1610,0.0,0.0,0.08,0.1,0.1,0.0,0.0,0.0,0.0,0.1,0.1,0.25,0.25,0.25,0.25,0.25,0.25,0.1,0.1
1624,0.0,0.0,0.08,0.2,0.25,0.0,0.0,0.0,0.0,0.1,0.1,0.0,0.0,0.2,0.25,0.0,0.0,0.0,0.0
1631,0.0,0.0,0.1,0.25,0.25,0.0,0.0,0.0,0.0,0.12,0.1,0.0,0.0,0.25,0.25,0.0,0.0,0.0,0.0
1638,0.0,0.0,0.08,0.25,0.25,0.0,0.0,0.0,0.0,0.12,0.1,0.1,0.1,0.25,0.25,0.0,0.0,0.0,0.0
1650,0.0,0.0,0.2,0.25,0.25,0.0,0.0,0.0,0.0,0.25,0.25,0.0,0.0,0.25,0.25,0.0,0.0,0.25,0.25
1658,0.0,0.0,0.2,0.25,0.25,0.0,0.0,0.0,0.0,0.1,0.1,0.1,0.1,0.25,0.25,0.0,0.0,0.25,0.25
1664,0.0,0.0,0.2,0.2,0.25,0.0,0.0,0.0,0.0,0.0,0.0,0.2,0.25,0.2,0.25,0.0,0.0,0.2,0.25
1667,0.0,0.0,0.25,0.25,0.25,0.0,0.0,0.0,0.0,0.0,0.0,0.25,0.25,0.25,0.25,0.0,0.0,0.25,0.25
1680,0.0,0.0,0.2,0.2,0.25,0.1,0.1,0.0,0.0,0.0,0.0,0.0,0.0,0.2,0.25,0.0,0.0,0.0,0.0
1687,0.0,0.0,0.25,0.25,0.25,0.12,0.1,0.0,0.0,0.0,0.0,0.0,0.0,0.25,0.25,0.0,0.0,0.0,0.0
1694,0.0,0.0,0.0,0.25,0.25,0.12,0.1,0.0,0.0,0.3,0.25,0.1,0.1,0.25,0.25,0.0,0.0,0.1,0.1
1701,0.0,0.0,0.25,0.2,0.25,0.12,0.1,0.12,0.1,0.0,0.0,0.2,0.25,0.2,0.25,0.0,0.0,0.08,0.1
1708,0.0,0.0,0.0,0.2,0.25,0.12,0.1,0.0,0.0,0.12,0.1,0.0,0.0,0.2,0.25,0.0,0.0,0.2,0.25
1715,0.0,0.0,0.0,0.25,0.25,0.1,0.1,0.0,0.0,0.0,0.0,0.1,0.1,0.25,0.25,0.0,0.0,0.25,0.25
1724,0.0,0.0,0.2,0.2,0.25,0.12,0.1,0.0,0.0,0.3,0.25,0.08,0.1,0.2,0.25,0.0,0.0,0.2,0.25
1731,0.0,0.0,0.25,0.25,0.25,0.1,0.1,0.0,0.0,0.1,0.1,0.25,0.25,0.25,0.25,0.0,0.0,0.25,0.25
1738,0.0,0.0,0.08,0.25,0.25,0.1,0.1,0.1,0.1,0.1,0.1,0.25,0.25,0.25,0.25,0.0,0.0,0.25,0.25
1746,0.1,0.1,0.08,0.25,0.25,0.1,0.1,0.0,0.0,0.1,0.1,0.25,0.25,0.25,0.25,0.0,0.0,0.25,0.25
1753,0.0,0.0,0.1,0.2,0.25,0.0,0.0,0.0,0.0,0.0,0.0,0.08,0.1,0.2,0.25,0.1,0.1,0.0,0.0
1760,0.0,0.0,0.2,0.2,0.25,0.0,0.0,0.0,0.0,0.25,0.25,0.2,0.25,0.2,0.25,0.1,0.1,0.0,0.0
1767,0.0,0.0,0.25,0.25,0.25,0.0,0.0,0.0,0.0,0.3,0.25,0.25,0.25,0.25,0.25,0.12,0.1,0.0,0.0
1772,0.0,0.0,0.2,0.2,0.25,0.0,0.0,0.0,0.0,0.3,0.25,0.08,0.1,0.2,0.25,0.12,0.1,0.08,0.1
1778,0.0,0.0,0.2,0.25,0.25,0.0,0.0,0.0,0.0,0.1,0.1,0.25,0.25,0.25,0.25,0.1,0.1,0.1,0.1
1788,0.0,0.0,0.2,0.2,0.25,0.0,0.0,0.0,0.0,0.12,0.1,0.0,0.0,0.2,0.25,0.12,0.1,0.2,0.25
1793,0.0,0.0,0.1,0.2,0.25,0.0,0.0,0.0,0.0,0.1,0.1,0.2,0.25,0.2,0.25,0.1,0.1,0.2,0.25
1799,0.0,0.0,0.1,0.25,0.25,0.0,0.0,0.0,0.0,0.12,0.1,0.25,0.25,0.25,0.25,0.12,0.1,0.25,0.25
1808,0.0,0.0,0.0,0.2,0.25,0.1,0.1,0.0,0.0,0.0,0.0,0.08,0.1,0.2,0.25,0.1,0.1,0.2,0.25
1819,0.0,0.0,0.25,0.25,0.25,0.1,0.1,0.0,0.0,0.25,0.25,0.1,0.1,0.25,0.25,0.1,0.1,0.25,0.25
1826,0.0,0.0,0.2,0.25,0.25,0.1,0.1,0.0,0.0,0.25,0.25,0.25,0.25,0.25,0.25,0.1,0.1,0.25,0.25
1832,0.0,0.0,0.2,0.2,0.25,0.1,0.1,0.1,0.1,0.1,0.1,0.0,0.0,0.2,0.25,0.1,0.1,0.2,0.25
1837,0.0,0.0,0.25,0.2,0.25,0.12,0.1,0.12,0.1,0.12,0.1,0.0,0.0,0.2,0.25,0.12,0.1,0.2,0.25
1845,0.0,0.0,0.25,0.2,0.25,0.12,0.1,0.12,0.1,0.0,0.0,0.08,0.1,0.2,0.25,0.12,0.1,0.2,0.25
1852,0.0,0.0,0.2,0.2,0.25,0.0,0.0,0.0,0.0,0.0,0.0,0.0,0.0,0.2,0.25,0.3,0.25,0.08,0.1
1860,0.0,0.0,0.08,0.2,0.25,0.0,0.0,0.0,0.0,0.3,0.25,0.08,0.1,0.2,0.25,0.3,0.25,0.08,0.1
1866,0.0,0.0,0.08,0.25,0.25,0.0,0.0,0.0,0.0,0.1,0.1,0.25,0.25,0.25,0.25,0.25,0.25,0.1,0.1
1879,0.0,0.0,0.1,0.25,0.25,0.0,0.0,0.0,0.0,0.3,0.25,0.1,0.1,0.25,0.25,0.3,0.25,0.25,0.25
1887,0.0,0.0,0.1,0.25,0.25,0.0,0.0,0.0,0.0,0.0,0.0,0.25,0.25,0.25,0.25,0.3,0.25,0.25,0.25
1895,0.0,0.0,0.25,0.25,0.25,0.0,0.0,0.12,0.1,0.3,0.25,0.25,0.25,0.25,0.25,0.3,0.25,0.25,0.25
1910,0.0,0.0,0.2,0.25,0.25,0.0,0.0,0.0,0.0,0.0,0.0,0.1,0.1,0.0,0.0,0.0,0.0,0.25,0.25
1916,0.0,0.0,0.2,0.08,0.1,0.0,0.0,0.0,0.0,0.12,0.1,0.08,0.1,0.08,0.1,0.0,0.0,0.0,0.0
1923,0.0,0.0,0.25,0.1,0.1,0.0,0.0,0.0,0.0,0.25,0.25,0.1,0.1,0.1,0.1,0.0,0.0,0.25,0.25
1931,0.0,0.0,0.25,0.1,0.1,0.0,0.0,0.0,0.0,0.1,0.1,0.25,0.25,0.1,0.1,0.0,0.0,0.25,0.25
1938,0.0,0.0,0.2,0.1,0.1,0.1,0.1,0.1,0.1,0.0,0.0,0.25,0.25,0.1,0.1,0.0,0.0,0.25,0.25
1946,0.0,0.0,0.2,0.25,0.25,0.0,0.0,0.0,0.0,0.25,0.25,0.0,0.0,0.1,0.1,0.0,0.0,0.1,0.1
1953,0.0,0.0,0.25,0.2,0.25,0.0,0.0,0.0,0.0,0.1,0.1,0.08,0.1,0.08,0.1,0.0,0.0,0.08,0.1
1960,0.0,0.0,0.2,0.2,0.25,0.0,0.0,0.0,0.0,0.0,0.0,0.2,0.25,0.08,0.1,0.0,0.0,0.08,0.1
1968,0.0,0.0,0.2,0.2,0.25,0.0,0.0,0.0,0.0,0.25,0.25,0.0,0.0,0.08,0.1,0.0,0.0,0.2,0.25
1974,0.0,0.0,0.2,0.25,0.25,0.0,0.0,0.0,0.0,0.3,0.25,0.0,0.0,0.1,0.1,0.0,0.0,0.25,0.25
1980,0.0,0.0,0.2,0.2,0.25,0.0,0.0,0.0,0.0,0.12,0.1,0.08,0.1,0.08,0.1,0.0,0.0,0.2,0.25
1988,0.0,0.0,0.2,0.2,0.25,0.0,0.0,0.0,0.0,0.0,0.0,0.2,0.25,0.08,0.1,0.0,0.0,0.2,0.25
1994,0.0,0.0,0.08,0.25,0.25,0.1,0.1,0.0,0.0,0.25,0.25,0.25,0.25,0.1,0.1,0.0,0.0,0.25,0.25
2001,0.0,0.0,0.25,0.0,0.0,0.0,0.0,0.0,0.0,0.1,0.1,0.0,0.0,0.2,0.25,0.0,0.0,0.0,0.0
2008,0.0,0.0,0.0,0.0,0.0,0.0,0.0,0.0,0.0,0.25,0.25,0.0,0.0,0.2,0.25,0.0,0.0,0.08,0.1
2018,0.0,0.0,0.0,0.0,0.0,0.0,0.0,0.0,0.0,0.25,0.25,0.1,0.1,0.25,0.25,0.0,0.0,0.1,0.1
2023,0.0,0.0,0.0,0.0,0.0,0.0,0.0,0.0,0.0,0.3,0.25,0.1,0.1,0.25,0.25,0.0,0.0,0.1,0.1
2032,0.0,0.0,0.2,0.0,0.0,0.0,0.0,0.0,0.0,0.25,0.25,0.0,0.0,0.2,0.25,0.0,0.0,0.2,0.25
2039,0.0,0.0,0.25,0.0,0.0,0.0,0.0,0.0,0.0,0.3,0.25,0.0,0.0,0.25,0.25,0.0,0.0,0.25,0.25
2046,0.0,0.0,0.2,0.0,0.0,0.0,0.0,0.0,0.0,0.12,0.1,0.1,0.1,0.25,0.25,0.0,0.0,0.25,0.25
2052,0.0,0.0,0.2,0.0,0.0,0.0,0.0,0.0,0.0,0.0,0.0,0.2,0.25,0.2,0.25,0.0,0.0,0.2,0.25
2061,0.0,0.0,0.25,0.0,0.0,0.0,0.0,0.12,0.1,0.3,0.25,0.2,0.25,0.2,0.25,0.0,0.0,0.2,0.25
2068,0.0,0.0,0.2,0.0,0.0,0.12,0.1,0.12,0.1,0.0,0.0,0.08,0.1,0.2,0.25,0.0,0.0,0.2,0.25
2075,0.0,0.0,0.25,0.0,0.0,0.0,0.0,0.0,0.0,0.25,0.25,0.25,0.25,0.25,0.25,0.1,0.1,0.1,0.1
2091,0.0,0.0,0.25,0.0,0.0,0.1,0.1,0.0,0.0,0.1,0.1,0.0,0.0,0.25,0.25,0.1,0.1,0.25,0.25
2098,0.0,0.0,0.2,0.0,0.0,0.1,0.1,0.0,0.0,0.0,0.0,0.1,0.1,0.25,0.25,0.1,0.1,0.25,0.25
2104,0.0,0.0,0.08,0.0,0.0,0.0,0.0,0.0,0.0,0.0,0.0,0.0,0.0,0.2,0.25,0.25,0.25,0.08,0.1
2113,0.0,0.0,0.25,0.0,0.0,0.0,0.0,0.0,0.0,0.25,0.25,0.2,0.25,0.2,0.25,0.25,0.25,0.2,0.25
2121,0.0,0.0,0.25,0.08,0.1,0.0,0.0,0.0,0.0,0.0,0.0,0.0,0.0,0.2,0.25,0.0,0.0,0.0,0.0
2128,0.0,0.0,0.08,0.08,0.1,0.0,0.0,0.0,0.0,0.1,0.1,0.08,0.1,0.2,0.25,0.0,0.0,0.0,0.0
2135,0.0,0.0,0.1,0.1,0.1,0.0,0.0,0.0,0.0,0.12,0.1,0.1,0.1,0.25,0.25,0.0,0.0,0.0,0.0
2142,0.0,0.0,0.2,0.1,0.1,0.0,0.0,0.0,0.0,0.3,0.25,0.25,0.25,0.25,0.25,0.0,0.0,0.1,0.1
2147,0.0,0.0,0.25,0.1,0.1,0.0,0.0,0.1,0.1,0.1,0.1,0.0,0.0,0.25,0.25,0.0,0.0,0.1,0.1
2154,0.0,0.0,0.2,0.1,0.1,0.0,0.0,0.1,0.1,0.0,0.0,0.1,0.1,0.25,0.25,0.0,0.0,0.1,0.1
2161,0.0,0.0,0.25,0.08,0.1,0.0,0.0,0.0,0.0,0.25,0.25,0.0,0.0,0.2,0.25,0.0,0.0,0.2,0.25
2168,0.0,0.0,0.2,0.08,0.1,0.0,0.0,0.0,0.0,0.1,0.1,0.08,0.1,0.2,0.25,0.0,0.0,0.2,0.25
2176,0.0,0.0,0.2,0.08,0.1,0.0,0.0,0.0,0.0,0.0,0.0,0.2,0.25,0.2,0.25,0.0,0.0,0.2,0.25
2182,0.0,0.0,0.2,0.1,0.1,0.0,0.0,0.0,0.0,0.0,0.0,0.25,0.25,0.25,0.25,0.0,0.0,0.25,0.25
2188,0.0,0.0,0.2,0.08,0.1,0.12,0.1,0.0,0.0,0.12,0.1,0.2,0.25,0.2,0.25,0.0,0.0,0.0,0.0
2195,0.0,0.0,0.1,0.1,0.1,0.1,0.1,0.0,0.0,0.25,0.25,0.1,0.1,0.25,0.25,0.0,0.0,0.1,0.1
2202,0.0,0.0,0.08,0.1,0.1,0.1,0.1,0.0,0.0,0.1,0.1,0.25,0.25,0.25,0.25,0.0,0.0,0.1,0.1
2209,0.0,0.0,0.25,0.08,0.1,0.1,0.1,0.0,0.0,0.0,0.0,0.2,0.25,0.2,0.25,0.0,0.0,0.2,0.25
2216,0.0,0.0,0.2,0.08,0.1,0.0,0.0,0.0,0.0,0.1,0.1,0.2,0.25,0.2,0.25,0.1,0.1,0.0,0.0
2223,0.0,0.0,0.25,0.1,0.1,0.0,0.0,0.0,0.0,0.12,0.1,0.25,0.25,0.25,0.25,0.12,0.1,0.0,0.0
2231,0.0,0.0,0.25,0.1,0.1,0.0,0.0,0.0,0.0,0.12,0.1,0.0,0.0,0.25,0.25,0.12,0.1,0.1,0.1
2239,0.0,0.0,0.25,0.1,0.1,0.0,0.0,0.0,0.0,0.0,0.0,0.1,0.1,0.25,0.25,0.12,0.1,0.1,0.1
2256,0.0,0.0,0.2,0.08,0.1,0.1,0.1,0.0,0.0,0.25,0.25,0.08,0.1,0.2,0.25,0.1,0.1,0.2,0.25
2263,0.0,0.0,0.25,0.1,0.1,0.12,0.1,0.0,0.0,0.3,0.25,0.1,0.1,0.25,0.25,0.12,0.1,0.25,0.25
2270,0.0,0.0,0.2,0.1,0.1,0.12,0.1,0.0,0.0,0.12,0.1,0.25,0.25,0.25,0.25,0.12,0.1,0.25,0.25
2278,0.0,0.0,0.2,0.1,0.1,0.12,0.1,0.12,0.1,0.0,0.0,0.0,0.0,0.25,0.25,0.12,0.1,0.25,0.25
2284,0.0,0.0,0.08,0.08,0.1,0.0,0.0,0.0,0.0,0.12,0.1,0.0,0.0,0.2,0.25,0.3,0.25,0.08,0.1
2299,0.0,0.0,0.25,0.1,0.1,0.0,0.0,0.0,0.0,0.25,0.25,0.25,0.25,0.25,0.25,0.25,0.25,0.1,0.1
2306,0.0,0.0,0.08,0.25,0.25,0.0,0.0,0.0,0.0,0.0,0.0,0.1,0.1,0.25,0.25,0.0,0.0,0.0,0.0
2313,0.0,0.0,0.1,0.2,0.25,0.0,0.0,0.0,0.0,0.0,0.0,0.2,0.25,0.2,0.25,0.0,0.0,0.0,0.0
2318,0.0,0.0,0.08,0.25,0.25,0.0,0.0,0.0,0.0,0.0,0.0,0.25,0.25,0.25,0.25,0.0,0.0,0.0,0.0
2325,0.12,0.1,0.25,0.2,0.25,0.0,0.0,0.0,0.0,0.12,0.1,0.2,0.25,0.2,0.25,0.0,0.0,0.0,0.0
2331,0.0,0.0,0.25,0.25,0.25,0.0,0.0,0.1,0.1,0.25,0.25,0.0,0.0,0.25,0.25,0.0,0.0,0.1,0.1
2342,0.0,0.0,0.0,0.25,0.25,0.0,0.0,0.0,0.0,0.3,0.25,0.1,0.1,0.25,0.25,0.0,0.0,0.25,0.25
2355,0.1,0.1,0.25,0.25,0.25,0.0,0.0,0.0,0.0,0.1,0.1,0.25,0.25,0.25,0.25,0.0,0.0,0.25,0.25
2362,0.0,0.0,0.2,0.25,0.25,0.1,0.1,0.0,0.0,0.0,0.0,0.0,0.0,0.25,0.25,0.0,0.0,0.1,0.1
2369,0.0,0.0,0.1,0.2,0.25,0.1,0.1,0.0,0.0,0.25,0.25,0.08,0.1,0.2,0.25,0.0,0.0,0.08,0.1
2376,0.0,0.0,0.2,0.2,0.25,0.1,0.1,0.1,0.1,0.1,0.1,0.2,0.25,0.2,0.25,0.0,0.0,0.08,0.1
2383,0.0,0.0,0.25,0.25,0.25,0.12,0.1,0.12,0.1,0.12,0.1,0.25,0.25,0.25,0.25,0.0,0.0,0.1,0.1
2390,0.0,0.0,0.2,0.25,0.25,0.12,0.1,0.0,0.0,0.12,0.1,0.0,0.0,0.25,0.25,0.0,0.0,0.25,0.25
2397,0.0,0.0,0.25,0.2,0.25,0.12,0.1,0.0,0.0,0.0,0.0,0.08,0.1,0.2,0.25,0.0,0.0,0.2,0.25
2404,0.0,0.0,0.08,0.2,0.25,0.12,0.1,0.0,0.0,0.3,0.25,0.2,0.25,0.2,0.25,0.0,0.0,0.2,0.25
2411,0.0,0.0,0.25,0.25,0.25,0.1,0.1,0.1,0.1,0.0,0.0,0.25,0.25,0.25,0.25,0.0,0.0,0.25,0.25
2418,0.0,0.0,0.2,0.25,0.25,0.0,0.0,0.0,0.0,0.1,0.1,0.1,0.1,0.25,0.25,0.1,0.1,0.0,0.0
2425,0.0,0.0,0.25,0.2,0.25,0.0,0.0,0.0,0.0,0.0,0.0,0.2,0.25,0.2,0.25,0.1,0.1,0.0,0.0
2433,0.0,0.0,0.25,0.2,0.25,0.0,0.0,0.0,0.0,0.25,0.25,0.0,0.0,0.2,0.25,0.1,0.1,0.08,0.1
2440,0.0,0.0,0.2,0.2,0.25,0.0,0.0,0.0,0.0,0.1,0.1,0.08,0.1,0.2,0.25,0.1,0.1,0.08,0.1
2447,0.0,0.0,0.25,0.25,0.25,0.0,0.0,0.0,0.0,0.12,0.1,0.1,0.1,0.25,0.25,0.12,0.1,0.1,0.1
2455,0.0,0.0,0.25,0.25,0.25,0.0,0.0,0.0,0.0,0.0,0.0,0.25,0.25,0.25,0.25,0.12,0.1,0.1,0.1
2460,0.0,0.0,0.2,0.2,0.25,0.0,0.0,0.0,0.0,0.3,0.25,0.08,0.1,0.2,0.25,0.12,0.1,0.2,0.25
2470,0.0,0.0,0.2,0.25,0.25,0.0,0.0,0.0,0.0,0.12,0.1,0.25,0.25,0.25,0.25,0.12,0.1,0.25,0.25
2485,0.0,0.0,0.1,0.2,0.25,0.12,0.1,0.0,0.0,0.3,0.25,0.08,0.1,0.2,0.25,0.12,0.1,0.2,0.25
2504,0.0,0.0,0.08,0.2,0.25,0.0,0.0,0.0,0.0,0.1,0.1,0.08,0.1,0.2,0.25,0.25,0.25,0.08,0.1
2524,0.0,0.0,0.2,0.0,0.0,0.12,0.1,0.12,0.1,0.0,0.0,0.2,0.25,0.08,0.1,0.0,0.0,0.2,0.25
2529,0.0,0.0,0.25,0.08,0.1,0.0,0.0,0.0,0.0,0.0,0.0,0.08,0.1,0.08,0.1,0.0,0.0,0.0,0.0
2537,0.0,0.0,0.25,0.08,0.1,0.0,0.0,0.0,0.0,0.1,0.1,0.08,0.1,0.08,0.1,0.0,0.0,0.2,0.25
2544,0.0,0.0,0.2,0.08,0.1,0.0,0.0,0.0,0.0,0.0,0.0,0.2,0.25,0.08,0.1,0.0,0.0,0.2,0.25
2551,0.0,0.0,0.25,0.1,0.1,0.0,0.0,0.0,0.0,0.0,0.0,0.25,0.25,0.1,0.1,0.0,0.0,0.25,0.25
2556,0.0,0.0,0.2,0.08,0.1,0.12,0.1,0.0,0.0,0.0,0.0,0.2,0.25,0.08,0.1,0.12,0.1,0.2,0.25
2563,0.0,0.0,0.25,0.25,0.25,0.0,0.0,0.0,0.0,0.1,0.1,0.0,0.0,0.1,0.1,0.0,0.0,0.1,0.1
2569,0.0,0.0,0.25,0.2,0.25,0.0,0.0,0.0,0.0,0.0,0.0,0.0,0.0,0.08,0.1,0.0,0.0,0.2,0.25
2578,0.0,0.0,0.08,0.25,0.25,0.0,0.0,0.0,0.0,0.1,0.1,0.25,0.25,0.1,0.1,0.0,0.0,0.25,0.25
2585,0.0,0.0,0.1,0.2,0.25,0.1,0.1,0.0,0.0,0.0,0.0,0.2,0.25,0.08,0.1,0.0,0.0,0.2,0.25
2591,0.0,0.0,0.1,0.25,0.25,0.12,0.1,0.0,0.0,0.0,0.0,0.25,0.25,0.1,0.1,0.0,0.0,0.25,0.25
2598,0.0,0.0,0.2,0.25,0.25,0.12,0.1,0.0,0.0,0.3,0.25,0.1,0.1,0.1,0.1,0.12,0.1,0.25,0.25
2606,0.0,0.0,0.2,0.25,0.25,0.12,0.1,0.0,0.0,0.12,0.1,0.25,0.25,0.1,0.1,0.12,0.1,0.25,0.25
2613,0.0,0.0,0.1,0.2,0.25,0.0,0.0,0.0,0.0,0.0,0.0,0.2,0.25,0.08,0.1,0.3,0.25,0.2,0.25
2621,0.0,0.0,0.25,0.0,0.0,0.0,0.0,0.0,0.0,0.3,0.25,0.08,0.1,0.2,0.25,0.0,0.0,0.0,0.0
2627,0.0,0.0,0.1,0.0,0.0,0.0,0.0,0.0,0.0,0.1,0.1,0.0,0.0,0.25,0.25,0.0,0.0,0.1,0.1
2645,0.0,0.0,0.25,0.0,0.0,0.0,0.0,0.0,0.0,0.12,0.1,0.0,0.0,0.2,0.25,0.0,0.0,0.2,0.25
2651,0.0,0.0,0.25,0.0,0.0,0.0,0.0,0.0,0.0,0.0,0.0,0.1,0.1,0.25,0.25,0.0,0.0,0.25,0.25
2659,0.0,0.0,0.25,0.0,0.0,0.1,0.1,0.0,0.0,0.25,0.25,0.1,0.1,0.25,0.25,0.1,0.1,0.1,0.1
2666,0.0,0.0,0.2,0.0,0.0,0.1,0.1,0.0,0.0,0.1,0.1,0.25,0.25,0.25,0.25,0.1,0.1,0.1,0.1
2673,0.0,0.0,0.1,0.0,0.0,0.1,0.1,0.0,0.0,0.0,0.0,0.0,0.0,0.2,0.25,0.1,0.1,0.2,0.25
2680,0.0,0.0,0.08,0.0,0.0,0.1,0.1,0.0,0.0,0.25,0.25,0.2,0.25,0.2,0.25,0.1,0.1,0.2,0.25
2689,0.0,0.0,0.25,0.0,0.0,0.0,0.0,0.0,0.0,0.0,0.0,0.08,0.1,0.2,0.25,0.25,0.25,0.08,0.1
2696,0.0,0.0,0.08,0.0,0.0,0.0,0.0,0.0,0.0,0.25,0.25,0.2,0.25,0.2,0.25,0.25,0.25,0.08,0.1
2704,0.0,0.0,0.2,0.0,0.0,0.0,0.0,0.0,0.0,0.1,0.1,0.0,0.0,0.2,0.25,0.25,0.25,0.2,0.25
2715,0.0,0.0,0.25,0.0,0.0,0.0,0.0,0.0,0.0,0.0,0.0,0.1,0.1,0.25,0.25,0.25,0.25,0.25,0.25
2721,0.0,0.0,0.1,0.08,0.1,0.0,0.0,0.0,0.0,0.1,0.1,0.2,0.25,0.2,0.25,0.0,0.0,0.0,0.0
2725,0.0,0.0,0.1,0.08,0.1,0.0,0.0,0.0,0.0,0.12,0.1,0.2,0.25,0.2,0.25,0.0,0.0,0.0,0.0
2733,0.0,0.0,0.0,0.08,0.1,0.0,0.0,0.0,0.0,0.3,0.25,0.0,0.0,0.2,0.25,0.0,0.0,0.08,0.1
2749,0.0,0.0,0.25,0.08,0.1,0.0,0.0,0.0,0.0,0.0,0.0,0.0,0.0,0.2,0.25,0.0,0.0,0.2,0.25
2754,0.0,0.0,0.08,0.1,0.1,0.1,0.1,0.0,0.0,0.25,0.25,0.25,0.25,0.25,0.25,0.0,0.0,0.1,0.1
2763,0.0,0.0,0.1,0.1,0.1,0.1,0.1,0.0,0.0,0.25,0.25,0.25,0.25,0.25,0.25,0.0,0.0,0.25,0.25
2769,0.0,0.0,0.1,0.08,0.1,0.0,0.0,0.0,0.0,0.25,0.25,0.2,0.25,0.2,0.25,0.1,0.1,0.0,0.0
2776,0.0,0.0,0.08,0.08,0.1,0.0,0.0,0.0,0.0,0.1,0.1,0.08,0.1,0.2,0.25,0.1,0.1,0.08,0.1
2783,0.0,0.0,0.1,0.1,0.1,0.0,0.0,0.0,0.0,0.12,0.1,0.1,0.1,0.25,0.25,0.12,0.1,0.1,0.1
2790,0.0,0.0,0.2,0.1,0.1,0.12,0.1,0.0,0.0,0.0,0.0,0.0,0.0,0.25,0.25,0.12,0.1,0.1,0.1
2797,0.0,0.0,0.25,0.08,0.1,0.12,0.1,0.0,0.0,0.12,0.1,0.0,0.0,0.2,0.25,0.12,0.1,0.2,0.25
2803,0.0,0.0,0.25,0.1,0.1,0.1,0.1,0.0,0.0,0.0,0.0,0.1,0.1,0.25,0.25,0.1,0.1,0.25,0.25
2810,0.0,0.0,0.2,0.1,0.1,0.0,0.0,0.0,0.0,0.25,0.25,0.1,0.1,0.25,0.25,0.25,0.25,0.1,0.1
2817,0.0,0.0,0.25,0.08,0.1,0.0,0.0,0.0,0.0,0.1,0.1,0.2,0.25,0.2,0.25,0.25,0.25,0.08,0.1
2823,0.0,0.0,0.25,0.1,0.1,0.0,0.0,0.0,0.0,0.12,0.1,0.25,0.25,0.25,0.25,0.3,0.25,0.1,0.1
2833,0.0,0.0,0.1,0.08,0.1,0.0,0.0,0.0,0.0,0.1,0.1,0.2,0.25,0.2,0.25,0.25,0.25,0.2,0.25
2840,0.0,0.0,0.2,0.2,0.25,0.0,0.0,0.0,0.0,0.25,0.25,0.0,0.0,0.2,0.25,0.0,0.0,0.0,0.0
2846,0.0,0.0,0.2,0.25,0.25,0.0,0.0,0.0,0.0,0.3,0.25,0.0,0.0,0.25,0.25,0.0,0.0,0.0,0.0
2853,0.0,0.0,0.25,0.2,0.25,0.0,0.0,0.0,0.0,0.0,0.0,0.2,0.25,0.2,0.25,0.0,0.0,0.0,0.0
2860,0.0,0.0,0.08,0.2,0.25,0.0,0.0,0.0,0.0,0.3,0.25,0.08,0.1,0.2,0.25,0.0,0.0,0.08,0.1
2867,0.0,0.0,0.25,0.25,0.25,0.0,0.0,0.0,0.0,0.1,0.1,0.0,0.0,0.25,0.25,0.0,0.0,0.25,0.25
2876,0.0,0.0,0.2,0.2,0.25,0.0,0.0,0.0,0.0,0.0,0.0,0.08,0.1,0.2,0.25,0.0,0.0,0.2,0.25
2888,0.1,0.1,0.2,0.2,0.25,0.0,0.0,0.0,0.0,0.25,0.25,0.2,0.25,0.2,0.25,0.0,0.0,0.2,0.25
2895,0.12,0.1,0.25,0.25,0.25,0.0,0.0,0.0,0.0,0.3,0.25,0.25,0.25,0.25,0.25,0.0,0.0,0.25,0.25
2902,0.0,0.0,0.2,0.25,0.25,0.12,0.1,0.0,0.0,0.3,0.25,0.1,0.1,0.25,0.25,0.0,0.0,0.0,0.0
2909,0.0,0.0,0.25,0.2,0.25,0.12,0.1,0.0,0.0,0.12,0.1,0.2,0.25,0.2,0.25,0.0,0.0,0.0,0.0
2916,0.0,0.0,0.08,0.2,0.25,0.12,0.1,0.0,0.0,0.12,0.1,0.0,0.0,0.2,0.25,0.0,0.0,0.08,0.1
2925,0.0,0.0,0.0,0.2,0.25,0.12,0.1,0.0,0.0,0.12,0.1,0.2,0.25,0.2,0.25,0.0,0.0,0.08,0.1
2934,0.0,0.0,0.08,0.25,0.25,0.12,0.1,0.0,0.0,0.0,0.0,0.0,0.0,0.25,0.25,0.0,0.0,0.25,0.25
2941,0.0,0.0,0.1,0.2,0.25,0.12,0.1,0.0,0.0,0.0,0.0,0.08,0.1,0.2,0.25,0.0,0.0,0.2,0.25
2948,0.0,0.0,0.0,0.2,0.25,0.12,0.1,0.0,0.0,0.0,0.0,0.2,0.25,0.2,0.25,0.0,0.0,0.2,0.25
2956,0.0,0.0,0.08,0.2,0.25,0.12,0.1,0.12,0.1,0.0,0.0,0.08,0.1,0.2,0.25,0.0,0.0,0.2,0.25
2963,0.0,0.0,0.25,0.25,0.25,0.0,0.0,0.0,0.0,0.0,0.0,0.1,0.1,0.25,0.25,0.1,0.1,0.0,0.0
2972,0.0,0.0,0.08,0.2,0.25,0.0,0.0,0.0,0.0,0.3,0.25,0.2,0.25,0.2,0.25,0.12,0.1,0.0,0.0
2978,0.0,0.0,0.2,0.25,0.25,0.0,0.0,0.0,0.0,0.25,0.25,0.25,0.25,0.25,0.25,0.1,0.1,0.1,0.1
3000,0.0,0.0,0.2,0.2,0.25,0.1,0.1,0.1,0.1,0.25,0.25,0.08,0.1,0.2,0.25,0.1,0.1,0.2,0.25
3008,0.0,0.0,0.2,0.2,0.25,0.25,0.25,0.0,0.0,0.0,0.0,0.2,0.25,0.2,0.25,0.1,0.1,0.08,0.1
3016,0.0,0.0,0.08,0.2,0.25,0.25,0.25,0.0,0.0,0.0,0.0,0.08,0.1,0.2,0.25,0.1,0.1,0.2,0.25
3021,0.0,0.0,0.1,0.2,0.25,0.3,0.25,0.0,0.0,0.0,0.0,0.08,0.1,0.2,0.25,0.12,0.1,0.2,0.25
3031,0.0,0.0,0.1,0.25,0.25,0.0,0.0,0.0,0.0,0.12,0.1,0.25,0.25,0.25,0.25,0.3,0.25,0.0,0.0
3040,0.0,0.0,0.2,0.2,0.25,0.0,0.0,0.0,0.0,0.0,0.0,0.08,0.1,0.2,0.25,0.25,0.25,0.08,0.1
3045,0.0,0.0,0.25,0.2,0.25,0.0,0.0,0.0,0.0,0.0,0.0,0.08,0.1,0.2,0.25,0.3,0.25,0.08,0.1
3051,0.0,0.0,0.25,0.25,0.25,0.0,0.0,0.0,0.0,0.25,0.25,0.0,0.0,0.25,0.25,0.25,0.25,0.25,0.25
3058,0.0,0.0,0.2,0.25,0.25,0.0,0.0,0.0,0.0,0.1,0.1,0.1,0.1,0.25,0.25,0.25,0.25,0.25,0.25
3065,0.0,0.0,0.25,0.2,0.25,0.0,0.0,0.0,0.0,0.0,0.0,0.2,0.25,0.2,0.25,0.25,0.25,0.2,0.25
3071,0.0,0.0,0.25,0.25,0.25,0.0,0.0,0.0,0.0,0.0,0.0,0.25,0.25,0.25,0.25,0.3,0.25,0.25,0.25
3085,0.0,0.0,0.25,0.2,0.25,0.0,0.0,0.0,0.0,0.3,0.25,0.2,0.25,0.0,0.0,0.0,0.0,0.2,0.25
3091,0.0,0.0,0.25,0.0,0.0,0.0,0.0,0.0,0.0,0.0,0.0,0.1,0.1,0.1,0.1,0.0,0.0,0.25,0.25
3100,0.0,0.0,0.2,0.08,0.1,0.0,0.0,0.0,0.0,0.3,0.25,0.2,0.25,0.08,0.1,0.0,0.0,0.08,0.1
3107,0.0,0.0,0.25,0.25,0.25,0.0,0.0,0.0,0.0,0.0,0.0,0.0,0.0,0.1,0.1,0.0,0.0,0.1,0.1
3114,0.0,0.0,0.2,0.25,0.25,0.0,0.0,0.0,0.0,0.25,0.25,0.1,0.1,0.1,0.1,0.0,0.0,0.25,0.25
3124,0.0,0.0,0.2,0.2,0.25,0.0,0.0,0.0,0.0,0.12,0.1,0.2,0.25,0.08,0.1,0.0,0.0,0.2,0.25
3130,0.0,0.0,0.2,0.25,0.25,0.1,0.1,0.0,0.0,0.1,0.1,0.1,0.1,0.1,0.1,0.1,0.1,0.25,0.25
3137,0.0,0.0,0.25,0.2,0.25,0.1,0.1,0.0,0.0,0.0,0.0,0.2,0.25,0.08,0.1,0.1,0.1,0.2,0.25
3144,0.0,0.0,0.0,0.0,0.0,0.0,0.0,0.0,0.0,0.1,0.1,0.0,0.0,0.2,0.25,0.0,0.0,0.08,0.1
3151,0.0,0.0,0.0,0.0,0.0,0.0,0.0,0.0,0.0,0.12,0.1,0.0,0.0,0.25,0.25,0.0,0.0,0.1,0.1
3158,0.0,0.0,0.2,0.0,0.0,0.0,0.0,0.0,0.0,0.3,0.25,0.1,0.1,0.25,0.25,0.0,0.0,0.1,0.1
3163,0.0,0.0,0.25,0.0,0.0,0.0,0.0,0.0,0.0,0.1,0.1,0.25,0.25,0.25,0.25,0.0,0.0,0.1,0.1
3170,0.0,0.0,0.08,0.0,0.0,0.0,0.0,0.0,0.0,0.25,0.25,0.0,0.0,0.25,0.25,0.0,0.0,0.25,0.25
3178,0.0,0.0,0.0,0.0,0.0,0.0,0.0,0.0,0.0,0.25,0.25,0.1,0.1,0.25,0.25,0.0,0.0,0.25,0.25
3187,0.0,0.0,0.25,0.0,0.0,0.0,0.0,0.1,0.1,0.25,0.25,0.1,0.1,0.25,0.25,0.0,0.0,0.25,0.25
3194,0.0,0.0,0.2,0.0,0.0,0.0,0.0,0.1,0.1,0.1,0.1,0.25,0.25,0.25,0.25,0.0,0.0,0.25,0.25
3201,0.0,0.0,0.1,0.0,0.0,0.1,0.1,0.0,0.0,0.1,0.1,0.2,0.25,0.2,0.25,0.0,0.0,0.08,0.1
3209,0.0,0.0,0.1,0.0,0.0,0.0,0.0,0.0,0.0,0.1,0.1,0.08,0.1,0.2,0.25,0.1,0.1,0.08,0.1
3215,0.0,0.0,0.1,0.0,0.0,0.0,0.0,0.0,0.0,0.12,0.1,0.1,0.1,0.25,0.25,0.12,0.1,0.1,0.1
3221,0.0,0.0,0.1,0.0,0.0,0.0,0.0,0.0,0.0,0.0,0.0,0.2,0.25,0.2,0.25,0.12,0.1,0.08,0.1
3228,0.0,0.0,0.2,0.0,0.0,0.0,0.0,0.0,0.0,0.0,0.0,0.0,0.0,0.2,0.25,0.12,0.1,0.2,0.25
3234,0.0,0.0,0.08,0.0,0.0,0.1,0.1,0.0,0.0,0.25,0.25,0.1,0.1,0.25,0.25,0.1,0.1,0.25,0.25
3239,0.0,0.0,0.1,0.0,0.0,0.12,0.1,0.0,0.0,0.3,0.25,0.1,0.1,0.25,0.25,0.12,0.1,0.25,0.25
3246,0.0,0.0,0.08,0.0,0.0,0.0,0.0,0.0,0.0,0.12,0.1,0.25,0.25,0.25,0.25,0.3,0.25,0.0,0.0
3252,0.0,0.0,0.2,0.0,0.0,0.0,0.0,0.0,0.0,0.0,0.0,0.2,0.25,0.2,0.25,0.3,0.25,0.08,0.1
3260,0.0,0.0,0.2,0.08,0.1,0.0,0.0,0.0,0.0,0.3,0.25,0.0,0.0,0.2,0.25,0.0,0.0,0.0,0.0
3267,0.0,0.0,0.25,0.1,0.1,0.0,0.0,0.0,0.0,0.1,0.1,0.1,0.1,0.25,0.25,0.0,0.0,0.0,0.0
3275,0.0,0.0,0.0,0.1,0.1,0.0,0.0,0.0,0.0,0.25,0.25,0.1,0.1,0.25,0.25,0.0,0.0,0.1,0.1
3284,0.0,0.0,0.2,0.08,0.1,0.0,0.0,0.12,0.1,0.3,0.25,0.0,0.0,0.2,0.25,0.0,0.0,0.08,0.1
3291,0.0,0.0,0.25,0.1,0.1,0.0,0.0,0.1,0.1,0.1,0.1,0.1,0.1,0.25,0.25,0.0,0.0,0.1,0.1
3298,0.0,0.0,0.08,0.1,0.1,0.0,0.0,0.0,0.0,0.25,0.25,0.0,0.0,0.25,0.25,0.0,0.0,0.25,0.25
3305,0.0,0.0,0.0,0.08,0.1,0.0,0.0,0.0,0.0,0.25,0.25,0.2,0.25,0.2,0.25,0.0,0.0,0.2,0.25
3316,0.0,0.0,0.2,0.08,0.1,0.12,0.1,0.0,0.0,0.3,0.25,0.2,0.25,0.2,0.25,0.0,0.0,0.0,0.0
3323,0.0,0.0,0.1,0.1,0.1,0.1,0.1,0.0,0.0,0.1,0.1,0.0,0.0,0.25,0.25,0.0,0.0,0.1,0.1
3330,0.0,0.0,0.08,0.1,0.1,0.1,0.1,0.0,0.0,0.0,0.0,0.1,0.1,0.25,0.25,0.0,0.0,0.25,0.25
3337,0.0,0.0,0.0,0.08,0.1,0.1,0.1,0.0,0.0,0.0,0.0,0.2,0.25,0.2,0.25,0.0,0.0,0.2,0.25
3350,0.0,0.0,0.08,0.1,0.1,0.0,0.0,0.0,0.0,0.12,0.1,0.1,0.1,0.25,0.25,0.12,0.1,0.0,0.0
3357,0.0,0.0,0.1,0.08,0.1,0.0,0.0,0.0,0.0,0.0,0.0,0.2,0.25,0.2,0.25,0.12,0.1,0.0,0.0
3364,0.0,0.0,0.2,0.08,0.1,0.0,0.0,0.0,0.0,0.3,0.25,0.0,0.0,0.2,0.25,0.12,0.1,0.08,0.1
3371,0.0,0.0,0.25,0.1,0.1,0.0,0.0,0.0,0.0,0.1,0.1,0.1,0.1,0.25,0.25,0.1,0.1,0.1,0.1
3378,0.0,0.0,0.2,0.1,0.1,0.0,0.0,0.0,0.0,0.0,0.0,0.25,0.25,0.25,0.25,0.1,0.1,0.1,0.1
3385,0.0,0.0,0.25,0.08,0.1,0.1,0.1,0.0,0.0,0.25,0.25,0.08,0.1,0.2,0.25,0.1,0.1,0.08,0.1
3391,0.0,0.0,0.25,0.1,0.1,0.12,0.1,0.0,0.0,0.3,0.25,0.1,0.1,0.25,0.25,0.12,0.1,0.1,0.1
3403,0.0,0.0,0.25,0.1,0.1,0.1,0.1,0.0,0.0,0.25,0.25,0.0,0.0,0.25,0.25,0.1,0.1,0.25,0.25
3410,0.0,0.0,0.2,0.1,0.1,0.1,0.1,0.0,0.0,0.1,0.1,0.1,0.1,0.25,0.25,0.1,0.1,0.25,0.25
3417,0.0,0.0,0.25,0.08,0.1,0.1,0.1,0.0,0.0,0.0,0.0,0.2,0.25,0.2,0.25,0.1,0.1,0.2,0.25
3424,0.0,0.0,0.2,0.08,0.1,0.1,0.1,0.1,0.1,0.25,0.25,0.2,0.25,0.2,0.25,0.1,0.1,0.2,0.25
3431,0.0,0.0,0.25,0.1,0.1,0.12,0.1,0.12,0.1,0.3,0.25,0.25,0.25,0.25,0.25,0.12,0.1,0.25,0.25
3438,0.0,0.0,0.08,0.1,0.1,0.0,0.0,0.0,0.0,0.12,0.1,0.1,0.1,0.25,0.25,0.3,0.25,0.1,0.1
3445,0.0,0.0,0.1,0.08,0.1,0.0,0.0,0.0,0.0,0.0,0.0,0.2,0.25,0.2,0.25,0.3,0.25,0.08,0.1
3452,0.0,0.0,0.2,0.08,0.1,0.0,0.0,0.0,0.0,0.3,0.25,0.2,0.25,0.2,0.25,0.3,0.25,0.2,0.25
3466,0.0,0.0,0.08,0.25,0.25,0.0,0.0,0.0,0.0,0.0,0.0,0.0,0.0,0.25,0.25,0.0,0.0,0.0,0.0
3474,0.0,0.0,0.2,0.25,0.25,0.0,0.0,0.0,0.0,0.25,0.25,0.0,0.0,0.25,0.25,0.0,0.0,0.1,0.1
3483,0.0,0.0,0.25,0.25,0.25,0.0,0.0,0.0,0.0,0.1,0.1,0.1,0.1,0.25,0.25,0.0,0.0,0.1,0.1
3489,0.0,0.0,0.25,0.2,0.25,0.0,0.0,0.0,0.0,0.0,0.0,0.2,0.25,0.2,0.25,0.0,0.0,0.08,0.1
3501,0.0,0.0,0.0,0.2,0.25,0.0,0.0,0.12,0.1,0.3,0.25,0.08,0.1,0.2,0.25,0.0,0.0,0.2,0.25
3508,0.0,0.0,0.2,0.2,0.25,0.12,0.1,0.0,0.0,0.3,0.25,0.2,0.25,0.2,0.25,0.0,0.0,0.0,0.0
3515,0.0,0.0,0.1,0.25,0.25,0.1,0.1,0.0,0.0,0.25,0.25,0.0,0.0,0.25,0.25,0.0,0.0,0.1,0.1
3522,0.0,0.0,0.08,0.25,0.25,0.1,0.1,0.0,0.0,0.1,0.1,0.1,0.1,0.25,0.25,0.0,0.0,0.1,0.1
3529,0.0,0.0,0.25,0.2,0.25,0.1,0.1,0.0,0.0,0.25,0.25,0.2,0.25,0.2,0.25,0.0,0.0,0.08,0.1
3537,0.0,0.0,0.25,0.2,0.25,0.1,0.1,0.1,0.1,0.0,0.0,0.08,0.1,0.2,0.25,0.0,0.0,0.08,0.1
3543,0.0,0.0,0.25,0.25,0.25,0.12,0.1,0.12,0.1,0.0,0.0,0.1,0.1,0.25,0.25,0.0,0.0,0.1,0.1
3550,0.0,0.0,0.0,0.25,0.25,0.12,0.1,0.0,0.0,0.3,0.25,0.0,0.0,0.25,0.25,0.0,0.0,0.25,0.25
3558,0.0,0.0,0.0,0.25,0.25,0.12,0.1,0.0,0.0,0.12,0.1,0.1,0.1,0.25,0.25,0.0,0.0,0.25,0.25
3565,0.0,0.0,0.0,0.2,0.25,0.12,0.1,0.0,0.0,0.3,0.25,0.2,0.25,0.2,0.25,0.0,0.0,0.2,0.25
3573,0.0,0.0,0.25,0.2,0.25,0.0,0.0,0.0,0.0,0.12,0.1,0.2,0.25,0.2,0.25,0.12,0.1,0.0,0.0
3578,0.0,0.0,0.08,0.25,0.25,0.0,0.0,0.0,0.0,0.1,0.1,0.1,0.1,0.25,0.25,0.1,0.1,0.1,0.1
3587,0.0,0.0,0.1,0.25,0.25,0.0,0.0,0.0,0.0,0.1,0.1,0.25,0.25,0.25,0.25,0.1,0.1,0.1,0.1
3596,0.0,0.0,0.2,0.2,0.25,0.0,0.0,0.0,0.0,0.3,0.25,0.2,0.25,0.2,0.25,0.12,0.1,0.2,0.25
3604,0.0,0.0,0.2,0.2,0.25,0.0,0.0,0.12,0.1,0.0,0.0,0.08,0.1,0.2,0.25,0.12,0.1,0.2,0.25
3612,0.0,0.0,0.2,0.2,0.25,0.0,0.0,0.12,0.1,0.0,0.0,0.2,0.25,0.2,0.25,0.12,0.1,0.2,0.25
3619,0.0,0.0,0.0,0.25,0.25,0.1,0.1,0.0,0.0,0.0,0.0,0.25,0.25,0.25,0.25,0.1,0.1,0.25,0.25
3635,0.0,0.0,0.1,0.25,0.25,0.0,0.0,0.0,0.0,0.0,0.0,0.25,0.25,0.25,0.25,0.25,0.25,0.1,0.1
3645,0.0,0.0,0.25,0.2,0.25,0.3,0.25,0.0,0.0,0.3,0.25,0.0,0.0,0.2,0.25,0.3,0.25,0.2,0.25
3652,0.0,0.0,0.2,0.2,0.25,0.0,0.0,0.0,0.0,0.12,0.1,0.2,0.25,0.0,0.0,0.0,0.0,0.08,0.1
3659,0.0,0.0,0.25,0.0,0.0,0.0,0.0,0.0,0.0,0.1,0.1,0.25,0.25,0.1,0.1,0.0,0.0,0.1,0.1
3666,0.0,0.0,0.2,0.1,0.1,0.0,0.0,0.0,0.0,0.25,0.25,0.25,0.25,0.1,0.1,0.0,0.0,0.25,0.25
3672,0.0,0.0,0.2,0.2,0.25,0.0,0.0,0.0,0.0,0.0,0.0,0.0,0.0,0.08,0.1,0.0,0.0,0.0,0.0
3679,0.0,0.0,0.25,0.25,0.25,0.0,0.0,0.0,0.0,0.0,0.0,0.0,0.0,0.1,0.1,0.0,0.0,0.0,0.0
3686,0.0,0.0,0.08,0.25,0.25,0.12,0.1,0.0,0.0,0.0,0.0,0.1,0.1,0.1,0.1,0.0,0.0,0.25,0.25
3693,0.0,0.0,0.25,0.2,0.25,0.12,0.1,0.0,0.0,0.12,0.1,0.0,0.0,0.08,0.1,0.12,0.1,0.2,0.25
3700,0.0,0.0,0.2,0.2,0.25,0.12,0.1,0.0,0.0,0.0,0.0,0.08,0.1,0.08,0.1,0.12,0.1,0.2,0.25
3707,0.0,0.0,0.25,0.0,0.0,0.0,0.0,0.0,0.0,0.25,0.25,0.0,0.0,0.25,0.25,0.0,0.0,0.1,0.1
3714,0.0,0.0,0.2,0.0,0.0,0.0,0.0,0.0,0.0,0.1,0.1,0.1,0.1,0.25,0.25,0.0,0.0,0.1,0.1
3721,0.0,0.0,0.25,0.0,0.0,0.0,0.0,0.0,0.0,0.0,0.0,0.2,0.25,0.2,0.25,0.0,0.0,0.08,0.1
3728,0.0,0.0,0.08,0.0,0.0,0.0,0.0,0.0,0.0,0.1,0.1,0.0,0.0,0.2,0.25,0.0,0.0,0.2,0.25
3736,0.0,0.0,0.0,0.0,0.0,0.0,0.0,0.0,0.0,0.1,0.1,0.2,0.25,0.2,0.25,0.0,0.0,0.2,0.25
3744,0.0,0.0,0.2,0.0,0.0,0.0,0.0,0.0,0.0,0.25,0.25,0.2,0.25,0.2,0.25,0.0,0.0,0.2,0.25
3753,0.0,0.0,0.25,0.0,0.0,0.0,0.0,0.1,0.1,0.1,0.1,0.0,0.0,0.2,0.25,0.0,0.0,0.2,0.25
3761,0.0,0.0,0.25,0.0,0.0,0.0,0.0,0.1,0.1,0.1,0.1,0.08,0.1,0.2,0.25,0.0,0.0,0.2,0.25
3768,0.0,0.0,0.2,0.0,0.0,0.0,0.0,0.1,0.1,0.0,0.0,0.2,0.25,0.2,0.25,0.0,0.0,0.2,0.25
3775,0.0,0.0,0.25,0.0,0.0,0.0,0.0,0.12,0.1,0.0,0.0,0.25,0.25,0.25,0.25,0.0,0.0,0.25,0.25
3781,0.0,0.0,0.25,0.0,0.0,0.0,0.0,0.0,0.0,0.12,0.1,0.0,0.0,0.2,0.25,0.12,0.1,0.08,0.1
3788,0.0,0.0,0.2,0.0,0.0,0.0,0.0,0.0,0.0,0.0,0.0,0.08,0.1,0.2,0.25,0.12,0.1,0.08,0.1
3796,0.0,0.0,0.2,0.0,0.0,0.0,0.0,0.0,0.0,0.3,0.25,0.08,0.1,0.2,0.25,0.12,0.1,0.2,0.25
3803,0.0,0.0,0.25,0.0,0.0,0.0,0.0,0.0,0.0,0.1,0.1,0.25,0.25,0.25,0.25,0.1,0.1,0.25,0.25
3810,0.0,0.0,0.2,0.0,0.0,0.1,0.1,0.0,0.0,0.1,0.1,0.0,0.0,0.25,0.25,0.1,0.1,0.1,0.1
3817,0.0,0.0,0.25,0.0,0.0,0.1,0.1,0.0,0.0,0.0,0.0,0.08,0.1,0.2,0.25,0.1,0.1,0.08,0.1
3824,0.0,0.0,0.2,0.0,0.0,0.1,0.1,0.0,0.0,0.1,0.1,0.08,0.1,0.2,0.25,0.1,0.1,0.2,0.25
3831,0.0,0.0,0.25,0.0,0.0,0.12,0.1,0.0,0.0,0.12,0.1,0.1,0.1,0.25,0.25,0.12,0.1,0.25,0.25
3838,0.0,0.0,0.2,0.0,0.0,0.12,0.1,0.0,0.0,0.0,0.0,0.25,0.25,0.25,0.25,0.12,0.1,0.25,0.25
3845,0.0,0.0,0.1,0.0,0.0,0.0,0.0,0.0,0.0,0.0,0.0,0.08,0.1,0.2,0.25,0.3,0.25,0.08,0.1
3853,0.0,0.0,0.25,0.0,0.0,0.0,0.0,0.0,0.0,0.3,0.25,0.2,0.25,0.2,0.25,0.3,0.25,0.08,0.1
3861,0.0,0.0,0.25,0.0,0.0,0.0,0.0,0.0,0.0,0.3,0.25,0.0,0.0,0.2,0.25,0.3,0.25,0.2,0.25
3868,0.0,0.0,0.2,0.0,0.0,0.0,0.0,0.0,0.0,0.12,0.1,0.08,0.1,0.2,0.25,0.3,0.25,0.2,0.25
3875,0.0,0.0,0.25,0.0,0.0,0.0,0.0,0.0,0.0,0.0,0.0,0.25,0.25,0.25,0.25,0.25,0.25,0.25,0.25
3880,0.0,0.0,0.2,0.08,0.1,0.0,0.0,0.0,0.0,0.25,0.25,0.08,0.1,0.2,0.25,0.0,0.0,0.0,0.0
3886,0.0,0.0,0.2,0.1,0.1,0.0,0.0,0.0,0.0,0.3,0.25,0.1,0.1,0.25,0.25,0.0,0.0,0.0,0.0
3893,0.0,0.0,0.25,0.08,0.1,0.0,0.0,0.0,0.0,0.0,0.0,0.0,0.0,0.2,0.25,0.0,0.0,0.08,0.1
3900,0.0,0.0,0.0,0.08,0.1,0.0,0.0,0.0,0.0,0.3,0.25,0.0,0.0,0.2,0.25,0.0,0.0,0.2,0.25
3910,0.0,0.0,0.2,0.1,0.1,0.0,0.0,0.0,0.0,0.3,0.25,0.25,0.25,0.25,0.25,0.0,0.0,0.25,0.25
3917,0.0,0.0,0.25,0.08,0.1,0.0,0.0,0.12,0.1,0.12,0.1,0.0,0.0,0.2,0.25,0.0,0.0,0.2,0.25
3924,0.0,0.0,0.2,0.08,0.1,0.0,0.0,0.12,0.1,0.0,0.0,0.08,0.1,0.2,0.25,0.0,0.0,0.2,0.25
3929,0.0,0.0,0.1,0.08,0.1,0.1,0.1,0.0,0.0,0.1,0.1,0.08,0.1,0.2,0.25,0.0,0.0,0.08,0.1
3936,0.0,0.0,0.08,0.08,0.1,0.1,0.1,0.0,0.0,0.0,0.0,0.2,0.25,0.2,0.25,0.0,0.0,0.08,0.1
3943,0.0,0.0,0.1,0.1,0.1,0.12,0.1,0.0,0.0,0.0,0.0,0.25,0.25,0.25,0.25,0.0,0.0,0.1,0.1
3950,0.0,0.0,0.08,0.1,0.1,0.12,0.1,0.0,0.0,0.0,0.0,0.0,0.0,0.25,0.25,0.0,0.0,0.25,0.25
3957,0.0,0.0,0.0,0.08,0.1,0.12,0.1,0.0,0.0,0.12,0.1,0.08,0.1,0.2,0.25,0.0,0.0,0.2,0.25
3964,0.0,0.0,0.08,0.08,0.1,0.12,0.1,0.0,0.0,0.12,0.1,0.2,0.25,0.2,0.25,0.0,0.0,0.2,0.25
3971,0.0,0.0,0.1,0.1,0.1,0.0,0.0,0.0,0.0,0.1,0.1,0.25,0.25,0.25,0.25,0.1,0.1,0.0,0.0
3977,0.0,0.0,0.25,0.08,0.1,0.0,0.0,0.0,0.0,0.1,0.1,0.0,0.0,0.2,0.25,0.1,0.1,0.2,0.25
3984,0.0,0.0,0.2,0.08,0.1,0.0,0.0,0.0,0.0,0.0,0.0,0.08,0.1,0.2,0.25,0.1,0.1,0.2,0.25
3989,0.0,0.0,0.25,0.08,0.1,0.0,0.0,0.0,0.0,0.0,0.0,0.08,0.1,0.2,0.25,0.12,0.1,0.2,0.25
3996,0.0,0.0,0.2,0.08,0.1,0.12,0.1,0.0,0.0,0.3,0.25,0.0,0.0,0.2,0.25,0.12,0.1,0.08,0.1
4003,0.0,0.0,0.25,0.1,0.1,0.1,0.1,0.0,0.0,0.1,0.1,0.1,0.1,0.25,0.25,0.1,0.1,0.1,0.1
4018,0.0,0.0,0.0,0.1,0.1,0.1,0.1,0.0,0.0,0.0,0.0,0.1,0.1,0.25,0.25,0.1,0.1,0.25,0.25
4027,0.0,0.0,0.25,0.1,0.1,0.1,0.1,0.0,0.0,0.25,0.25,0.25,0.25,0.25,0.25,0.1,0.1,0.25,0.25
4034,0.0,0.0,0.2,0.1,0.1,0.1,0.1,0.1,0.1,0.0,0.0,0.1,0.1,0.25,0.25,0.1,0.1,0.25,0.25
4042,0.0,0.0,0.08,0.1,0.1,0.0,0.0,0.0,0.0,0.0,0.0,0.1,0.1,0.25,0.25,0.25,0.25,0.0,0.0
4052,0.0,0.0,0.08,0.08,0.1,0.0,0.0,0.0,0.0,0.12,0.1,0.2,0.25,0.2,0.25,0.3,0.25,0.0,0.0
4059,0.0,0.0,0.25,0.1,0.1,0.0,0.0,0.0,0.0,0.25,0.25,0.0,0.0,0.25,0.25,0.25,0.25,0.25,0.25
4067,0.0,0.0,0.25,0.1,0.1,0.0,0.0,0.0,0.0,0.1,0.1,0.1,0.1,0.25,0.25,0.25,0.25,0.25,0.25
4073,0.0,0.0,0.25,0.08,0.1,0.0,0.0,0.0,0.0,0.0,0.0,0.2,0.25,0.2,0.25,0.25,0.25,0.2,0.25
4081,0.0,0.0,0.25,0.2,0.25,0.0,0.0,0.0,0.0,0.1,0.1,0.0,0.0,0.2,0.25,0.0,0.0,0.0,0.0
4086,0.0,0.0,0.2,0.25,0.25,0.0,0.0,0.0,0.0,0.12,0.1,0.0,0.0,0.25,0.25,0.0,0.0,0.0,0.0
4093,0.0,0.0,0.1,0.2,0.25,0.0,0.0,0.0,0.0,0.3,0.25,0.08,0.1,0.2,0.25,0.0,0.0,0.0,0.0
4102,0.0,0.0,0.2,0.25,0.25,0.0,0.0,0.0,0.0,0.12,0.1,0.0,0.0,0.25,0.25,0.0,0.0,0.1,0.1
4107,0.0,0.0,0.25,0.25,0.25,0.0,0.0,0.0,0.0,0.0,0.0,0.1,0.1,0.25,0.25,0.0,0.0,0.1,0.1
4115,0.0,0.0,0.1,0.25,0.25,0.0,0.0,0.0,0.0,0.25,0.25,0.25,0.25,0.25,0.25,0.0,0.0,0.1,0.1
4122,0.0,0.0,0.2,0.25,0.25,0.0,0.0,0.0,0.0,0.25,0.25,0.1,0.1,0.25,0.25,0.0,0.0,0.25,0.25
4129,0.0,0.0,0.25,0.2,0.25,0.0,0.0,0.0,0.0,0.1,0.1,0.2,0.25,0.2,0.25,0.0,0.0,0.2,0.25
4135,0.0,0.0,0.25,0.25,0.25,0.0,0.0,0.0,0.0,0.12,0.1,0.25,0.25,0.25,0.25,0.0,0.0,0.25,0.25
4141,0.0,0.0,0.25,0.2,0.25,0.0,0.0,0.12,0.1,0.0,0.0,0.0,0.0,0.2,0.25,0.0,0.0,0.2,0.25
4146,0.1,0.1,0.08,0.25,0.25,0.0,0.0,0.0,0.0,0.25,0.25,0.0,0.0,0.25,0.25,0.0,0.0,0.25,0.25
4164,0.0,0.0,0.2,0.2,0.25,0.12,0.1,0.0,0.0,0.3,0.25,0.0,0.0,0.2,0.25,0.0,0.0,0.08,0.1
4171,0.0,0.0,0.25,0.25,0.25,0.1,0.1,0.0,0.0,0.0,0.0,0.1,0.1,0.25,0.25,0.0,0.0,0.1,0.1
4179,0.0,0.0,0.25,0.25,0.25,0.1,0.1,0.1,0.1,0.25,0.25,0.25,0.25,0.25,0.25,0.0,0.0,0.1,0.1
4189,0.0,0.0,0.0,0.2,0.25,0.12,0.1,0.0,0.0,0.0,0.0,0.0,0.0,0.2,0.25,0.0,0.0,0.2,0.25
4198,0.0,0.0,0.2,0.25,0.25,0.12,0.1,0.0,0.0,0.12,0.1,0.1,0.1,0.25,0.25,0.0,0.0,0.25,0.25
4205,0.0,0.0,0.25,0.2,0.25,0.12,0.1,0.0,0.0,0.0,0.0,0.2,0.25,0.2,0.25,0.0,0.0,0.2,0.25
4213,0.0,0.0,0.1,0.2,0.25,0.12,0.1,0.12,0.1,0.0,0.0,0.2,0.25,0.2,0.25,0.0,0.0,0.2,0.25
4220,0.0,0.0,0.08,0.2,0.25,0.0,0.0,0.0,0.0,0.12,0.1,0.08,0.1,0.2,0.25,0.12,0.1,0.0,0.0
4224,0.0,0.0,0.08,0.2,0.25,0.0,0.0,0.0,0.0,0.0,0.0,0.2,0.25,0.2,0.25,0.1,0.1,0.0,0.0
4231,0.0,0.0,0.1,0.25,0.25,0.0,0.0,0.0,0.0,0.0,0.0,0.25,0.25,0.25,0.25,0.12,0.1,0.0,0.0
4242,0.0,0.0,0.08,0.25,0.25,0.0,0.0,0.0,0.0,0.25,0.25,0.1,0.1,0.25,0.25,0.1,0.1,0.1,0.1
4249,0.0,0.0,0.1,0.2,0.25,0.0,0.0,0.0,0.0,0.0,0.0,0.2,0.25,0.2,0.25,0.1,0.1,0.08,0.1
4255,0.0,0.0,0.1,0.25,0.25,0.0,0.0,0.0,0.0,0.0,0.0,0.25,0.25,0.25,0.25,0.12,0.1,0.1,0.1
4270,0.0,0.0,0.2,0.25,0.25,0.12,0.1,0.0,0.0,0.0,0.0,0.0,0.0,0.25,0.25,0.12,0.1,0.1,0.1
4277,0.0,0.0,0.25,0.2,0.25,0.12,0.1,0.0,0.0,0.0,0.0,0.0,0.0,0.2,0.25,0.12,0.1,0.2,0.25
4292,0.0,0.0,0.2,0.2,0.25,0.12,0.1,0.12,0.1,0.3,0.25,0.0,0.0,0.2,0.25,0.12,0.1,0.2,0.25
4299,0.0,0.0,0.25,0.25,0.25,0.1,0.1,0.1,0.1,0.1,0.1,0.1,0.1,0.25,0.25,0.1,0.1,0.25,0.25
4306,0.1,0.1,0.2,0.25,0.25,0.1,0.1,0.0,0.0,0.0,0.0,0.25,0.25,0.25,0.25,0.1,0.1,0.25,0.25
4311,0.12,0.1,0.25,0.25,0.25,0.12,0.1,0.0,0.0,0.0,0.0,0.25,0.25,0.25,0.25,0.12,0.1,0.25,0.25
4318,0.0,0.0,0.2,0.25,0.25,0.0,0.0,0.0,0.0,0.0,0.0,0.25,0.25,0.25,0.25,0.3,0.25,0.0,0.0
4333,0.0,0.0,0.25,0.2,0.25,0.0,0.0,0.0,0.0,0.12,0.1,0.2,0.25,0.2,0.25,0.3,0.25,0.08,0.1
4340,0.0,0.0,0.08,0.2,0.25,0.0,0.0,0.0,0.0,0.12,0.1,0.08,0.1,0.2,0.25,0.3,0.25,0.2,0.25
4347,0.0,0.0,0.1,0.25,0.25,0.0,0.0,0.0,0.0,0.1,0.1,0.25,0.25,0.25,0.25,0.25,0.25,0.25,0.25
4354,0.0,0.0,0.2,0.25,0.25,0.25,0.25,0.0,0.0,0.0,0.0,0.0,0.0,0.25,0.25,0.25,0.25,0.25,0.25
4360,0.0,0.0,0.2,0.2,0.25,0.0,0.0,0.0,0.0,0.1,0.1,0.2,0.25,0.0,0.0,0.0,0.0,0.2,0.25
4370,0.0,0.0,0.2,0.0,0.0,0.0,0.0,0.0,0.0,0.1,0.1,0.25,0.25,0.1,0.1,0.0,0.0,0.25,0.25
4377,0.0,0.0,0.25,0.08,0.1,0.0,0.0,0.0,0.0,0.1,0.1,0.08,0.1,0.08,0.1,0.0,0.0,0.08,0.1
4384,0.0,0.0,0.2,0.08,0.1,0.0,0.0,0.0,0.0,0.0,0.0,0.2,0.25,0.08,0.1,0.0,0.0,0.08,0.1
4391,0.0,0.0,0.25,0.1,0.1,0.0,0.0,0.0,0.0,0.0,0.0,0.25,0.25,0.1,0.1,0.0,0.0,0.1,0.1
4397,0.0,0.0,0.25,0.08,0.1,0.12,0.1,0.0,0.0,0.12,0.1,0.2,0.25,0.08,0.1,0.12,0.1,0.2,0.25
4403,0.0,0.0,0.25,0.25,0.25,0.0,0.0,0.0,0.0,0.0,0.0,0.1,0.1,0.1,0.1,0.0,0.0,0.1,0.1
4410,0.0,0.0,0.08,0.25,0.25,0.0,0.0,0.0,0.0,0.1,0.1,0.1,0.1,0.1,0.1,0.0,0.0,0.25,0.25
4415,0.0,0.0,0.1,0.25,0.25,0.0,0.0,0.0,0.0,0.12,0.1,0.1,0.1,0.1,0.1,0.0,0.0,0.25,0.25
4421,0.0,0.0,0.25,0.2,0.25,0.12,0.1,0.0,0.0,0.0,0.0,0.2,0.25,0.08,0.1,0.0,0.0,0.0,0.0
4428,0.0,0.0,0.2,0.2,0.25,0.12,0.1,0.12,0.1,0.0,0.0,0.0,0.0,0.08,0.1,0.0,0.0,0.2,0.25
4436,0.0,0.0,0.08,0.2,0.25,0.0,0.0,0.0,0.0,0.12,0.1,0.2,0.25,0.08,0.1,0.12,0.1,0.2,0.25
4443,0.0,0.0,0.25,0.0,0.0,0.0,0.0,0.0,0.0,0.0,0.0,0.0,0.0,0.25,0.25,0.0,0.0,0.1,0.1
4450,0.0,0.0,0.0,0.0,0.0,0.0,0.0,0.0,0.0,0.25,0.25,0.0,0.0,0.25,0.25,0.0,0.0,0.25,0.25
4457,0.0,0.0,0.0,0.0,0.0,0.0,0.0,0.0,0.0,0.25,0.25,0.2,0.25,0.2,0.25,0.0,0.0,0.2,0.25
4466,0.0,0.0,0.2,0.0,0.0,0.1,0.1,0.0,0.0,0.0,0.0,0.1,0.1,0.25,0.25,0.0,0.0,0.25,0.25
4473,0.0,0.0,0.1,0.0,0.0,0.1,0.1,0.0,0.0,0.0,0.0,0.2,0.25,0.2,0.25,0.0,0.0,0.2,0.25
4480,0.0,0.0,0.08,0.0,0.0,0.0,0.0,0.0,0.0,0.0,0.0,0.2,0.25,0.2,0.25,0.1,0.1,0.0,0.0
4488,0.0,0.0,0.2,0.0,0.0,0.0,0.0,0.0,0.0,0.25,0.25,0.0,0.0,0.2,0.25,0.1,0.1,0.08,0.1
4494,0.0,0.0,0.2,0.0,0.0,0.0,0.0,0.0,0.0,0.3,0.25,0.0,0.0,0.25,0.25,0.12,0.1,0.1,0.1
4501,0.0,0.0,0.25,0.0,0.0,0.0,0.0,0.0,0.0,0.12,0.1,0.08,0.1,0.2,0.25,0.12,0.1,0.08,0.1
4508,0.0,0.0,0.2,0.0,0.0,0.0,0.0,0.0,0.0,0.0,0.0,0.2,0.25,0.2,0.25,0.12,0.1,0.08,0.1
4516,0.0,0.0,0.2,0.0,0.0,0.0,0.0,0.0,0.0,0.3,0.25,0.0,0.0,0.2,0.25,0.12,0.1,0.2,0.25
4526,0.0,0.0,0.2,0.0,0.0,0.0,0.0,0.0,0.0,0.12,0.1,0.1,0.1,0.25,0.25,0.12,0.1,0.25,0.25
4532,0.0,0.0,0.2,0.0,0.0,0.0,0.0,0.0,0.0,0.0,0.0,0.2,0.25,0.2,0.25,0.12,0.1,0.2,0.25
4539,0.0,0.0,0.1,0.0,0.0,0.1,0.1,0.0,0.0,0.25,0.25,0.0,0.0,0.25,0.25,0.1,0.1,0.25,0.25
4546,0.0,0.0,0.08,0.0,0.0,0.1,0.1,0.0,0.0,0.0,0.0,0.1,0.1,0.25,0.25,0.1,0.1,0.25,0.25
4557,0.0,0.0,0.0,0.0,0.0,0.12,0.1,0.0,0.0,0.0,0.0,0.2,0.25,0.2,0.25,0.12,0.1,0.2,0.25
4566,0.0,0.0,0.2,0.0,0.0,0.12,0.1,0.0,0.0,0.3,0.25,0.25,0.25,0.25,0.25,0.12,0.1,0.25,0.25
4573,0.0,0.0,0.25,0.0,0.0,0.12,0.1,0.12,0.1,0.0,0.0,0.2,0.25,0.2,0.25,0.12,0.1,0.2,0.25
4580,0.0,0.0,0.08,0.0,0.0,0.0,0.0,0.0,0.0,0.3,0.25,0.08,0.1,0.2,0.25,0.3,0.25,0.08,0.1
4587,0.0,0.0,0.1,0.0,0.0,0.0,0.0,0.0,0.0,0.1,0.1,0.25,0.25,0.25,0.25,0.25,0.25,0.1,0.1
4592,0.0,0.0,0.2,0.0,0.0,0.0,0.0,0.0,0.0,0.25,0.25,0.08,0.1,0.2,0.25,0.25,0.25,0.2,0.25
4598,0.0,0.0,0.2,0.0,0.0,0.0,0.0,0.0,0.0,0.3,0.25,0.1,0.1,0.25,0.25,0.3,0.25,0.25,0.25
4608,0.0,0.0,0.2,0.08,0.1,0.0,0.0,0.0,0.0,0.1,0.1,0.0,0.0,0.2,0.25,0.0,0.0,0.08,0.1
4616,0.0,0.0,0.2,0.08,0.1,0.0,0.0,0.0,0.0,0.0,0.0,0.08,0.1,0.2,0.25,0.0,0.0,0.08,0.1
4620,0.0,0.0,0.2,0.08,0.1,0.0,0.0,0.0,0.0,0.0,0.0,0.08,0.1,0.2,0.25,0.0,0.0,0.08,0.1
4627,0.0,0.0,0.25,0.1,0.1,0.0,0.0,0.1,0.1,0.25,0.25,0.1,0.1,0.25,0.25,0.0,0.0,0.1,0.1
4634,0.0,0.0,0.2,0.1,0.1,0.0,0.0,0.1,0.1,0.25,0.25,0.0,0.0,0.25,0.25,0.0,0.0,0.25,0.25
4641,0.0,0.0,0.25,0.08,0.1,0.0,0.0,0.1,0.1,0.1,0.1,0.08,0.1,0.2,0.25,0.0,0.0,0.2,0.25
4648,0.0,0.0,0.2,0.08,0.1,0.1,0.1,0.0,0.0,0.0,0.0,0.2,0.25,0.2,0.25,0.0,0.0,0.0,0.0
4658,0.0,0.0,0.08,0.1,0.1,0.1,0.1,0.0,0.0,0.0,0.0,0.1,0.1,0.25,0.25,0.0,0.0,0.1,0.1
4675,0.0,0.0,0.25,0.1,0.1,0.1,0.1,0.0,0.0,0.25,0.25,0.25,0.25,0.25,0.25,0.0,0.0,0.1,0.1
4682,0.0,0.0,0.2,0.1,0.1,0.1,0.1,0.0,0.0,0.1,0.1,0.25,0.25,0.25,0.25,0.0,0.0,0.25,0.25
4687,0.0,0.0,0.25,0.1,0.1,0.12,0.1,0.0,0.0,0.12,0.1,0.25,0.25,0.25,0.25,0.0,0.0,0.25,0.25
4696,0.0,0.0,0.2,0.08,0.1,0.0,0.0,0.0,0.0,0.0,0.0,0.0,0.0,0.2,0.25,0.1,0.1,0.08,0.1
4703,0.0,0.0,0.25,0.1,0.1,0.0,0.0,0.0,0.0,0.0,0.0,0.0,0.0,0.25,0.25,0.12,0.1,0.1,0.1
4712,0.0,0.0,0.08,0.08,0.1,0.0,0.0,0.0,0.0,0.1,0.1,0.2,0.25,0.2,0.25,0.1,0.1,0.08,0.1
4719,0.0,0.0,0.1,0.1,0.1,0.0,0.0,0.0,0.0,0.12,0.1,0.25,0.25,0.25,0.25,0.12,0.1,0.1,0.1
4725,0.0,0.0,0.25,0.08,0.1,0.0,0.0,0.0,0.0,0.3,0.25,0.2,0.25,0.2,0.25,0.12,0.1,0.2,0.25
4732,0.0,0.0,0.2,0.08,0.1,0.12,0.1,0.0,0.0,0.12,0.1,0.0,0.0,0.2,0.25,0.12,0.1,0.08,0.1
4739,0.0,0.0,0.25,0.1,0.1,0.1,0.1,0.0,0.0,0.0,0.0,0.1,0.1,0.25,0.25,0.1,0.1,0.1,0.1
4746,0.0,0.0,0.2,0.1,0.1,0.1,0.1,0.0,0.0,0.0,0.0,0.0,0.0,0.25,0.25,0.1,0.1,0.25,0.25
4753,0.0,0.0,0.1,0.08,0.1,0.1,0.1,0.0,0.0,0.25,0.25,0.08,0.1,0.2,0.25,0.1,0.1,0.2,0.25
4763,0.0,0.0,0.25,0.1,0.1,0.1,0.1,0.1,0.1,0.1,0.1,0.25,0.25,0.25,0.25,0.1,0.1,0.25,0.25
4776,0.0,0.0,0.2,0.08,0.1,0.0,0.0,0.0,0.0,0.1,0.1,0.0,0.0,0.2,0.25,0.25,0.25,0.08,0.1
4788,0.0,0.0,0.2,0.08,0.1,0.0,0.0,0.0,0.0,0.0,0.0,0.08,0.1,0.2,0.25,0.3,0.25,0.08,0.1
4794,0.0,0.0,0.08,0.1,0.1,0.0,0.0,0.0,0.0,0.25,0.25,0.25,0.25,0.25,0.25,0.25,0.25,0.1,0.1
4802,0.0,0.0,0.08,0.1,0.1,0.0,0.0,0.0,0.0,0.1,0.1,0.1,0.1,0.25,0.25,0.25,0.25,0.25,0.25
4810,0.0,0.0,0.08,0.1,0.1,0.0,0.0,0.0,0.0,0.0,0.0,0.25,0.25,0.25,0.25,0.25,0.25,0.25,0.25
4815,0.0,0.0,0.1,0.1,0.1,0.0,0.0,0.0,0.0,0.0,0.0,0.25,0.25,0.25,0.25,0.3,0.25,0.25,0.25
4823,0.0,0.0,0.25,0.25,0.25,0.0,0.0,0.0,0.0,0.12,0.1,0.25,0.25,0.25,0.25,0.0,0.0,0.0,0.0
4830,0.0,0.0,0.2,0.25,0.25,0.0,0.0,0.0,0.0,0.3,0.25,0.1,0.1,0.25,0.25,0.0,0.0,0.1,0.1
4835,0.0,0.0,0.25,0.25,0.25,0.0,0.0,0.0,0.0,0.1,0.1,0.25,0.25,0.25,0.25,0.0,0.0,0.1,0.1
4846,0.0,0.0,0.2,0.25,0.25,0.0,0.0,0.12,0.1,0.0,0.0,0.0,0.0,0.25,0.25,0.0,0.0,0.1,0.1
4852,0.0,0.0,0.2,0.2,0.25,0.0,0.0,0.0,0.0,0.0,0.0,0.0,0.0,0.2,0.25,0.0,0.0,0.2,0.25
4859,0.0,0.0,0.1,0.25,0.25,0.1,0.1,0.0,0.0,0.0,0.0,0.0,0.0,0.25,0.25,0.0,0.0,0.1,0.1
4866,0.0,0.0,0.0,0.25,0.25,0.1,0.1,0.0,0.0,0.0,0.0,0.1,0.1,0.25,0.25,0.0,0.0,0.1,0.1
4875,0.0,0.0,0.25,0.25,0.25,0.1,0.1,0.0,0.0,0.25,0.25,0.1,0.1,0.25,0.25,0.0,0.0,0.1,0.1
4882,0.0,0.0,0.2,0.25,0.25,0.1,0.1,0.0,0.0,0.1,0.1,0.25,0.25,0.25,0.25,0.0,0.0,0.1,0.1
4889,0.0,0.0,0.1,0.2,0.25,0.1,0.1,0.0,0.0,0.1,0.1,0.0,0.0,0.2,0.25,0.0,0.0,0.2,0.25
4896,0.0,0.0,0.0,0.2,0.25,0.1,0.1,0.0,0.0,0.25,0.25,0.08,0.1,0.2,0.25,0.0,0.0,0.2,0.25
4903,0.0,0.0,0.0,0.25,0.25,0.12,0.1,0.0,0.0,0.3,0.25,0.1,0.1,0.25,0.25,0.0,0.0,0.25,0.25
4915,0.0,0.0,0.25,0.25,0.25,0.1,0.1,0.0,0.0,0.25,0.25,0.25,0.25,0.25,0.25,0.0,0.0,0.25,0.25
4922,0.0,0.0,0.2,0.25,0.25,0.1,0.1,0.1,0.1,0.1,0.1,0.25,0.25,0.25,0.25,0.0,0.0,0.25,0.25
4935,0.0,0.0,0.0,0.25,0.25,0.0,0.0,0.0,0.0,0.12,0.1,0.25,0.25,0.25,0.25,0.12,0.1,0.0,0.0
4943,0.0,0.0,0.25,0.25,0.25,0.0,0.0,0.0,0.0,0.12,0.1,0.0,0.0,0.25,0.25,0.12,0.1,0.1,0.1
4959,0.0,0.0,0.1,0.25,0.25,0.0,0.0,0.0,0.0,0.3,0.25,0.25,0.25,0.25,0.25,0.12,0.1,0.1,0.1
4966,0.0,0.0,0.2,0.25,0.25,0.0,0.0,0.0,0.0,0.0,0.0,0.0,0.0,0.25,0.25,0.12,0.1,0.25,0.25
4975,0.0,0.0,0.25,0.25,0.25,0.0,0.0,0.0,0.0,0.0,0.0,0.1,0.1,0.25,0.25,0.12,0.1,0.25,0.25
4983,0.0,0.0,0.25,0.25,0.25,0.0,0.0,0.12,0.1,0.3,0.25,0.25,0.25,0.25,0.25,0.12,0.1,0.25,0.25
4993,0.0,0.0,0.25,0.2,0.25,0.1,0.1,0.0,0.0,0.25,0.25,0.0,0.0,0.2,0.25,0.1,0.1,0.2,0.25
4999,0.0,0.0,0.25,0.25,0.25,0.12,0.1,0.0,0.0,0.3,0.25,0.0,0.0,0.25,0.25,0.12,0.1,0.25,0.25
5006,0.0,0.0,0.2,0.25,0.25,0.12,0.1,0.0,0.0,0.12,0.1,0.1,0.1,0.25,0.25,0.12,0.1,0.25,0.25
5012,0.0,0.0,0.2,0.2,0.25,0.12,0.1,0.0,0.0,0.0,0.0,0.2,0.25,0.2,0.25,0.12,0.1,0.2,0.25
5027,0.0,0.0,0.25,0.25,0.25,0.0,0.0,0.0,0.0,0.25,0.25,0.25,0.25,0.25,0.25,0.25,0.25,0.1,0.1
5032,0.0,0.0,0.2,0.2,0.25,0.0,0.0,0.0,0.0,0.25,0.25,0.08,0.1,0.2,0.25,0.25,0.25,0.2,0.25
5039,0.0,0.0,0.25,0.25,0.25,0.0,0.0,0.0,0.0,0.3,0.25,0.1,0.1,0.25,0.25,0.3,0.25,0.25,0.25
5045,0.0,0.0,0.25,0.2,0.25,0.0,0.0,0.0,0.0,0.12,0.1,0.2,0.25,0.2,0.25,0.3,0.25,0.2,0.25
5051,0.0,0.0,0.25,0.25,0.25,0.25,0.25,0.0,0.0,0.1,0.1,0.0,0.0,0.25,0.25,0.25,0.25,0.25,0.25
