3,0.0,0.0,0.1,0.0,0.0,0.0,0.0,0.0,0.0,0.0,0.0,0.0,0.0,0.1,0.1,0.0,0.0,0.25,0.25
10,0.0,0.0,0.2,0.1,0.1,0.0,0.0,0.0,0.0,0.1,0.1,0.25,0.25,0.1,0.1,0.0,0.0,0.1,0.1
17,0.0,0.0,0.1,0.08,0.1,0.0,0.0,0.0,0.0,0.25,0.25,0.0,0.0,0.08,0.1,0.0,0.0,0.2,0.25
25,0.0,0.0,0.25,0.2,0.25,0.0,0.0,0.0,0.0,0.1,0.1,0.0,0.0,0.08,0.1,0.0,0.0,0.0,0.0
32,0.0,0.0,0.2,0.2,0.25,0.0,0.0,0.0,0.0,0.25,0.25,0.08,0.1,0.08,0.1,0.0,0.0,0.08,0.1
39,0.0,0.0,0.25,0.25,0.25,0.0,0.0,0.0,0.0,0.3,0.25,0.1,0.1,0.1,0.1,0.0,0.0,0.1,0.1
46,0.0,0.0,0.2,0.25,0.25,0.0,0.0,0.0,0.0,0.12,0.1,0.25,0.25,0.1,0.1,0.0,0.0,0.1,0.1
51,0.0,0.0,0.1,0.25,0.25,0.1,0.1,0.0,0.0,0.1,0.1,0.1,0.1,0.1,0.1,0.0,0.0,0.25,0.25
58,0.0,0.0,0.08,0.25,0.25,0.0,0.0,0.0,0.0,0.0,0.0,0.25,0.25,0.1,0.1,0.1,0.1,0.25,0.25
63,0.0,0.0,0.1,0.25,0.25,0.0,0.0,0.0,0.0,0.0,0.0,0.25,0.25,0.1,0.1,0.12,0.1,0.25,0.25
71,0.0,0.0,0.25,0.25,0.25,0.0,0.0,0.0,0.0,0.0,0.0,0.25,0.25,0.1,0.1,0.3,0.25,0.25,0.25
78,0.0,0.0,0.2,0.0,0.0,0.0,0.0,0.0,0.0,0.0,0.0,0.0,0.0,0.25,0.25,0.0,0.0,0.0,0.0
85,0.0,0.0,0.25,0.0,0.0,0.0,0.0,0.0,0.0,0.0,0.0,0.08,0.1,0.2,0.25,0.0,0.0,0.0,0.0
92,0.0,0.0,0.08,0.0,0.0,0.0,0.0,0.0,0.0,0.3,0.25,0.0,0.0,0.2,0.25,0.0,0.0,0.08,0.1
99,0.0,0.0,0.25,0.0,0.0,0.0,0.0,0.1,0.1,0.0,0.0,0.25,0.25,0.25,0.25,0.0,0.0,0.1,0.1
107,0.0,0.0,0.25,0.0,0.0,0.0,0.0,0.0,0.0,0.0,0.0,0.0,0.0,0.25,0.25,0.0,0.0,0.25,0.25
114,0.0,0.0,0.08,0.0,0.0,0.0,0.0,0.0,0.0,0.25,0.25,0.1,0.1,0.25,0.25,0.0,0.0,0.25,0.25
121,0.0,0.0,0.1,0.0,0.0,0.1,0.1,0.0,0.0,0.0,0.0,0.2,0.25,0.2,0.25,0.0,0.0,0.08,0.1
127,0.0,0.0,0.1,0.0,0.0,0.12,0.1,0.0,0.0,0.0,0.0,0.25,0.25,0.25,0.25,0.0,0.0,0.1,0.1
134,0.0,0.0,0.08,0.0,0.0,0.0,0.0,0.0,0.0,0.12,0.1,0.25,0.25,0.25,0.25,0.12,0.1,0.0,0.0
141,0.0,0.0,0.25,0.0,0.0,0.0,0.0,0.0,0.0,0.12,0.1,0.0,0.0,0.2,0.25,0.12,0.1,0.2,0.25
148,0.0,0.0,0.2,0.0,0.0,0.0,0.0,0.0,0.0,0.0,0.0,0.08,0.1,0.2,0.25,0.12,0.1,0.2,0.25
155,0.0,0.0,0.25,0.0,0.0,0.1,0.1,0.0,0.0,0.25,0.25,0.0,0.0,0.25,0.25,0.1,0.1,0.1,0.1
162,0.0,0.0,0.2,0.0,0.0,0.1,0.1,0.0,0.0,0.1,0.1,0.1,0.1,0.25,0.25,0.1,0.1,0.1,0.1
168,0.0,0.0,0.2,0.0,0.0,0.1,0.1,0.0,0.0,0.0,0.0,0.2,0.25,0.2,0.25,0.1,0.1,0.08,0.1
175,0.0,0.0,0.25,0.0,0.0,0.12,0.1,0.0,0.0,0.0,0.0,0.25,0.25,0.25,0.25,0.12,0.1,0.1,0.1
182,0.0,0.0,0.2,0.0,0.0,0.12,0.1,0.0,0.0,0.0,0.0,0.0,0.0,0.25,0.25,0.12,0.1,0.25,0.25
188,0.0,0.0,0.08,0.0,0.0,0.12,0.1,0.0,0.0,0.12,0.1,0.08,0.1,0.2,0.25,0.12,0.1,0.2,0.25
211,0.0,0.0,0.1,0.0,0.0,0.0,0.0,0.0,0.0,0.0,0.0,0.25,0.25,0.25,0.25,0.25,0.25,0.25,0.25
218,0.0,0.0,0.2,0.1,0.1,0.0,0.0,0.0,0.0,0.1,0.1,0.0,0.0,0.25,0.25,0.0,0.0,0.0,0.0
225,0.0,0.0,0.25,0.08,0.1,0.0,0.0,0.0,0.0,0.0,0.0,0.08,0.1,0.2,0.25,0.0,0.0,0.0,0.0
232,0.0,0.0,0.2,0.08,0.1,0.0,0.0,0.0,0.0,0.25,0.25,0.08,0.1,0.2,0.25,0.0,0.0,0.08,0.1
239,0.0,0.0,0.25,0.1,0.1,0.0,0.0,0.0,0.0,0.3,0.25,0.1,0.1,0.25,0.25,0.0,0.0,0.1,0.1
246,0.0,0.0,0.2,0.1,0.1,0.0,0.0,0.0,0.0,0.12,0.1,0.25,0.25,0.25,0.25,0.0,0.0,0.1,0.1
253,0.0,0.0,0.25,0.08,0.1,0.0,0.0,0.12,0.1,0.0,0.0,0.0,0.0,0.2,0.25,0.0,0.0,0.08,0.1
260,0.0,0.0,0.2,0.08,0.1,0.0,0.0,0.0,0.0,0.3,0.25,0.08,0.1,0.2,0.25,0.0,0.0,0.2,0.25
265,0.0,0.0,0.25,0.08,0.1,0.0,0.0,0.0,0.0,0.1,0.1,0.2,0.25,0.2,0.25,0.0,0.0,0.2,0.25
272,0.0,0.0,0.2,0.08,0.1,0.0,0.0,0.1,0.1,0.0,0.0,0.0,0.0,0.2,0.25,0.0,0.0,0.2,0.25
278,0.0,0.0,0.2,0.1,0.1,0.0,0.0,0.12,0.1,0.0,0.0,0.0,0.0,0.25,0.25,0.0,0.0,0.25,0.25
287,0.0,0.0,0.1,0.1,0.1,0.12,0.1,0.0,0.0,0.0,0.0,0.0,0.0,0.25,0.25,0.0,0.0,0.1,0.1
293,0.0,0.0,0.25,0.08,0.1,0.12,0.1,0.0,0.0,0.12,0.1,0.2,0.25,0.2,0.25,0.0,0.0,0.08,0.1
301,0.0,0.0,0.1,0.08,0.1,0.12,0.1,0.0,0.0,0.3,0.25,0.0,0.0,0.2,0.25,0.0,0.0,0.2,0.25
308,0.0,0.0,0.08,0.08,0.1,0.12,0.1,0.0,0.0,0.3,0.25,0.08,0.1,0.2,0.25,0.0,0.0,0.2,0.25
315,0.0,0.0,0.25,0.1,0.1,0.0,0.0,0.0,0.0,0.0,0.0,0.25,0.25,0.25,0.25,0.1,0.1,0.0,0.0
320,0.0,0.0,0.2,0.08,0.1,0.0,0.0,0.0,0.0,0.25,0.25,0.2,0.25,0.2,0.25,0.1,0.1,0.08,0.1
327,0.0,0.0,0.25,0.1,0.1,0.0,0.0,0.0,0.0,0.3,0.25,0.25,0.25,0.25,0.25,0.12,0.1,0.1,0.1
335,0.0,0.0,0.25,0.1,0.1,0.0,0.0,0.0,0.0,0.0,0.0,0.0,0.0,0.25,0.25,0.12,0.1,0.25,0.25
345,0.0,0.0,0.1,0.08,0.1,0.1,0.1,0.0,0.0,0.25,0.25,0.0,0.0,0.2,0.25,0.1,0.1,0.2,0.25
352,0.0,0.0,0.2,0.08,0.1,0.0,0.0,0.0,0.0,0.1,0.1,0.08,0.1,0.2,0.25,0.25,0.25,0.08,0.1
359,0.0,0.0,0.25,0.1,0.1,0.0,0.0,0.0,0.0,0.12,0.1,0.1,0.1,0.25,0.25,0.3,0.25,0.1,0.1
365,0.0,0.0,0.25,0.08,0.1,0.0,0.0,0.0,0.0,0.0,0.0,0.2,0.25,0.2,0.25,0.3,0.25,0.08,0.1
371,0.0,0.0,0.25,0.1,0.1,0.0,0.0,0.0,0.0,0.1,0.1,0.0,0.0,0.25,0.25,0.25,0.25,0.25,0.25
377,0.0,0.0,0.25,0.08,0.1,0.0,0.0,0.0,0.0,0.0,0.0,0.08,0.1,0.2,0.25,0.25,0.25,0.2,0.25
383,0.0,0.0,0.25,0.1,0.1,0.0,0.0,0.0,0.0,0.0,0.0,0.1,0.1,0.25,0.25,0.3,0.25,0.25,0.25
389,0.0,0.0,0.1,0.08,0.1,0.0,0.0,0.0,0.0,0.3,0.25,0.2,0.25,0.2,0.25,0.3,0.25,0.2,0.25
396,0.0,0.0,0.2,0.2,0.25,0.0,0.0,0.0,0.0,0.3,0.25,0.2,0.25,0.2,0.25,0.0,0.0,0.0,0.0
406,0.12,0.1,0.2,0.25,0.25,0.0,0.0,0.0,0.0,0.0,0.0,0.25,0.25,0.25,0.25,0.0,0.0,0.0,0.0
414,0.0,0.0,0.2,0.25,0.25,0.0,0.0,0.0,0.0,0.3,0.25,0.25,0.25,0.25,0.25,0.0,0.0,0.1,0.1
423,0.0,0.0,0.25,0.25,0.25,0.0,0.0,0.12,0.1,0.12,0.1,0.0,0.0,0.25,0.25,0.0,0.0,0.1,0.1
430,0.0,0.0,0.2,0.25,0.25,0.0,0.0,0.12,0.1,0.3,0.25,0.0,0.0,0.25,0.25,0.0,0.0,0.25,0.25
437,0.0,0.0,0.25,0.2,0.25,0.12,0.1,0.0,0.0,0.12,0.1,0.0,0.0,0.2,0.25,0.0,0.0,0.0,0.0
444,0.0,0.0,0.2,0.2,0.25,0.12,0.1,0.0,0.0,0.0,0.0,0.08,0.1,0.2,0.25,0.0,0.0,0.0,0.0
453,0.0,0.0,0.0,0.2,0.25,0.12,0.1,0.0,0.0,0.12,0.1,0.08,0.1,0.2,0.25,0.0,0.0,0.08,0.1
464,0.0,0.0,0.08,0.2,0.25,0.1,0.1,0.0,0.0,0.1,0.1,0.08,0.1,0.2,0.25,0.0,0.0,0.2,0.25
471,0.0,0.0,0.1,0.25,0.25,0.12,0.1,0.0,0.0,0.12,0.1,0.1,0.1,0.25,0.25,0.0,0.0,0.25,0.25
486,0.0,0.0,0.08,0.25,0.25,0.12,0.1,0.12,0.1,0.3,0.25,0.25,0.25,0.25,0.25,0.0,0.0,0.25,0.25
494,0.12,0.1,0.08,0.25,0.25,0.12,0.1,0.0,0.0,0.3,0.25,0.25,0.25,0.25,0.25,0.0,0.0,0.25,0.25
503,0.0,0.0,0.0,0.25,0.25,0.0,0.0,0.0,0.0,0.0,0.0,0.25,0.25,0.25,0.25,0.12,0.1,0.0,0.0
510,0.0,0.0,0.2,0.25,0.25,0.0,0.0,0.0,0.0,0.3,0.25,0.0,0.0,0.25,0.25,0.12,0.1,0.25,0.25
517,0.0,0.0,0.25,0.2,0.25,0.0,0.0,0.0,0.0,0.12,0.1,0.08,0.1,0.2,0.25,0.12,0.1,0.2,0.25
524,0.0,0.0,0.2,0.2,0.25,0.0,0.0,0.0,0.0,0.0,0.0,0.2,0.25,0.2,0.25,0.12,0.1,0.2,0.25
530,0.0,0.0,0.2,0.25,0.25,0.1,0.1,0.0,0.0,0.1,0.1,0.0,0.0,0.25,0.25,0.1,0.1,0.25,0.25
539,0.0,0.0,0.25,0.25,0.25,0.1,0.1,0.0,0.0,0.1,0.1,0.25,0.25,0.25,0.25,0.1,0.1,0.25,0.25
546,0.0,0.0,0.2,0.25,0.25,0.1,0.1,0.1,0.1,0.0,0.0,0.0,0.0,0.25,0.25,0.1,0.1,0.25,0.25
570,0.0,0.0,0.2,0.25,0.25,0.0,0.0,0.0,0.0,0.25,0.25,0.0,0.0,0.25,0.25,0.25,0.25,0.1,0.1
575,0.0,0.0,0.25,0.25,0.25,0.0,0.0,0.0,0.0,0.3,0.25,0.0,0.0,0.25,0.25,0.3,0.25,0.1,0.1
584,0.0,0.0,0.08,0.2,0.25,0.0,0.0,0.0,0.0,0.25,0.25,0.2,0.25,0.2,0.25,0.25,0.25,0.08,0.1
591,0.0,0.0,0.1,0.25,0.25,0.0,0.0,0.0,0.0,0.3,0.25,0.25,0.25,0.25,0.25,0.3,0.25,0.1,0.1
605,0.0,0.0,0.25,0.2,0.25,0.0,0.0,0.0,0.0,0.3,0.25,0.2,0.25,0.2,0.25,0.3,0.25,0.2,0.25
612,0.0,0.0,0.2,0.2,0.25,0.0,0.0,0.0,0.0,0.12,0.1,0.08,0.1,0.0,0.0,0.0,0.0,0.2,0.25
619,0.0,0.0,0.25,0.25,0.25,0.0,0.0,0.0,0.0,0.0,0.0,0.25,0.25,0.0,0.0,0.0,0.0,0.25,0.25
626,0.0,0.0,0.2,0.0,0.0,0.0,0.0,0.0,0.0,0.0,0.0,0.25,0.25,0.1,0.1,0.0,0.0,0.0,0.0
632,0.0,0.0,0.2,0.0,0.0,0.0,0.0,0.0,0.0,0.25,0.25,0.2,0.25,0.08,0.1,0.0,0.0,0.2,0.25
639,0.0,0.0,0.25,0.0,0.0,0.0,0.0,0.0,0.0,0.3,0.25,0.25,0.25,0.1,0.1,0.0,0.0,0.25,0.25
646,0.0,0.0,0.2,0.1,0.1,0.0,0.0,0.0,0.0,0.0,0.0,0.1,0.1,0.1,0.1,0.0,0.0,0.1,0.1
654,0.0,0.0,0.2,0.1,0.1,0.0,0.0,0.0,0.0,0.12,0.1,0.0,0.0,0.1,0.1,0.0,0.0,0.25,0.25
660,0.0,0.0,0.2,0.08,0.1,0.12,0.1,0.12,0.1,0.0,0.0,0.08,0.1,0.08,0.1,0.0,0.0,0.2,0.25
668,0.0,0.0,0.2,0.2,0.25,0.0,0.0,0.0,0.0,0.3,0.25,0.0,0.0,0.08,0.1,0.0,0.0,0.0,0.0
675,0.0,0.0,0.25,0.25,0.25,0.0,0.0,0.0,0.0,0.25,0.25,0.25,0.25,0.1,0.1,0.0,0.0,0.25,0.25
681,0.0,0.0,0.25,0.2,0.25,0.0,0.0,0.1,0.1,0.1,0.1,0.0,0.0,0.08,0.1,0.0,0.0,0.2,0.25
686,0.0,0.0,0.2,0.25,0.25,0.0,0.0,0.12,0.1,0.12,0.1,0.0,0.0,0.1,0.1,0.0,0.0,0.25,0.25
693,0.0,0.0,0.25,0.2,0.25,0.12,0.1,0.0,0.0,0.0,0.0,0.0,0.0,0.08,0.1,0.0,0.0,0.2,0.25
700,0.0,0.0,0.08,0.2,0.25,0.12,0.1,0.0,0.0,0.12,0.1,0.2,0.25,0.08,0.1,0.0,0.0,0.2,0.25
707,0.0,0.0,0.25,0.25,0.25,0.0,0.0,0.0,0.0,0.0,0.0,0.25,0.25,0.1,0.1,0.1,0.1,0.25,0.25
712,0.0,0.0,0.2,0.2,0.25,0.1,0.1,0.0,0.0,0.0,0.0,0.0,0.0,0.08,0.1,0.1,0.1,0.08,0.1
719,0.0,0.0,0.25,0.25,0.25,0.12,0.1,0.0,0.0,0.0,0.0,0.0,0.0,0.1,0.1,0.12,0.1,0.1,0.1
726,0.0,0.0,0.2,0.0,0.0,0.0,0.0,0.0,0.0,0.3,0.25,0.0,0.0,0.25,0.25,0.0,0.0,0.0,0.0
733,0.0,0.0,0.25,0.0,0.0,0.0,0.0,0.0,0.0,0.12,0.1,0.08,0.1,0.2,0.25,0.0,0.0,0.0,0.0
740,0.0,0.0,0.2,0.0,0.0,0.0,0.0,0.0,0.0,0.0,0.0,0.2,0.25,0.2,0.25,0.0,0.0,0.0,0.0
748,0.0,0.0,0.2,0.0,0.0,0.0,0.0,0.0,0.0,0.12,0.1,0.0,0.0,0.2,0.25,0.0,0.0,0.08,0.1
754,0.0,0.0,0.2,0.0,0.0,0.0,0.0,0.0,0.0,0.0,0.0,0.1,0.1,0.25,0.25,0.0,0.0,0.1,0.1
764,0.0,0.0,0.2,0.0,0.0,0.0,0.0,0.12,0.1,0.3,0.25,0.2,0.25,0.2,0.25,0.0,0.0,0.08,0.1
771,0.0,0.0,0.0,0.0,0.0,0.0,0.0,0.0,0.0,0.1,0.1,0.0,0.0,0.25,0.25,0.0,0.0,0.25,0.25
777,0.0,0.0,0.25,0.0,0.0,0.0,0.0,0.0,0.0,0.25,0.25,0.08,0.1,0.2,0.25,0.0,0.0,0.2,0.25
783,0.0,0.0,0.25,0.0,0.0,0.0,0.0,0.0,0.0,0.3,0.25,0.1,0.1,0.25,0.25,0.0,0.0,0.25,0.25
790,0.0,0.0,0.2,0.0,0.0,0.0,0.0,0.0,0.0,0.12,0.1,0.25,0.25,0.25,0.25,0.0,0.0,0.25,0.25
799,0.0,0.0,0.25,0.0,0.0,0.0,0.0,0.12,0.1,0.0,0.0,0.0,0.0,0.25,0.25,0.0,0.0,0.25,0.25
805,0.0,0.0,0.25,0.0,0.0,0.12,0.1,0.12,0.1,0.0,0.0,0.0,0.0,0.2,0.25,0.0,0.0,0.08,0.1
812,0.0,0.0,0.2,0.0,0.0,0.0,0.0,0.0,0.0,0.0,0.0,0.2,0.25,0.2,0.25,0.12,0.1,0.0,0.0
818,0.0,0.0,0.2,0.0,0.0,0.0,0.0,0.0,0.0,0.0,0.0,0.0,0.0,0.25,0.25,0.1,0.1,0.1,0.1
827,0.0,0.0,0.1,0.0,0.0,0.0,0.0,0.0,0.0,0.1,0.1,0.25,0.25,0.25,0.25,0.1,0.1,0.1,0.1
834,0.0,0.0,0.2,0.0,0.0,0.0,0.0,0.0,0.0,0.25,0.25,0.25,0.25,0.25,0.25,0.1,0.1,0.25,0.25
841,0.0,0.0,0.25,0.0,0.0,0.1,0.1,0.0,0.0,0.0,0.0,0.0,0.0,0.2,0.25,0.1,0.1,0.08,0.1
848,0.0,0.0,0.08,0.0,0.0,0.1,0.1,0.0,0.0,0.1,0.1,0.0,0.0,0.2,0.25,0.1,0.1,0.2,0.25
854,0.0,0.0,0.08,0.0,0.0,0.12,0.1,0.0,0.0,0.12,0.1,0.0,0.0,0.25,0.25,0.12,0.1,0.25,0.25
861,0.0,0.0,0.1,0.0,0.0,0.0,0.0,0.0,0.0,0.0,0.0,0.2,0.25,0.2,0.25,0.3,0.25,0.0,0.0
865,0.0,0.0,0.25,0.0,0.0,0.0,0.0,0.0,0.0,0.1,0.1,0.08,0.1,0.2,0.25,0.25,0.25,0.08,0.1
872,0.0,0.0,0.2,0.0,0.0,0.0,0.0,0.0,0.0,0.1,0.1,0.2,0.25,0.2,0.25,0.25,0.25,0.08,0.1
878,0.0,0.0,0.2,0.0,0.0,0.0,0.0,0.0,0.0,0.12,0.1,0.25,0.25,0.25,0.25,0.3,0.25,0.1,0.1
885,0.0,0.0,0.25,0.0,0.0,0.0,0.0,0.0,0.0,0.0,0.0,0.0,0.0,0.2,0.25,0.3,0.25,0.2,0.25
891,0.0,0.0,0.1,0.0,0.0,0.0,0.0,0.0,0.0,0.1,0.1,0.25,0.25,0.25,0.25,0.25,0.25,0.25,0.25
908,0.0,0.0,0.2,0.08,0.1,0.0,0.0,0.0,0.0,0.3,0.25,0.0,0.0,0.2,0.25,0.0,0.0,0.08,0.1
913,0.0,0.0,0.25,0.08,0.1,0.0,0.0,0.0,0.0,0.1,0.1,0.08,0.1,0.2,0.25,0.0,0.0,0.08,0.1
921,0.0,0.0,0.25,0.08,0.1,0.0,0.0,0.0,0.0,0.0,0.0,0.2,0.25,0.2,0.25,0.0,0.0,0.08,0.1
928,0.0,0.0,0.0,0.08,0.1,0.0,0.0,0.0,0.0,0.25,0.25,0.08,0.1,0.2,0.25,0.0,0.0,0.2,0.25
936,0.1,0.1,0.08,0.08,0.1,0.0,0.0,0.0,0.0,0.1,0.1,0.08,0.1,0.2,0.25,0.0,0.0,0.2,0.25
943,0.12,0.1,0.1,0.1,0.1,0.0,0.0,0.0,0.0,0.12,0.1,0.1,0.1,0.25,0.25,0.0,0.0,0.25,0.25
950,0.0,0.0,0.08,0.1,0.1,0.12,0.1,0.0,0.0,0.12,0.1,0.0,0.0,0.25,0.25,0.0,0.0,0.25,0.25
957,0.0,0.0,0.1,0.08,0.1,0.12,0.1,0.0,0.0,0.0,0.0,0.2,0.25,0.2,0.25,0.0,0.0,0.2,0.25
964,0.0,0.0,0.08,0.08,0.1,0.0,0.0,0.0,0.0,0.0,0.0,0.08,0.1,0.2,0.25,0.12,0.1,0.0,0.0
969,0.0,0.0,0.25,0.08,0.1,0.0,0.0,0.0,0.0,0.25,0.25,0.0,0.0,0.2,0.25,0.1,0.1,0.2,0.25
976,0.0,0.0,0.2,0.08,0.1,0.0,0.0,0.0,0.0,0.1,0.1,0.08,0.1,0.2,0.25,0.1,0.1,0.2,0.25
985,0.0,0.0,0.25,0.08,0.1,0.0,0.0,0.0,0.0,0.0,0.0,0.2,0.25,0.2,0.25,0.1,0.1,0.2,0.25
991,0.0,0.0,0.25,0.1,0.1,0.0,0.0,0.0,0.0,0.0,0.0,0.25,0.25,0.25,0.25,0.12,0.1,0.25,0.25
998,0.0,0.0,0.08,0.1,0.1,0.12,0.1,0.0,0.0,0.0,0.0,0.0,0.0,0.25,0.25,0.12,0.1,0.25,0.25
1017,0.0,0.0,0.1,0.08,0.1,0.0,0.0,0.0,0.0,0.25,0.25,0.2,0.25,0.2,0.25,0.25,0.25,0.0,0.0
1026,0.0,0.0,0.2,0.1,0.1,0.0,0.0,0.0,0.0,0.0,0.0,0.0,0.0,0.25,0.25,0.25,0.25,0.1,0.1
1036,0.0,0.0,0.08,0.08,0.1,0.0,0.0,0.0,0.0,0.3,0.25,0.08,0.1,0.2,0.25,0.3,0.25,0.08,0.1
1051,0.0,0.0,0.25,0.1,0.1,0.0,0.0,0.0,0.0,0.25,0.25,0.1,0.1,0.25,0.25,0.25,0.25,0.25,0.25
1058,0.0,0.0,0.2,0.1,0.1,0.0,0.0,0.0,0.0,0.1,0.1,0.25,0.25,0.25,0.25,0.25,0.25,0.25,0.25
1062,0.0,0.0,0.2,0.1,0.1,0.0,0.0,0.0,0.0,0.12,0.1,0.25,0.25,0.25,0.25,0.3,0.25,0.25,0.25
1068,0.0,0.0,0.2,0.2,0.25,0.0,0.0,0.0,0.0,0.0,0.0,0.0,0.0,0.2,0.25,0.0,0.0,0.0,0.0
1075,0.0,0.0,0.1,0.25,0.25,0.0,0.0,0.0,0.0,0.1,0.1,0.25,0.25,0.25,0.25,0.0,0.0,0.0,0.0
1083,0.0,0.0,0.25,0.25,0.25,0.0,0.0,0.0,0.0,0.0,0.0,0.0,0.0,0.25,0.25,0.0,0.0,0.1,0.1
1097,0.0,0.0,0.25,0.2,0.25,0.0,0.0,0.0,0.0,0.25,0.25,0.2,0.25,0.2,0.25,0.0,0.0,0.2,0.25
1104,0.0,0.0,0.2,0.2,0.25,0.0,0.0,0.1,0.1,0.1,0.1,0.0,0.0,0.2,0.25,0.0,0.0,0.2,0.25
1110,0.0,0.0,0.2,0.25,0.25,0.0,0.0,0.12,0.1,0.12,0.1,0.0,0.0,0.25,0.25,0.0,0.0,0.25,0.25
1116,0.0,0.0,0.2,0.2,0.25,0.12,0.1,0.0,0.0,0.3,0.25,0.0,0.0,0.2,0.25,0.0,0.0,0.0,0.0
1123,0.0,0.0,0.25,0.25,0.25,0.1,0.1,0.0,0.0,0.1,0.1,0.1,0.1,0.25,0.25,0.0,0.0,0.0,0.0
1130,0.0,0.0,0.2,0.25,0.25,0.1,0.1,0.0,0.0,0.0,0.0,0.25,0.25,0.25,0.25,0.0,0.0,0.0,0.0
1137,0.0,0.0,0.25,0.2,0.25,0.1,0.1,0.0,0.0,0.1,0.1,0.0,0.0,0.2,0.25,0.0,0.0,0.08,0.1
1144,0.0,0.0,0.2,0.2,0.25,0.1,0.1,0.0,0.0,0.1,0.1,0.08,0.1,0.2,0.25,0.0,0.0,0.08,0.1
1151,0.0,0.0,0.25,0.25,0.25,0.12,0.1,0.0,0.0,0.12,0.1,0.1,0.1,0.25,0.25,0.0,0.0,0.1,0.1
1158,0.0,0.0,0.2,0.25,0.25,0.12,0.1,0.0,0.0,0.0,0.0,0.25,0.25,0.25,0.25,0.0,0.0,0.1,0.1
1165,0.0,0.0,0.25,0.2,0.25,0.12,0.1,0.0,0.0,0.0,0.0,0.0,0.0,0.2,0.25,0.0,0.0,0.2,0.25
1172,0.0,0.0,0.08,0.2,0.25,0.12,0.1,0.0,0.0,0.3,0.25,0.08,0.1,0.2,0.25,0.0,0.0,0.2,0.25
1179,0.0,0.0,0.1,0.25,0.25,0.1,0.1,0.0,0.0,0.1,0.1,0.25,0.25,0.25,0.25,0.0,0.0,0.25,0.25
1186,0.0,0.0,0.08,0.25,0.25,0.0,0.0,0.0,0.0,0.25,0.25,0.1,0.1,0.25,0.25,0.1,0.1,0.0,0.0
1195,0.0,0.0,0.1,0.25,0.25,0.0,0.0,0.0,0.0,0.1,0.1,0.25,0.25,0.25,0.25,0.1,0.1,0.0,0.0
1201,0.0,0.0,0.25,0.2,0.25,0.1,0.1,0.0,0.0,0.1,0.1,0.0,0.0,0.2,0.25,0.1,0.1,0.08,0.1
1208,0.0,0.0,0.08,0.2,0.25,0.1,0.1,0.0,0.0,0.25,0.25,0.0,0.0,0.2,0.25,0.1,0.1,0.2,0.25
1213,0.0,0.0,0.1,0.2,0.25,0.12,0.1,0.0,0.0,0.3,0.25,0.0,0.0,0.2,0.25,0.12,0.1,0.2,0.25
1220,0.0,0.0,0.2,0.2,0.25,0.12,0.1,0.0,0.0,0.0,0.0,0.08,0.1,0.2,0.25,0.12,0.1,0.2,0.25
1230,0.0,0.0,0.2,0.25,0.25,0.3,0.25,0.0,0.0,0.0,0.0,0.25,0.25,0.25,0.25,0.12,0.1,0.25,0.25
1236,0.0,0.0,0.2,0.2,0.25,0.0,0.0,0.0,0.0,0.12,0.1,0.2,0.25,0.2,0.25,0.3,0.25,0.0,0.0
1242,0.0,0.0,0.2,0.25,0.25,0.0,0.0,0.0,0.0,0.0,0.0,0.1,0.1,0.25,0.25,0.25,0.25,0.25,0.25
1249,0.0,0.0,0.1,0.2,0.25,0.0,0.0,0.0,0.0,0.25,0.25,0.2,0.25,0.2,0.25,0.25,0.25,0.2,0.25
1261,0.0,0.0,0.25,0.2,0.25,0.0,0.0,0.0,0.0,0.0,0.0,0.08,0.1,0.0,0.0,0.0,0.0,0.08,0.1
1268,0.0,0.0,0.2,0.2,0.25,0.0,0.0,0.0,0.0,0.0,0.0,0.2,0.25,0.0,0.0,0.0,0.0,0.08,0.1
1274,0.0,0.0,0.2,0.25,0.25,0.1,0.1,0.1,0.1,0.0,0.0,0.1,0.1,0.0,0.0,0.0,0.0,0.25,0.25
1278,0.0,0.0,0.2,0.25,0.25,0.12,0.1,0.12,0.1,0.0,0.0,0.1,0.1,0.0,0.0,0.0,0.0,0.25,0.25
1283,0.0,0.0,0.25,0.0,0.0,0.0,0.0,0.0,0.0,0.0,0.0,0.25,0.25,0.1,0.1,0.0,0.0,0.1,0.1
1291,0.0,0.0,0.25,0.0,0.0,0.0,0.0,0.0,0.0,0.0,0.0,0.25,0.25,0.1,0.1,0.0,0.0,0.25,0.25
1297,0.0,0.0,0.25,0.08,0.1,0.0,0.0,0.0,0.0,0.0,0.0,0.0,0.0,0.08,0.1,0.0,0.0,0.2,0.25
1305,0.0,0.0,0.25,0.08,0.1,0.0,0.0,0.0,0.0,0.0,0.0,0.08,0.1,0.08,0.1,0.0,0.0,0.2,0.25
1311,0.0,0.0,0.25,0.1,0.1,0.0,0.0,0.0,0.0,0.0,0.0,0.1,0.1,0.1,0.1,0.0,0.0,0.25,0.25
1318,0.0,0.0,0.2,0.25,0.25,0.0,0.0,0.0,0.0,0.3,0.25,0.25,0.25,0.1,0.1,0.0,0.0,0.1,0.1
1324,0.0,0.0,0.2,0.2,0.25,0.0,0.0,0.0,0.0,0.12,0.1,0.0,0.0,0.08,0.1,0.0,0.0,0.2,0.25
1330,0.0,0.0,0.2,0.25,0.25,0.0,0.0,0.0,0.0,0.0,0.0,0.1,0.1,0.1,0.1,0.0,0.0,0.25,0.25
1337,0.0,0.0,0.25,0.2,0.25,0.1,0.1,0.0,0.0,0.0,0.0,0.0,0.0,0.08,0.1,0.1,0.1,0.2,0.25
1346,0.0,0.0,0.2,0.25,0.25,0.1,0.1,0.0,0.0,0.25,0.25,0.25,0.25,0.1,0.1,0.1,0.1,0.25,0.25
1352,0.0,0.0,0.0,0.0,0.0,0.0,0.0,0.0,0.0,0.1,0.1,0.08,0.1,0.2,0.25,0.0,0.0,0.08,0.1
1364,0.0,0.0,0.2,0.0,0.0,0.0,0.0,0.0,0.0,0.3,0.25,0.2,0.25,0.2,0.25,0.0,0.0,0.08,0.1
1370,0.0,0.0,0.2,0.0,0.0,0.0,0.0,0.1,0.1,0.0,0.0,0.1,0.1,0.25,0.25,0.0,0.0,0.1,0.1
1377,0.0,0.0,0.0,0.0,0.0,0.0,0.0,0.0,0.0,0.1,0.1,0.08,0.1,0.2,0.25,0.0,0.0,0.2,0.25
1384,0.0,0.0,0.2,0.0,0.0,0.0,0.0,0.1,0.1,0.25,0.25,0.0,0.0,0.2,0.25,0.0,0.0,0.2,0.25
1391,0.0,0.0,0.25,0.0,0.0,0.0,0.0,0.12,0.1,0.3,0.25,0.0,0.0,0.25,0.25,0.0,0.0,0.25,0.25
1397,0.0,0.0,0.25,0.0,0.0,0.0,0.0,0.12,0.1,0.0,0.0,0.08,0.1,0.2,0.25,0.0,0.0,0.2,0.25
1403,0.0,0.0,0.25,0.0,0.0,0.0,0.0,0.0,0.0,0.1,0.1,0.25,0.25,0.25,0.25,0.1,0.1,0.1,0.1
1436,0.0,0.0,0.2,0.0,0.0,0.12,0.1,0.0,0.0,0.3,0.25,0.08,0.1,0.2,0.25,0.12,0.1,0.2,0.25
1443,0.0,0.0,0.25,0.0,0.0,0.1,0.1,0.0,0.0,0.1,0.1,0.25,0.25,0.25,0.25,0.1,0.1,0.25,0.25
1450,0.0,0.0,0.08,0.0,0.0,0.0,0.0,0.0,0.0,0.1,0.1,0.1,0.1,0.25,0.25,0.25,0.25,0.1,0.1
1458,0.0,0.0,0.08,0.0,0.0,0.0,0.0,0.0,0.0,0.0,0.0,0.25,0.25,0.25,0.25,0.25,0.25,0.1,0.1
1482,0.0,0.0,0.08,0.1,0.1,0.0,0.0,0.0,0.0,0.25,0.25,0.0,0.0,0.25,0.25,0.0,0.0,0.1,0.1
1487,0.0,0.0,0.1,0.1,0.1,0.0,0.0,0.0,0.0,0.3,0.25,0.0,0.0,0.25,0.25,0.0,0.0,0.1,0.1
1494,0.0,0.0,0.2,0.1,0.1,0.0,0.0,0.0,0.0,0.12,0.1,0.0,0.0,0.25,0.25,0.0,0.0,0.25,0.25
1501,0.0,0.0,0.25,0.08,0.1,0.0,0.0,0.0,0.0,0.0,0.0,0.08,0.1,0.2,0.25,0.0,0.0,0.2,0.25
1510,0.0,0.0,0.2,0.1,0.1,0.0,0.0,0.12,0.1,0.3,0.25,0.1,0.1,0.25,0.25,0.0,0.0,0.25,0.25
1517,0.0,0.0,0.25,0.08,0.1,0.12,0.1,0.0,0.0,0.0,0.0,0.2,0.25,0.2,0.25,0.0,0.0,0.08,0.1
1525,0.0,0.0,0.1,0.08,0.1,0.12,0.1,0.0,0.0,0.12,0.1,0.08,0.1,0.2,0.25,0.0,0.0,0.2,0.25
1532,0.0,0.0,0.2,0.08,0.1,0.0,0.0,0.0,0.0,0.3,0.25,0.08,0.1,0.2,0.25,0.12,0.1,0.08,0.1
1539,0.0,0.0,0.25,0.1,0.1,0.0,0.0,0.0,0.0,0.1,0.1,0.25,0.25,0.25,0.25,0.1,0.1,0.1,0.1
1554,0.0,0.0,0.2,0.1,0.1,0.0,0.0,0.0,0.0,0.25,0.25,0.1,0.1,0.25,0.25,0.1,0.1,0.25,0.25
1562,0.0,0.0,0.2,0.1,0.1,0.0,0.0,0.0,0.0,0.1,0.1,0.25,0.25,0.25,0.25,0.1,0.1,0.25,0.25
1569,0.0,0.0,0.1,0.08,0.1,0.1,0.1,0.0,0.0,0.1,0.1,0.0,0.0,0.2,0.25,0.1,0.1,0.2,0.25
1576,0.0,0.0,0.2,0.08,0.1,0.1,0.1,0.1,0.1,0.1,0.1,0.08,0.1,0.2,0.25,0.1,0.1,0.2,0.25
1582,0.0,0.0,0.2,0.1,0.1,0.12,0.1,0.12,0.1,0.12,0.1,0.1,0.1,0.25,0.25,0.12,0.1,0.25,0.25
1588,0.0,0.0,0.2,0.08,0.1,0.12,0.1,0.12,0.1,0.0,0.0,0.2,0.25,0.2,0.25,0.12,0.1,0.2,0.25
1595,0.0,0.0,0.1,0.1,0.1,0.0,0.0,0.0,0.0,0.0,0.0,0.25,0.25,0.25,0.25,0.25,0.25,0.0,0.0
1603,0.0,0.0,0.1,0.1,0.1,0.0,0.0,0.0,0.0,0.0,0.0,0.1,0.1,0.25,0.25,0.25,0.25,0.1,0.1
1612,0.0,0.0,0.08,0.08,0.1,0.0,0.0,0.0,0.0,0.12,0.1,0.2,0.25,0.2,0.25,0.3,0.25,0.08,0.1
1615,0.0,0.0,0.1,0.1,0.1,0.0,0.0,0.0,0.0,0.12,0.1,0.25,0.25,0.25,0.25,0.3,0.25,0.1,0.1
1630,0.0,0.0,0.08,0.25,0.25,0.0,0.0,0.0,0.0,0.12,0.1,0.0,0.0,0.25,0.25,0.0,0.0,0.0,0.0
1639,0.0,0.0,0.1,0.25,0.25,0.0,0.0,0.0,0.0,0.12,0.1,0.1,0.1,0.25,0.25,0.0,0.0,0.0,0.0
1649,0.0,0.0,0.25,0.2,0.25,0.0,0.0,0.0,0.0,0.25,0.25,0.0,0.0,0.2,0.25,0.0,0.0,0.2,0.25
1654,0.0,0.0,0.2,0.25,0.25,0.0,0.0,0.0,0.0,0.3,0.25,0.0,0.0,0.25,0.25,0.0,0.0,0.25,0.25
1662,0.0,0.0,0.2,0.25,0.25,0.0,0.0,0.0,0.0,0.12,0.1,0.1,0.1,0.25,0.25,0.0,0.0,0.25,0.25
1668,0.0,0.0,0.2,0.2,0.25,0.0,0.0,0.0,0.0,0.0,0.0,0.2,0.25,0.2,0.25,0.0,0.0,0.2,0.25
1674,0.1,0.1,0.2,0.25,0.25,0.0,0.0,0.0,0.0,0.0,0.0,0.25,0.25,0.25,0.25,0.0,0.0,0.25,0.25
1681,0.0,0.0,0.25,0.2,0.25,0.1,0.1,0.0,0.0,0.0,0.0,0.0,0.0,0.2,0.25,0.0,0.0,0.0,0.0
1689,0.0,0.0,0.0,0.2,0.25,0.1,0.1,0.0,0.0,0.25,0.25,0.08,0.1,0.2,0.25,0.0,0.0,0.08,0.1
1696,0.0,0.0,0.2,0.2,0.25,0.1,0.1,0.1,0.1,0.0,0.0,0.2,0.25,0.2,0.25,0.0,0.0,0.08,0.1
1702,0.0,0.0,0.2,0.25,0.25,0.12,0.1,0.12,0.1,0.0,0.0,0.25,0.25,0.25,0.25,0.0,0.0,0.1,0.1
1709,0.0,0.0,0.0,0.2,0.25,0.12,0.1,0.0,0.0,0.12,0.1,0.0,0.0,0.2,0.25,0.0,0.0,0.2,0.25
1716,0.0,0.0,0.0,0.2,0.25,0.12,0.1,0.0,0.0,0.0,0.0,0.08,0.1,0.2,0.25,0.0,0.0,0.2,0.25
1725,0.0,0.0,0.25,0.2,0.25,0.12,0.1,0.0,0.0,0.3,0.25,0.08,0.1,0.2,0.25,0.0,0.0,0.2,0.25
1734,0.0,0.0,0.2,0.25,0.25,0.12,0.1,0.0,0.0,0.12,0.1,0.25,0.25,0.25,0.25,0.0,0.0,0.25,0.25
1743,0.0,0.0,0.1,0.25,0.25,0.12,0.1,0.12,0.1,0.12,0.1,0.25,0.25,0.25,0.25,0.0,0.0,0.25,0.25
1749,0.12,0.1,0.1,0.2,0.25,0.12,0.1,0.0,0.0,0.12,0.1,0.2,0.25,0.2,0.25,0.0,0.0,0.2,0.25
1756,0.0,0.0,0.08,0.2,0.25,0.0,0.0,0.0,0.0,0.0,0.0,0.08,0.1,0.2,0.25,0.12,0.1,0.0,0.0
1764,0.0,0.0,0.2,0.2,0.25,0.0,0.0,0.0,0.0,0.3,0.25,0.2,0.25,0.2,0.25,0.12,0.1,0.0,0.0
1771,0.0,0.0,0.25,0.25,0.25,0.0,0.0,0.0,0.0,0.25,0.25,0.1,0.1,0.25,0.25,0.1,0.1,0.1,0.1
1780,0.0,0.0,0.2,0.2,0.25,0.0,0.0,0.0,0.0,0.12,0.1,0.2,0.25,0.2,0.25,0.12,0.1,0.08,0.1
1789,0.0,0.0,0.25,0.2,0.25,0.0,0.0,0.0,0.0,0.12,0.1,0.0,0.0,0.2,0.25,0.12,0.1,0.2,0.25
1795,0.0,0.0,0.1,0.25,0.25,0.0,0.0,0.0,0.0,0.1,0.1,0.25,0.25,0.25,0.25,0.1,0.1,0.25,0.25
1803,0.0,0.0,0.25,0.25,0.25,0.1,0.1,0.0,0.0,0.25,0.25,0.0,0.0,0.25,0.25,0.1,0.1,0.1,0.1
1816,0.0,0.0,0.2,0.2,0.25,0.1,0.1,0.0,0.0,0.25,0.25,0.08,0.1,0.2,0.25,0.1,0.1,0.2,0.25
1820,0.0,0.0,0.2,0.2,0.25,0.12,0.1,0.0,0.0,0.3,0.25,0.08,0.1,0.2,0.25,0.12,0.1,0.2,0.25
1827,0.0,0.0,0.25,0.25,0.25,0.1,0.1,0.0,0.0,0.25,0.25,0.25,0.25,0.25,0.25,0.1,0.1,0.25,0.25
1834,0.0,0.0,0.2,0.25,0.25,0.1,0.1,0.1,0.1,0.1,0.1,0.0,0.0,0.25,0.25,0.1,0.1,0.25,0.25
1841,0.0,0.0,0.25,0.2,0.25,0.1,0.1,0.1,0.1,0.0,0.0,0.08,0.1,0.2,0.25,0.1,0.1,0.2,0.25
1848,0.0,0.0,0.2,0.2,0.25,0.0,0.0,0.0,0.0,0.0,0.0,0.0,0.0,0.2,0.25,0.25,0.25,0.08,0.1
1857,0.0,0.0,0.1,0.2,0.25,0.0,0.0,0.0,0.0,0.25,0.25,0.08,0.1,0.2,0.25,0.25,0.25,0.08,0.1
1865,0.0,0.0,0.1,0.2,0.25,0.0,0.0,0.0,0.0,0.1,0.1,0.2,0.25,0.2,0.25,0.25,0.25,0.08,0.1
1873,0.0,0.0,0.1,0.2,0.25,0.0,0.0,0.0,0.0,0.25,0.25,0.08,0.1,0.2,0.25,0.25,0.25,0.2,0.25
1882,0.0,0.0,0.08,0.25,0.25,0.0,0.0,0.0,0.0,0.0,0.0,0.25,0.25,0.25,0.25,0.25,0.25,0.25,0.25
1891,0.0,0.0,0.25,0.25,0.25,0.0,0.0,0.1,0.1,0.25,0.25,0.25,0.25,0.25,0.25,0.25,0.25,0.25,0.25
1906,0.0,0.0,0.2,0.25,0.25,0.0,0.0,0.0,0.0,0.0,0.0,0.1,0.1,0.0,0.0,0.0,0.0,0.25,0.25
1912,0.0,0.0,0.2,0.08,0.1,0.0,0.0,0.0,0.0,0.1,0.1,0.08,0.1,0.08,0.1,0.0,0.0,0.0,0.0
1918,0.0,0.0,0.2,0.1,0.1,0.0,0.0,0.0,0.0,0.12,0.1,0.1,0.1,0.1,0.1,0.0,0.0,0.0,0.0
1924,0.0,0.0,0.2,0.08,0.1,0.0,0.0,0.0,0.0,0.3,0.25,0.08,0.1,0.08,0.1,0.0,0.0,0.2,0.25
1930,0.0,0.0,0.2,0.1,0.1,0.0,0.0,0.0,0.0,0.1,0.1,0.25,0.25,0.1,0.1,0.0,0.0,0.25,0.25
1941,0.0,0.0,0.25,0.08,0.1,0.12,0.1,0.12,0.1,0.0,0.0,0.2,0.25,0.08,0.1,0.0,0.0,0.2,0.25
1949,0.0,0.0,0.25,0.2,0.25,0.0,0.0,0.0,0.0,0.3,0.25,0.0,0.0,0.08,0.1,0.0,0.0,0.08,0.1
1956,0.0,0.0,0.2,0.2,0.25,0.0,0.0,0.0,0.0,0.12,0.1,0.08,0.1,0.08,0.1,0.0,0.0,0.08,0.1
1962,0.0,0.0,0.2,0.25,0.25,0.0,0.0,0.0,0.0,0.0,0.0,0.25,0.25,0.1,0.1,0.0,0.0,0.1,0.1
1971,0.0,0.0,0.25,0.25,0.25,0.0,0.0,0.0,0.0,0.25,0.25,0.0,0.0,0.1,0.1,0.0,0.0,0.25,0.25
1979,0.0,0.0,0.25,0.25,0.25,0.0,0.0,0.0,0.0,0.1,0.1,0.1,0.1,0.1,0.1,0.0,0.0,0.25,0.25
1986,0.0,0.0,0.2,0.25,0.25,0.0,0.0,0.0,0.0,0.0,0.0,0.25,0.25,0.1,0.1,0.0,0.0,0.25,0.25
1993,0.0,0.0,0.1,0.2,0.25,0.1,0.1,0.0,0.0,0.25,0.25,0.2,0.25,0.08,0.1,0.0,0.0,0.2,0.25
1999,0.0,0.0,0.1,0.25,0.25,0.12,0.1,0.0,0.0,0.3,0.25,0.25,0.25,0.1,0.1,0.0,0.0,0.25,0.25
2006,0.0,0.0,0.2,0.0,0.0,0.0,0.0,0.0,0.0,0.12,0.1,0.0,0.0,0.25,0.25,0.0,0.0,0.0,0.0
2015,0.0,0.0,0.0,0.0,0.0,0.0,0.0,0.0,0.0,0.3,0.25,0.0,0.0,0.25,0.25,0.0,0.0,0.1,0.1
2026,0.0,0.0,0.2,0.0,0.0,0.0,0.0,0.1,0.1,0.1,0.1,0.25,0.25,0.25,0.25,0.0,0.0,0.1,0.1
2033,0.0,0.0,0.25,0.0,0.0,0.0,0.0,0.0,0.0,0.25,0.25,0.0,0.0,0.2,0.25,0.0,0.0,0.2,0.25
2040,0.0,0.0,0.2,0.0,0.0,0.0,0.0,0.0,0.0,0.1,0.1,0.08,0.1,0.2,0.25,0.0,0.0,0.2,0.25
2045,0.0,0.0,0.25,0.0,0.0,0.0,0.0,0.0,0.0,0.12,0.1,0.08,0.1,0.2,0.25,0.0,0.0,0.2,0.25
2051,0.0,0.0,0.25,0.0,0.0,0.0,0.0,0.0,0.0,0.0,0.0,0.25,0.25,0.25,0.25,0.0,0.0,0.25,0.25
2056,0.0,0.0,0.2,0.0,0.0,0.0,0.0,0.1,0.1,0.25,0.25,0.2,0.25,0.2,0.25,0.0,0.0,0.2,0.25
2063,0.0,0.0,0.25,0.0,0.0,0.0,0.0,0.12,0.1,0.3,0.25,0.25,0.25,0.25,0.25,0.0,0.0,0.25,0.25
2070,0.0,0.0,0.2,0.0,0.0,0.12,0.1,0.12,0.1,0.0,0.0,0.1,0.1,0.25,0.25,0.0,0.0,0.25,0.25
2077,0.0,0.0,0.25,0.0,0.0,0.0,0.0,0.0,0.0,0.3,0.25,0.2,0.25,0.2,0.25,0.12,0.1,0.08,0.1
2094,0.0,0.0,0.2,0.0,0.0,0.12,0.1,0.0,0.0,0.12,0.1,0.0,0.0,0.25,0.25,0.12,0.1,0.25,0.25
2101,0.0,0.0,0.25,0.0,0.0,0.12,0.1,0.0,0.0,0.0,0.0,0.08,0.1,0.2,0.25,0.12,0.1,0.2,0.25
2107,0.0,0.0,0.1,0.0,0.0,0.0,0.0,0.0,0.0,0.0,0.0,0.0,0.0,0.25,0.25,0.25,0.25,0.1,0.1
2115,0.0,0.0,0.25,0.0,0.0,0.0,0.0,0.0,0.0,0.25,0.25,0.25,0.25,0.25,0.25,0.25,0.25,0.25,0.25
2123,0.0,0.0,0.25,0.1,0.1,0.0,0.0,0.0,0.0,0.0,0.0,0.0,0.0,0.25,0.25,0.0,0.0,0.0,0.0
2131,0.0,0.0,0.1,0.1,0.1,0.0,0.0,0.0,0.0,0.1,0.1,0.1,0.1,0.25,0.25,0.0,0.0,0.0,0.0
2138,0.0,0.0,0.2,0.1,0.1,0.0,0.0,0.0,0.0,0.25,0.25,0.25,0.25,0.25,0.25,0.0,0.0,0.1,0.1
2143,0.0,0.0,0.25,0.1,0.1,0.0,0.0,0.0,0.0,0.3,0.25,0.25,0.25,0.25,0.25,0.0,0.0,0.1,0.1
2150,0.0,0.0,0.2,0.1,0.1,0.0,0.0,0.12,0.1,0.12,0.1,0.0,0.0,0.25,0.25,0.0,0.0,0.1,0.1
2156,0.0,0.0,0.2,0.08,0.1,0.0,0.0,0.12,0.1,0.0,0.0,0.08,0.1,0.2,0.25,0.0,0.0,0.08,0.1
2166,0.0,0.0,0.2,0.1,0.1,0.0,0.0,0.0,0.0,0.3,0.25,0.0,0.0,0.25,0.25,0.0,0.0,0.25,0.25
2172,0.0,0.0,0.2,0.08,0.1,0.0,0.0,0.0,0.0,0.12,0.1,0.08,0.1,0.2,0.25,0.0,0.0,0.2,0.25
2178,0.0,0.0,0.2,0.1,0.1,0.0,0.0,0.0,0.0,0.0,0.0,0.25,0.25,0.25,0.25,0.0,0.0,0.25,0.25
2184,0.0,0.0,0.2,0.08,0.1,0.1,0.1,0.0,0.0,0.1,0.1,0.2,0.25,0.2,0.25,0.0,0.0,0.0,0.0
2190,0.0,0.0,0.2,0.1,0.1,0.12,0.1,0.0,0.0,0.12,0.1,0.25,0.25,0.25,0.25,0.0,0.0,0.0,0.0
2197,0.0,0.0,0.1,0.08,0.1,0.12,0.1,0.0,0.0,0.3,0.25,0.08,0.1,0.2,0.25,0.0,0.0,0.08,0.1
2204,0.0,0.0,0.08,0.08,0.1,0.12,0.1,0.0,0.0,0.12,0.1,0.2,0.25,0.2,0.25,0.0,0.0,0.08,0.1
2211,0.0,0.0,0.25,0.1,0.1,0.1,0.1,0.0,0.0,0.0,0.0,0.25,0.25,0.25,0.25,0.0,0.0,0.25,0.25
2218,0.0,0.0,0.2,0.1,0.1,0.0,0.0,0.0,0.0,0.1,0.1,0.25,0.25,0.25,0.25,0.1,0.1,0.0,0.0
2225,0.0,0.0,0.25,0.08,0.1,0.0,0.0,0.0,0.0,0.1,0.1,0.0,0.0,0.2,0.25,0.1,0.1,0.08,0.1
2234,0.0,0.0,0.2,0.1,0.1,0.0,0.0,0.0,0.0,0.0,0.0,0.1,0.1,0.25,0.25,0.1,0.1,0.1,0.1
2240,0.0,0.0,0.08,0.08,0.1,0.0,0.0,0.0,0.0,0.25,0.25,0.2,0.25,0.2,0.25,0.1,0.1,0.08,0.1
2245,0.0,0.0,0.1,0.08,0.1,0.0,0.0,0.0,0.0,0.3,0.25,0.2,0.25,0.2,0.25,0.12,0.1,0.08,0.1
2262,0.0,0.0,0.2,0.1,0.1,0.12,0.1,0.0,0.0,0.3,0.25,0.1,0.1,0.25,0.25,0.12,0.1,0.25,0.25
2269,0.0,0.0,0.25,0.08,0.1,0.12,0.1,0.0,0.0,0.12,0.1,0.2,0.25,0.2,0.25,0.12,0.1,0.2,0.25
2276,0.0,0.0,0.2,0.08,0.1,0.12,0.1,0.12,0.1,0.0,0.0,0.0,0.0,0.2,0.25,0.12,0.1,0.2,0.25
2280,0.0,0.0,0.08,0.08,0.1,0.0,0.0,0.0,0.0,0.1,0.1,0.0,0.0,0.2,0.25,0.25,0.25,0.08,0.1
2287,0.0,0.0,0.1,0.1,0.1,0.0,0.0,0.0,0.0,0.12,0.1,0.0,0.0,0.25,0.25,0.3,0.25,0.1,0.1
2302,0.0,0.0,0.2,0.1,0.1,0.0,0.0,0.0,0.0,0.3,0.25,0.25,0.25,0.25,0.25,0.3,0.25,0.1,0.1
2309,0.0,0.0,0.1,0.2,0.25,0.0,0.0,0.0,0.0,0.0,0.0,0.08,0.1,0.2,0.25,0.0,0.0,0.0,0.0
2314,0.0,0.0,0.08,0.25,0.25,0.0,0.0,0.0,0.0,0.0,0.0,0.25,0.25,0.25,0.25,0.0,0.0,0.0,0.0
2320,0.1,0.1,0.2,0.2,0.25,0.0,0.0,0.0,0.0,0.1,0.1,0.2,0.25,0.2,0.25,0.0,0.0,0.0,0.0
2326,0.12,0.1,0.2,0.25,0.25,0.0,0.0,0.0,0.0,0.12,0.1,0.25,0.25,0.25,0.25,0.0,0.0,0.0,0.0
2332,0.0,0.0,0.2,0.2,0.25,0.0,0.0,0.12,0.1,0.3,0.25,0.0,0.0,0.2,0.25,0.0,0.0,0.08,0.1
2346,0.0,0.0,0.0,0.25,0.25,0.0,0.0,0.0,0.0,0.25,0.25,0.25,0.25,0.25,0.25,0.0,0.0,0.25,0.25
2357,0.12,0.1,0.25,0.2,0.25,0.0,0.0,0.0,0.0,0.12,0.1,0.2,0.25,0.2,0.25,0.0,0.0,0.2,0.25
2364,0.0,0.0,0.2,0.2,0.25,0.12,0.1,0.0,0.0,0.0,0.0,0.0,0.0,0.2,0.25,0.0,0.0,0.08,0.1
2371,0.0,0.0,0.1,0.25,0.25,0.1,0.1,0.0,0.0,0.25,0.25,0.1,0.1,0.25,0.25,0.0,0.0,0.1,0.1
2378,0.0,0.0,0.2,0.25,0.25,0.1,0.1,0.1,0.1,0.1,0.1,0.25,0.25,0.25,0.25,0.0,0.0,0.1,0.1
2385,0.0,0.0,0.25,0.2,0.25,0.1,0.1,0.0,0.0,0.1,0.1,0.0,0.0,0.2,0.25,0.0,0.0,0.2,0.25
2392,0.0,0.0,0.2,0.2,0.25,0.1,0.1,0.0,0.0,0.0,0.0,0.08,0.1,0.2,0.25,0.0,0.0,0.2,0.25
2399,0.0,0.0,0.25,0.25,0.25,0.12,0.1,0.0,0.0,0.0,0.0,0.1,0.1,0.25,0.25,0.0,0.0,0.25,0.25
2406,0.0,0.0,0.08,0.25,0.25,0.12,0.1,0.0,0.0,0.3,0.25,0.25,0.25,0.25,0.25,0.0,0.0,0.25,0.25
2414,0.0,0.0,0.2,0.25,0.25,0.12,0.1,0.12,0.1,0.0,0.0,0.25,0.25,0.25,0.25,0.0,0.0,0.25,0.25
2422,0.0,0.0,0.2,0.25,0.25,0.0,0.0,0.0,0.0,0.12,0.1,0.1,0.1,0.25,0.25,0.12,0.1,0.0,0.0
2428,0.0,0.0,0.2,0.2,0.25,0.0,0.0,0.0,0.0,0.0,0.0,0.2,0.25,0.2,0.25,0.12,0.1,0.0,0.0
2432,0.0,0.0,0.2,0.2,0.25,0.0,0.0,0.0,0.0,0.25,0.25,0.0,0.0,0.2,0.25,0.1,0.1,0.08,0.1
2439,0.0,0.0,0.25,0.25,0.25,0.0,0.0,0.0,0.0,0.3,0.25,0.0,0.0,0.25,0.25,0.12,0.1,0.1,0.1
2446,0.0,0.0,0.2,0.25,0.25,0.0,0.0,0.0,0.0,0.12,0.1,0.1,0.1,0.25,0.25,0.12,0.1,0.1,0.1
2454,0.0,0.0,0.2,0.25,0.25,0.0,0.0,0.0,0.0,0.0,0.0,0.25,0.25,0.25,0.25,0.12,0.1,0.1,0.1
2461,0.0,0.0,0.25,0.2,0.25,0.0,0.0,0.0,0.0,0.3,0.25,0.08,0.1,0.2,0.25,0.12,0.1,0.2,0.25
2471,0.0,0.0,0.25,0.25,0.25,0.0,0.0,0.0,0.0,0.12,0.1,0.25,0.25,0.25,0.25,0.12,0.1,0.25,0.25
2486,0.0,0.0,0.08,0.25,0.25,0.12,0.1,0.0,0.0,0.3,0.25,0.1,0.1,0.25,0.25,0.12,0.1,0.25,0.25
2506,0.0,0.0,0.08,0.25,0.25,0.0,0.0,0.0,0.0,0.1,0.1,0.1,0.1,0.25,0.25,0.25,0.25,0.1,0.1
2521,0.0,0.0,0.25,0.0,0.0,0.1,0.1,0.1,0.1,0.0,0.0,0.2,0.25,0.08,0.1,0.0,0.0,0.2,0.25
2530,0.0,0.0,0.2,0.1,0.1,0.0,0.0,0.0,0.0,0.0,0.0,0.1,0.1,0.1,0.1,0.0,0.0,0.0,0.0
2535,0.0,0.0,0.25,0.1,0.1,0.0,0.0,0.0,0.0,0.0,0.0,0.1,0.1,0.1,0.1,0.0,0.0,0.0,0.0
2543,0.0,0.0,0.25,0.1,0.1,0.0,0.0,0.0,0.0,0.12,0.1,0.1,0.1,0.1,0.1,0.0,0.0,0.25,0.25
2550,0.0,0.0,0.2,0.1,0.1,0.0,0.0,0.0,0.0,0.0,0.0,0.25,0.25,0.1,0.1,0.0,0.0,0.25,0.25
2560,0.0,0.0,0.2,0.2,0.25,0.0,0.0,0.0,0.0,0.1,0.1,0.0,0.0,0.08,0.1,0.0,0.0,0.08,0.1
2567,0.0,0.0,0.25,0.25,0.25,0.0,0.0,0.0,0.0,0.12,0.1,0.0,0.0,0.1,0.1,0.0,0.0,0.1,0.1
2575,0.0,0.0,0.25,0.25,0.25,0.0,0.0,0.0,0.0,0.0,0.0,0.0,0.0,0.1,0.1,0.0,0.0,0.25,0.25
2581,0.0,0.0,0.1,0.2,0.25,0.0,0.0,0.0,0.0,0.12,0.1,0.2,0.25,0.08,0.1,0.0,0.0,0.2,0.25
2588,0.0,0.0,0.08,0.2,0.25,0.12,0.1,0.0,0.0,0.0,0.0,0.2,0.25,0.08,0.1,0.0,0.0,0.2,0.25
2595,0.0,0.0,0.25,0.25,0.25,0.1,0.1,0.0,0.0,0.25,0.25,0.1,0.1,0.1,0.1,0.1,0.1,0.25,0.25
2602,0.0,0.0,0.2,0.25,0.25,0.1,0.1,0.0,0.0,0.1,0.1,0.25,0.25,0.1,0.1,0.1,0.1,0.25,0.25
2609,0.0,0.0,0.1,0.2,0.25,0.0,0.0,0.0,0.0,0.0,0.0,0.2,0.25,0.08,0.1,0.25,0.25,0.2,0.25
2615,0.0,0.0,0.1,0.25,0.25,0.0,0.0,0.0,0.0,0.0,0.0,0.25,0.25,0.1,0.1,0.3,0.25,0.25,0.25
2622,0.0,0.0,0.2,0.0,0.0,0.0,0.0,0.0,0.0,0.3,0.25,0.1,0.1,0.25,0.25,0.0,0.0,0.0,0.0
2628,0.0,0.0,0.08,0.0,0.0,0.0,0.0,0.0,0.0,0.12,0.1,0.0,0.0,0.2,0.25,0.0,0.0,0.08,0.1
2642,0.0,0.0,0.2,0.0,0.0,0.0,0.0,0.0,0.0,0.1,0.1,0.0,0.0,0.25,0.25,0.0,0.0,0.25,0.25
2648,0.0,0.0,0.2,0.0,0.0,0.0,0.0,0.0,0.0,0.0,0.0,0.08,0.1,0.2,0.25,0.0,0.0,0.2,0.25
2654,0.0,0.0,0.2,0.0,0.0,0.0,0.0,0.0,0.0,0.0,0.0,0.1,0.1,0.25,0.25,0.0,0.0,0.25,0.25
2663,0.0,0.0,0.25,0.0,0.0,0.12,0.1,0.0,0.0,0.3,0.25,0.1,0.1,0.25,0.25,0.12,0.1,0.1,0.1
2669,0.0,0.0,0.25,0.0,0.0,0.12,0.1,0.0,0.0,0.12,0.1,0.2,0.25,0.2,0.25,0.12,0.1,0.08,0.1
2677,0.0,0.0,0.1,0.0,0.0,0.12,0.1,0.0,0.0,0.0,0.0,0.0,0.0,0.2,0.25,0.12,0.1,0.2,0.25
2685,0.0,0.0,0.1,0.0,0.0,0.12,0.1,0.0,0.0,0.3,0.25,0.2,0.25,0.2,0.25,0.12,0.1,0.2,0.25
2691,0.0,0.0,0.25,0.0,0.0,0.0,0.0,0.0,0.0,0.0,0.0,0.1,0.1,0.25,0.25,0.25,0.25,0.1,0.1
2697,0.0,0.0,0.1,0.0,0.0,0.0,0.0,0.0,0.0,0.25,0.25,0.2,0.25,0.2,0.25,0.25,0.25,0.08,0.1
2706,0.0,0.0,0.2,0.0,0.0,0.0,0.0,0.0,0.0,0.1,0.1,0.0,0.0,0.25,0.25,0.25,0.25,0.25,0.25
2713,0.0,0.0,0.25,0.0,0.0,0.0,0.0,0.0,0.0,0.0,0.0,0.08,0.1,0.2,0.25,0.25,0.25,0.2,0.25
2720,0.0,0.0,0.08,0.08,0.1,0.0,0.0,0.0,0.0,0.1,0.1,0.2,0.25,0.2,0.25,0.0,0.0,0.0,0.0
2726,0.0,0.0,0.08,0.1,0.1,0.0,0.0,0.0,0.0,0.12,0.1,0.25,0.25,0.25,0.25,0.0,0.0,0.0,0.0
2748,0.0,0.0,0.2,0.08,0.1,0.0,0.0,0.0,0.0,0.0,0.0,0.0,0.0,0.2,0.25,0.0,0.0,0.2,0.25
2759,0.0,0.0,0.1,0.1,0.1,0.12,0.1,0.0,0.0,0.3,0.25,0.25,0.25,0.25,0.25,0.0,0.0,0.1,0.1
2766,0.0,0.0,0.08,0.1,0.1,0.12,0.1,0.0,0.0,0.3,0.25,0.25,0.25,0.25,0.25,0.0,0.0,0.25,0.25
2772,0.0,0.0,0.08,0.08,0.1,0.0,0.0,0.0,0.0,0.3,0.25,0.2,0.25,0.2,0.25,0.12,0.1,0.0,0.0
2778,0.0,0.0,0.08,0.1,0.1,0.0,0.0,0.0,0.0,0.1,0.1,0.1,0.1,0.25,0.25,0.1,0.1,0.1,0.1
2787,0.0,0.0,0.25,0.1,0.1,0.1,0.1,0.0,0.0,0.0,0.0,0.0,0.0,0.25,0.25,0.1,0.1,0.1,0.1
2795,0.0,0.0,0.25,0.1,0.1,0.1,0.1,0.0,0.0,0.1,0.1,0.0,0.0,0.25,0.25,0.1,0.1,0.25,0.25
2801,0.0,0.0,0.25,0.08,0.1,0.1,0.1,0.0,0.0,0.0,0.0,0.08,0.1,0.2,0.25,0.1,0.1,0.2,0.25
2807,0.0,0.0,0.25,0.1,0.1,0.12,0.1,0.0,0.0,0.0,0.0,0.1,0.1,0.25,0.25,0.12,0.1,0.25,0.25
2814,0.0,0.0,0.2,0.1,0.1,0.0,0.0,0.0,0.0,0.3,0.25,0.1,0.1,0.25,0.25,0.3,0.25,0.1,0.1
2818,0.0,0.0,0.2,0.1,0.1,0.0,0.0,0.0,0.0,0.1,0.1,0.25,0.25,0.25,0.25,0.25,0.25,0.1,0.1
2830,0.0,0.0,0.2,0.1,0.1,0.0,0.0,0.0,0.0,0.0,0.0,0.0,0.0,0.25,0.25,0.3,0.25,0.25,0.25
2838,0.0,0.0,0.08,0.1,0.1,0.0,0.0,0.0,0.0,0.12,0.1,0.25,0.25,0.25,0.25,0.3,0.25,0.25,0.25
2845,0.0,0.0,0.25,0.2,0.25,0.0,0.0,0.0,0.0,0.3,0.25,0.0,0.0,0.2,0.25,0.0,0.0,0.0,0.0
2852,0.0,0.0,0.2,0.2,0.25,0.0,0.0,0.0,0.0,0.0,0.0,0.2,0.25,0.2,0.25,0.0,0.0,0.0,0.0
2859,0.0,0.0,0.1,0.25,0.25,0.0,0.0,0.0,0.0,0.25,0.25,0.1,0.1,0.25,0.25,0.0,0.0,0.1,0.1
2866,0.0,0.0,0.2,0.25,0.25,0.0,0.0,0.0,0.0,0.1,0.1,0.0,0.0,0.25,0.25,0.0,0.0,0.25,0.25
2872,0.0,0.0,0.2,0.2,0.25,0.0,0.0,0.0,0.0,0.0,0.0,0.08,0.1,0.2,0.25,0.0,0.0,0.2,0.25
2879,0.0,0.0,0.25,0.25,0.25,0.0,0.0,0.0,0.0,0.0,0.0,0.1,0.1,0.25,0.25,0.0,0.0,0.25,0.25
2891,0.1,0.1,0.25,0.25,0.25,0.0,0.0,0.0,0.0,0.25,0.25,0.25,0.25,0.25,0.25,0.0,0.0,0.25,0.25
2897,0.0,0.0,0.25,0.2,0.25,0.1,0.1,0.0,0.0,0.25,0.25,0.08,0.1,0.2,0.25,0.0,0.0,0.0,0.0
2904,0.0,0.0,0.2,0.2,0.25,0.1,0.1,0.0,0.0,0.1,0.1,0.2,0.25,0.2,0.25,0.0,0.0,0.0,0.0
2911,0.0,0.0,0.25,0.25,0.25,0.12,0.1,0.0,0.0,0.12,0.1,0.25,0.25,0.25,0.25,0.0,0.0,0.0,0.0
2918,0.0,0.0,0.08,0.25,0.25,0.12,0.1,0.0,0.0,0.12,0.1,0.0,0.0,0.25,0.25,0.0,0.0,0.1,0.1
2929,0.0,0.0,0.1,0.2,0.25,0.1,0.1,0.0,0.0,0.0,0.0,0.0,0.0,0.2,0.25,0.0,0.0,0.2,0.25
2935,0.0,0.0,0.1,0.25,0.25,0.12,0.1,0.0,0.0,0.0,0.0,0.0,0.0,0.25,0.25,0.0,0.0,0.25,0.25
2942,0.0,0.0,0.08,0.25,0.25,0.12,0.1,0.0,0.0,0.0,0.0,0.1,0.1,0.25,0.25,0.0,0.0,0.25,0.25
2949,0.0,0.0,0.0,0.2,0.25,0.12,0.1,0.0,0.0,0.0,0.0,0.2,0.25,0.2,0.25,0.0,0.0,0.2,0.25
2959,0.0,0.0,0.1,0.25,0.25,0.12,0.1,0.12,0.1,0.0,0.0,0.1,0.1,0.25,0.25,0.0,0.0,0.25,0.25
2966,0.0,0.0,0.2,0.25,0.25,0.0,0.0,0.0,0.0,0.0,0.0,0.1,0.1,0.25,0.25,0.12,0.1,0.0,0.0
2970,0.0,0.0,0.08,0.25,0.25,0.0,0.0,0.0,0.0,0.25,0.25,0.25,0.25,0.25,0.25,0.1,0.1,0.0,0.0
2977,0.0,0.0,0.25,0.2,0.25,0.0,0.0,0.0,0.0,0.25,0.25,0.2,0.25,0.2,0.25,0.1,0.1,0.08,0.1
3004,0.0,0.0,0.2,0.2,0.25,0.12,0.1,0.12,0.1,0.3,0.25,0.08,0.1,0.2,0.25,0.12,0.1,0.2,0.25
3007,0.0,0.0,0.25,0.25,0.25,0.12,0.1,0.12,0.1,0.3,0.25,0.1,0.1,0.25,0.25,0.12,0.1,0.25,0.25
3014,0.0,0.0,0.2,0.25,0.25,0.3,0.25,0.0,0.0,0.0,0.0,0.25,0.25,0.25,0.25,0.12,0.1,0.1,0.1
3023,0.0,0.0,0.1,0.25,0.25,0.3,0.25,0.0,0.0,0.0,0.0,0.1,0.1,0.25,0.25,0.12,0.1,0.25,0.25
3029,0.0,0.0,0.1,0.2,0.25,0.0,0.0,0.0,0.0,0.12,0.1,0.2,0.25,0.2,0.25,0.3,0.25,0.0,0.0
3036,0.0,0.0,0.2,0.2,0.25,0.0,0.0,0.0,0.0,0.12,0.1,0.0,0.0,0.2,0.25,0.3,0.25,0.08,0.1
3046,0.0,0.0,0.2,0.25,0.25,0.0,0.0,0.0,0.0,0.0,0.0,0.1,0.1,0.25,0.25,0.3,0.25,0.1,0.1
3055,0.0,0.0,0.25,0.25,0.25,0.0,0.0,0.0,0.0,0.3,0.25,0.0,0.0,0.25,0.25,0.3,0.25,0.25,0.25
3059,0.0,0.0,0.25,0.25,0.25,0.0,0.0,0.0,0.0,0.1,0.1,0.1,0.1,0.25,0.25,0.25,0.25,0.25,0.25
3066,0.0,0.0,0.2,0.25,0.25,0.0,0.0,0.0,0.0,0.0,0.0,0.25,0.25,0.25,0.25,0.25,0.25,0.25,0.25
3083,0.0,0.0,0.25,0.25,0.25,0.0,0.0,0.0,0.0,0.25,0.25,0.25,0.25,0.0,0.0,0.0,0.0,0.25,0.25
3092,0.0,0.0,0.2,0.0,0.0,0.0,0.0,0.0,0.0,0.0,0.0,0.08,0.1,0.08,0.1,0.0,0.0,0.2,0.25
3098,0.0,0.0,0.2,0.1,0.1,0.0,0.0,0.0,0.0,0.25,0.25,0.25,0.25,0.1,0.1,0.0,0.0,0.1,0.1
3104,0.0,0.0,0.2,0.2,0.25,0.0,0.0,0.0,0.0,0.0,0.0,0.0,0.0,0.08,0.1,0.0,0.0,0.08,0.1
3111,0.0,0.0,0.25,0.25,0.25,0.0,0.0,0.0,0.0,0.0,0.0,0.0,0.0,0.1,0.1,0.0,0.0,0.1,0.1
3119,0.0,0.0,0.25,0.25,0.25,0.0,0.0,0.0,0.0,0.3,0.25,0.1,0.1,0.1,0.1,0.0,0.0,0.25,0.25
3125,0.0,0.0,0.25,0.2,0.25,0.0,0.0,0.0,0.0,0.12,0.1,0.2,0.25,0.08,0.1,0.0,0.0,0.2,0.25
3134,0.0,0.0,0.2,0.25,0.25,0.12,0.1,0.0,0.0,0.12,0.1,0.1,0.1,0.1,0.1,0.12,0.1,0.25,0.25
3141,0.0,0.0,0.25,0.2,0.25,0.12,0.1,0.0,0.0,0.0,0.0,0.2,0.25,0.08,0.1,0.12,0.1,0.2,0.25
3148,0.0,0.0,0.0,0.0,0.0,0.0,0.0,0.0,0.0,0.12,0.1,0.0,0.0,0.2,0.25,0.0,0.0,0.08,0.1
3154,0.0,0.0,0.2,0.0,0.0,0.0,0.0,0.0,0.0,0.25,0.25,0.1,0.1,0.25,0.25,0.0,0.0,0.1,0.1
3160,0.0,0.0,0.2,0.0,0.0,0.0,0.0,0.0,0.0,0.1,0.1,0.2,0.25,0.2,0.25,0.0,0.0,0.08,0.1
3169,0.0,0.0,0.1,0.0,0.0,0.0,0.0,0.0,0.0,0.25,0.25,0.0,0.0,0.2,0.25,0.0,0.0,0.2,0.25
3176,0.0,0.0,0.0,0.0,0.0,0.0,0.0,0.0,0.0,0.25,0.25,0.08,0.1,0.2,0.25,0.0,0.0,0.2,0.25
3185,0.0,0.0,0.25,0.0,0.0,0.0,0.0,0.1,0.1,0.25,0.25,0.08,0.1,0.2,0.25,0.0,0.0,0.2,0.25
3190,0.0,0.0,0.2,0.0,0.0,0.0,0.0,0.12,0.1,0.3,0.25,0.1,0.1,0.25,0.25,0.0,0.0,0.25,0.25
3197,0.0,0.0,0.25,0.0,0.0,0.0,0.0,0.12,0.1,0.12,0.1,0.2,0.25,0.2,0.25,0.0,0.0,0.2,0.25
3204,0.0,0.0,0.08,0.0,0.0,0.12,0.1,0.0,0.0,0.12,0.1,0.2,0.25,0.2,0.25,0.0,0.0,0.08,0.1
3213,0.0,0.0,0.1,0.0,0.0,0.0,0.0,0.0,0.0,0.12,0.1,0.08,0.1,0.2,0.25,0.12,0.1,0.08,0.1
3220,0.0,0.0,0.08,0.0,0.0,0.0,0.0,0.0,0.0,0.0,0.0,0.2,0.25,0.2,0.25,0.12,0.1,0.08,0.1
3226,0.0,0.0,0.2,0.0,0.0,0.0,0.0,0.0,0.0,0.0,0.0,0.0,0.0,0.25,0.25,0.1,0.1,0.25,0.25
3233,0.0,0.0,0.1,0.0,0.0,0.1,0.1,0.0,0.0,0.25,0.25,0.08,0.1,0.2,0.25,0.1,0.1,0.2,0.25
3238,0.0,0.0,0.08,0.0,0.0,0.12,0.1,0.0,0.0,0.3,0.25,0.1,0.1,0.25,0.25,0.12,0.1,0.25,0.25
3245,0.0,0.0,0.1,0.0,0.0,0.0,0.0,0.0,0.0,0.12,0.1,0.2,0.25,0.2,0.25,0.3,0.25,0.0,0.0
3249,0.0,0.0,0.25,0.0,0.0,0.0,0.0,0.0,0.0,0.0,0.0,0.2,0.25,0.2,0.25,0.25,0.25,0.08,0.1
3256,0.0,0.0,0.2,0.08,0.1,0.0,0.0,0.0,0.0,0.25,0.25,0.0,0.0,0.2,0.25,0.0,0.0,0.0,0.0
3262,0.0,0.0,0.2,0.1,0.1,0.0,0.0,0.0,0.0,0.3,0.25,0.0,0.0,0.25,0.25,0.0,0.0,0.0,0.0
3269,0.0,0.0,0.25,0.08,0.1,0.0,0.0,0.0,0.0,0.12,0.1,0.08,0.1,0.2,0.25,0.0,0.0,0.0,0.0
3282,0.0,0.0,0.2,0.1,0.1,0.0,0.0,0.1,0.1,0.25,0.25,0.0,0.0,0.25,0.25,0.0,0.0,0.1,0.1
3289,0.0,0.0,0.25,0.08,0.1,0.0,0.0,0.1,0.1,0.1,0.1,0.08,0.1,0.2,0.25,0.0,0.0,0.08,0.1
3295,0.0,0.0,0.25,0.1,0.1,0.0,0.0,0.12,0.1,0.12,0.1,0.1,0.1,0.25,0.25,0.0,0.0,0.1,0.1
3302,0.0,0.0,0.08,0.1,0.1,0.0,0.0,0.0,0.0,0.3,0.25,0.0,0.0,0.25,0.25,0.0,0.0,0.25,0.25
3311,0.0,0.0,0.0,0.1,0.1,0.0,0.0,0.0,0.0,0.3,0.25,0.25,0.25,0.25,0.25,0.0,0.0,0.25,0.25
3319,0.0,0.0,0.25,0.1,0.1,0.12,0.1,0.0,0.0,0.3,0.25,0.25,0.25,0.25,0.25,0.0,0.0,0.0,0.0
3326,0.0,0.0,0.08,0.1,0.1,0.12,0.1,0.0,0.0,0.12,0.1,0.0,0.0,0.25,0.25,0.0,0.0,0.1,0.1
3333,0.0,0.0,0.1,0.08,0.1,0.12,0.1,0.0,0.0,0.0,0.0,0.08,0.1,0.2,0.25,0.0,0.0,0.2,0.25
3345,0.0,0.0,0.1,0.08,0.1,0.0,0.0,0.0,0.0,0.1,0.1,0.08,0.1,0.2,0.25,0.1,0.1,0.0,0.0
3351,0.0,0.0,0.1,0.1,0.1,0.0,0.0,0.0,0.0,0.12,0.1,0.1,0.1,0.25,0.25,0.12,0.1,0.0,0.0
3358,0.0,0.0,0.08,0.1,0.1,0.0,0.0,0.0,0.0,0.0,0.0,0.25,0.25,0.25,0.25,0.12,0.1,0.0,0.0
3366,0.0,0.0,0.2,0.1,0.1,0.0,0.0,0.0,0.0,0.3,0.25,0.0,0.0,0.25,0.25,0.12,0.1,0.1,0.1
3374,0.0,0.0,0.2,0.1,0.1,0.0,0.0,0.0,0.0,0.12,0.1,0.1,0.1,0.25,0.25,0.12,0.1,0.1,0.1
3382,0.0,0.0,0.2,0.1,0.1,0.0,0.0,0.0,0.0,0.0,0.0,0.25,0.25,0.25,0.25,0.12,0.1,0.1,0.1
3404,0.0,0.0,0.2,0.08,0.1,0.12,0.1,0.0,0.0,0.3,0.25,0.0,0.0,0.2,0.25,0.12,0.1,0.2,0.25
3411,0.0,0.0,0.25,0.1,0.1,0.1,0.1,0.0,0.0,0.1,0.1,0.1,0.1,0.25,0.25,0.1,0.1,0.25,0.25
3418,0.0,0.0,0.2,0.1,0.1,0.1,0.1,0.0,0.0,0.0,0.0,0.25,0.25,0.25,0.25,0.1,0.1,0.25,0.25
3425,0.0,0.0,0.25,0.08,0.1,0.1,0.1,0.1,0.1,0.25,0.25,0.2,0.25,0.2,0.25,0.1,0.1,0.2,0.25
3440,0.0,0.0,0.08,0.08,0.1,0.0,0.0,0.0,0.0,0.0,0.0,0.2,0.25,0.2,0.25,0.25,0.25,0.08,0.1
3446,0.0,0.0,0.08,0.1,0.1,0.0,0.0,0.0,0.0,0.0,0.0,0.25,0.25,0.25,0.25,0.3,0.25,0.1,0.1
3454,0.0,0.0,0.2,0.1,0.1,0.0,0.0,0.0,0.0,0.3,0.25,0.25,0.25,0.25,0.25,0.3,0.25,0.25,0.25
3468,0.0,0.0,0.08,0.2,0.25,0.0,0.0,0.0,0.0,0.0,0.0,0.0,0.0,0.2,0.25,0.0,0.0,0.0,0.0
3476,0.0,0.0,0.2,0.2,0.25,0.0,0.0,0.0,0.0,0.3,0.25,0.0,0.0,0.2,0.25,0.0,0.0,0.08,0.1
3482,0.0,0.0,0.2,0.25,0.25,0.0,0.0,0.0,0.0,0.1,0.1,0.1,0.1,0.25,0.25,0.0,0.0,0.1,0.1
3488,0.0,0.0,0.2,0.2,0.25,0.0,0.0,0.0,0.0,0.0,0.0,0.2,0.25,0.2,0.25,0.0,0.0,0.08,0.1
3494,0.0,0.0,0.2,0.25,0.25,0.0,0.0,0.0,0.0,0.0,0.0,0.25,0.25,0.25,0.25,0.0,0.0,0.1,0.1
3503,0.0,0.0,0.0,0.25,0.25,0.0,0.0,0.12,0.1,0.3,0.25,0.1,0.1,0.25,0.25,0.0,0.0,0.25,0.25
3510,0.0,0.0,0.2,0.25,0.25,0.12,0.1,0.0,0.0,0.3,0.25,0.25,0.25,0.25,0.25,0.0,0.0,0.0,0.0
3517,0.0,0.0,0.1,0.2,0.25,0.12,0.1,0.0,0.0,0.3,0.25,0.0,0.0,0.2,0.25,0.0,0.0,0.08,0.1
3524,0.0,0.0,0.08,0.2,0.25,0.12,0.1,0.0,0.0,0.12,0.1,0.08,0.1,0.2,0.25,0.0,0.0,0.08,0.1
3531,0.0,0.0,0.25,0.25,0.25,0.1,0.1,0.0,0.0,0.25,0.25,0.25,0.25,0.25,0.25,0.0,0.0,0.1,0.1
3539,0.0,0.0,0.25,0.25,0.25,0.1,0.1,0.1,0.1,0.0,0.0,0.1,0.1,0.25,0.25,0.0,0.0,0.1,0.1
3546,0.0,0.0,0.0,0.25,0.25,0.1,0.1,0.0,0.0,0.25,0.25,0.0,0.0,0.25,0.25,0.0,0.0,0.25,0.25
3553,0.0,0.0,0.0,0.2,0.25,0.1,0.1,0.0,0.0,0.1,0.1,0.08,0.1,0.2,0.25,0.0,0.0,0.2,0.25
3562,0.0,0.0,0.0,0.25,0.25,0.1,0.1,0.0,0.0,0.25,0.25,0.25,0.25,0.25,0.25,0.0,0.0,0.25,0.25
3569,0.0,0.0,0.25,0.2,0.25,0.0,0.0,0.0,0.0,0.1,0.1,0.2,0.25,0.2,0.25,0.1,0.1,0.0,0.0
3575,0.0,0.0,0.25,0.25,0.25,0.0,0.0,0.0,0.0,0.12,0.1,0.25,0.25,0.25,0.25,0.12,0.1,0.0,0.0
3582,0.0,0.0,0.08,0.25,0.25,0.0,0.0,0.0,0.0,0.12,0.1,0.1,0.1,0.25,0.25,0.12,0.1,0.1,0.1
3590,0.0,0.0,0.08,0.25,0.25,0.0,0.0,0.0,0.0,0.12,0.1,0.25,0.25,0.25,0.25,0.12,0.1,0.1,0.1
3598,0.0,0.0,0.2,0.25,0.25,0.0,0.0,0.0,0.0,0.3,0.25,0.25,0.25,0.25,0.25,0.12,0.1,0.25,0.25
3603,0.0,0.0,0.25,0.25,0.25,0.0,0.0,0.1,0.1,0.0,0.0,0.1,0.1,0.25,0.25,0.1,0.1,0.25,0.25
3610,0.0,0.0,0.2,0.25,0.25,0.0,0.0,0.1,0.1,0.0,0.0,0.25,0.25,0.25,0.25,0.1,0.1,0.25,0.25
3622,0.0,0.0,0.0,0.25,0.25,0.12,0.1,0.0,0.0,0.0,0.0,0.25,0.25,0.25,0.25,0.12,0.1,0.25,0.25
3633,0.0,0.0,0.1,0.2,0.25,0.0,0.0,0.0,0.0,0.0,0.0,0.2,0.25,0.2,0.25,0.25,0.25,0.08,0.1
3640,0.0,0.0,0.2,0.2,0.25,0.25,0.25,0.0,0.0,0.25,0.25,0.0,0.0,0.2,0.25,0.25,0.25,0.2,0.25
3646,0.0,0.0,0.2,0.25,0.25,0.3,0.25,0.0,0.0,0.3,0.25,0.0,0.0,0.25,0.25,0.3,0.25,0.25,0.25
3655,0.0,0.0,0.25,0.25,0.25,0.0,0.0,0.0,0.0,0.12,0.1,0.25,0.25,0.0,0.0,0.0,0.0,0.1,0.1
3665,0.0,0.0,0.25,0.08,0.1,0.0,0.0,0.0,0.0,0.25,0.25,0.2,0.25,0.08,0.1,0.0,0.0,0.2,0.25
3671,0.0,0.0,0.25,0.1,0.1,0.0,0.0,0.0,0.0,0.3,0.25,0.25,0.25,0.1,0.1,0.0,0.0,0.25,0.25
3678,0.0,0.0,0.2,0.25,0.25,0.0,0.0,0.0,0.0,0.0,0.0,0.0,0.0,0.1,0.1,0.0,0.0,0.0,0.0
3685,0.0,0.0,0.1,0.2,0.25,0.12,0.1,0.0,0.0,0.0,0.0,0.08,0.1,0.08,0.1,0.0,0.0,0.2,0.25
3692,0.0,0.0,0.2,0.2,0.25,0.12,0.1,0.0,0.0,0.12,0.1,0.0,0.0,0.08,0.1,0.12,0.1,0.2,0.25
3699,0.0,0.0,0.25,0.25,0.25,0.1,0.1,0.0,0.0,0.0,0.0,0.1,0.1,0.1,0.1,0.1,0.1,0.25,0.25
3706,0.0,0.0,0.2,0.0,0.0,0.0,0.0,0.0,0.0,0.25,0.25,0.0,0.0,0.25,0.25,0.0,0.0,0.1,0.1
3713,0.0,0.0,0.25,0.0,0.0,0.0,0.0,0.0,0.0,0.1,0.1,0.08,0.1,0.2,0.25,0.0,0.0,0.08,0.1
3720,0.0,0.0,0.2,0.0,0.0,0.0,0.0,0.0,0.0,0.0,0.0,0.2,0.25,0.2,0.25,0.0,0.0,0.08,0.1
3727,0.0,0.0,0.25,0.0,0.0,0.0,0.0,0.0,0.0,0.0,0.0,0.25,0.25,0.25,0.25,0.0,0.0,0.1,0.1
3734,0.0,0.0,0.08,0.0,0.0,0.0,0.0,0.0,0.0,0.12,0.1,0.0,0.0,0.25,0.25,0.0,0.0,0.25,0.25
3745,0.0,0.0,0.25,0.0,0.0,0.0,0.0,0.0,0.0,0.25,0.25,0.2,0.25,0.2,0.25,0.0,0.0,0.2,0.25
3750,0.0,0.0,0.2,0.0,0.0,0.0,0.0,0.0,0.0,0.3,0.25,0.25,0.25,0.25,0.25,0.0,0.0,0.25,0.25
3759,0.0,0.0,0.25,0.0,0.0,0.0,0.0,0.12,0.1,0.12,0.1,0.0,0.0,0.25,0.25,0.0,0.0,0.25,0.25
3766,0.0,0.0,0.2,0.0,0.0,0.0,0.0,0.12,0.1,0.12,0.1,0.1,0.1,0.25,0.25,0.0,0.0,0.25,0.25
3773,0.0,0.0,0.25,0.0,0.0,0.0,0.0,0.12,0.1,0.0,0.0,0.2,0.25,0.2,0.25,0.0,0.0,0.2,0.25
3779,0.0,0.0,0.25,0.0,0.0,0.0,0.0,0.0,0.0,0.1,0.1,0.0,0.0,0.25,0.25,0.1,0.1,0.1,0.1
3785,0.0,0.0,0.25,0.0,0.0,0.0,0.0,0.0,0.0,0.0,0.0,0.08,0.1,0.2,0.25,0.1,0.1,0.08,0.1
3792,0.0,0.0,0.2,0.0,0.0,0.0,0.0,0.0,0.0,0.25,0.25,0.08,0.1,0.2,0.25,0.1,0.1,0.2,0.25
3799,0.0,0.0,0.25,0.0,0.0,0.0,0.0,0.0,0.0,0.3,0.25,0.1,0.1,0.25,0.25,0.12,0.1,0.25,0.25
3804,0.0,0.0,0.2,0.0,0.0,0.0,0.0,0.0,0.0,0.12,0.1,0.2,0.25,0.2,0.25,0.12,0.1,0.2,0.25
3811,0.0,0.0,0.25,0.0,0.0,0.1,0.1,0.0,0.0,0.1,0.1,0.0,0.0,0.25,0.25,0.1,0.1,0.1,0.1
3818,0.0,0.0,0.2,0.0,0.0,0.1,0.1,0.0,0.0,0.0,0.0,0.1,0.1,0.25,0.25,0.1,0.1,0.1,0.1
3826,0.0,0.0,0.2,0.0,0.0,0.1,0.1,0.0,0.0,0.1,0.1,0.1,0.1,0.25,0.25,0.1,0.1,0.25,0.25
3833,0.0,0.0,0.25,0.0,0.0,0.1,0.1,0.0,0.0,0.0,0.0,0.2,0.25,0.2,0.25,0.1,0.1,0.2,0.25
3840,0.0,0.0,0.08,0.0,0.0,0.0,0.0,0.0,0.0,0.0,0.0,0.08,0.1,0.2,0.25,0.25,0.25,0.08,0.1
3852,0.0,0.0,0.2,0.0,0.0,0.0,0.0,0.0,0.0,0.3,0.25,0.2,0.25,0.2,0.25,0.3,0.25,0.08,0.1
3856,0.0,0.0,0.2,0.0,0.0,0.0,0.0,0.0,0.0,0.25,0.25,0.0,0.0,0.2,0.25,0.25,0.25,0.2,0.25
3863,0.0,0.0,0.25,0.0,0.0,0.0,0.0,0.0,0.0,0.3,0.25,0.0,0.0,0.25,0.25,0.3,0.25,0.25,0.25
3872,0.0,0.0,0.2,0.0,0.0,0.0,0.0,0.0,0.0,0.0,0.0,0.2,0.25,0.2,0.25,0.25,0.25,0.2,0.25
3879,0.0,0.0,0.25,0.0,0.0,0.0,0.0,0.0,0.0,0.0,0.0,0.25,0.25,0.25,0.25,0.3,0.25,0.25,0.25
3887,0.0,0.0,0.25,0.1,0.1,0.0,0.0,0.0,0.0,0.3,0.25,0.1,0.1,0.25,0.25,0.0,0.0,0.0,0.0
3894,0.0,0.0,0.2,0.1,0.1,0.0,0.0,0.0,0.0,0.0,0.0,0.0,0.0,0.25,0.25,0.0,0.0,0.1,0.1
3908,0.0,0.0,0.2,0.08,0.1,0.0,0.0,0.0,0.0,0.3,0.25,0.2,0.25,0.2,0.25,0.0,0.0,0.2,0.25
3913,0.0,0.0,0.25,0.08,0.1,0.0,0.0,0.1,0.1,0.1,0.1,0.0,0.0,0.2,0.25,0.0,0.0,0.2,0.25
3919,0.0,0.0,0.25,0.1,0.1,0.0,0.0,0.12,0.1,0.12,0.1,0.0,0.0,0.25,0.25,0.0,0.0,0.25,0.25
3926,0.0,0.0,0.2,0.1,0.1,0.0,0.0,0.12,0.1,0.0,0.0,0.1,0.1,0.25,0.25,0.0,0.0,0.25,0.25
3932,0.0,0.0,0.08,0.08,0.1,0.12,0.1,0.0,0.0,0.12,0.1,0.08,0.1,0.2,0.25,0.0,0.0,0.08,0.1
3939,0.0,0.0,0.1,0.1,0.1,0.1,0.1,0.0,0.0,0.0,0.0,0.25,0.25,0.25,0.25,0.0,0.0,0.1,0.1
3946,0.0,0.0,0.08,0.1,0.1,0.1,0.1,0.0,0.0,0.0,0.0,0.0,0.0,0.25,0.25,0.0,0.0,0.25,0.25
3953,0.0,0.0,0.0,0.08,0.1,0.1,0.1,0.0,0.0,0.1,0.1,0.08,0.1,0.2,0.25,0.0,0.0,0.2,0.25
3960,0.0,0.0,0.08,0.08,0.1,0.1,0.1,0.0,0.0,0.1,0.1,0.2,0.25,0.2,0.25,0.0,0.0,0.2,0.25
3967,0.0,0.0,0.1,0.1,0.1,0.12,0.1,0.0,0.0,0.12,0.1,0.25,0.25,0.25,0.25,0.0,0.0,0.25,0.25
3974,0.0,0.0,0.08,0.1,0.1,0.0,0.0,0.0,0.0,0.12,0.1,0.25,0.25,0.25,0.25,0.12,0.1,0.0,0.0
3982,0.0,0.0,0.2,0.1,0.1,0.0,0.0,0.0,0.0,0.12,0.1,0.0,0.0,0.25,0.25,0.12,0.1,0.25,0.25
3990,0.0,0.0,0.2,0.1,0.1,0.0,0.0,0.0,0.0,0.0,0.0,0.1,0.1,0.25,0.25,0.12,0.1,0.25,0.25
3997,0.0,0.0,0.25,0.08,0.1,0.12,0.1,0.0,0.0,0.3,0.25,0.0,0.0,0.2,0.25,0.12,0.1,0.08,0.1
4004,0.0,0.0,0.2,0.08,0.1,0.12,0.1,0.0,0.0,0.12,0.1,0.08,0.1,0.2,0.25,0.12,0.1,0.08,0.1
4017,0.0,0.0,0.0,0.08,0.1,0.1,0.1,0.0,0.0,0.0,0.0,0.08,0.1,0.2,0.25,0.1,0.1,0.2,0.25
4026,0.0,0.0,0.2,0.1,0.1,0.1,0.1,0.0,0.0,0.25,0.25,0.25,0.25,0.25,0.25,0.1,0.1,0.25,0.25
4033,0.0,0.0,0.25,0.08,0.1,0.1,0.1,0.1,0.1,0.0,0.0,0.08,0.1,0.2,0.25,0.1,0.1,0.2,0.25
4041,0.0,0.0,0.1,0.08,0.1,0.0,0.0,0.0,0.0,0.0,0.0,0.08,0.1,0.2,0.25,0.25,0.25,0.0,0.0
4049,0.0,0.0,0.1,0.08,0.1,0.0,0.0,0.0,0.0,0.1,0.1,0.2,0.25,0.2,0.25,0.25,0.25,0.0,0.0
4055,0.0,0.0,0.1,0.1,0.1,0.0,0.0,0.0,0.0,0.12,0.1,0.25,0.25,0.25,0.25,0.3,0.25,0.0,0.0
4062,0.0,0.0,0.2,0.1,0.1,0.0,0.0,0.0,0.0,0.3,0.25,0.0,0.0,0.25,0.25,0.3,0.25,0.25,0.25
4069,0.0,0.0,0.25,0.08,0.1,0.0,0.0,0.0,0.0,0.12,0.1,0.08,0.1,0.2,0.25,0.3,0.25,0.2,0.25
4078,0.0,0.0,0.2,0.1,0.1,0.0,0.0,0.0,0.0,0.0,0.0,0.25,0.25,0.25,0.25,0.3,0.25,0.25,0.25
4085,0.0,0.0,0.25,0.2,0.25,0.0,0.0,0.0,0.0,0.12,0.1,0.0,0.0,0.2,0.25,0.0,0.0,0.0,0.0
4091,0.0,0.0,0.1,0.25,0.25,0.0,0.0,0.0,0.0,0.25,0.25,0.1,0.1,0.25,0.25,0.0,0.0,0.0,0.0
4098,0.0,0.0,0.2,0.25,0.25,0.0,0.0,0.0,0.0,0.1,0.1,0.0,0.0,0.25,0.25,0.0,0.0,0.1,0.1
4105,0.0,0.0,0.25,0.2,0.25,0.0,0.0,0.0,0.0,0.0,0.0,0.08,0.1,0.2,0.25,0.0,0.0,0.08,0.1
4111,0.0,0.0,0.25,0.25,0.25,0.0,0.0,0.0,0.0,0.0,0.0,0.1,0.1,0.25,0.25,0.0,0.0,0.1,0.1
4119,0.0,0.0,0.1,0.25,0.25,0.0,0.0,0.0,0.0,0.3,0.25,0.25,0.25,0.25,0.25,0.0,0.0,0.1,0.1
4126,0.0,0.0,0.2,0.25,0.25,0.0,0.0,0.0,0.0,0.3,0.25,0.1,0.1,0.25,0.25,0.0,0.0,0.25,0.25
4133,0.0,0.0,0.25,0.2,0.25,0.0,0.0,0.0,0.0,0.12,0.1,0.2,0.25,0.2,0.25,0.0,0.0,0.2,0.25
4137,0.0,0.0,0.25,0.2,0.25,0.0,0.0,0.1,0.1,0.0,0.0,0.0,0.0,0.2,0.25,0.0,0.0,0.2,0.25
4144,0.1,0.1,0.08,0.2,0.25,0.0,0.0,0.0,0.0,0.25,0.25,0.0,0.0,0.2,0.25,0.0,0.0,0.2,0.25
4151,0.12,0.1,0.1,0.25,0.25,0.0,0.0,0.0,0.0,0.3,0.25,0.0,0.0,0.25,0.25,0.0,0.0,0.25,0.25
4162,0.0,0.0,0.2,0.25,0.25,0.1,0.1,0.0,0.0,0.25,0.25,0.0,0.0,0.25,0.25,0.0,0.0,0.1,0.1
4169,0.0,0.0,0.25,0.2,0.25,0.1,0.1,0.0,0.0,0.0,0.0,0.08,0.1,0.2,0.25,0.0,0.0,0.08,0.1
4175,0.0,0.0,0.25,0.25,0.25,0.12,0.1,0.0,0.0,0.0,0.0,0.1,0.1,0.25,0.25,0.0,0.0,0.1,0.1
4192,0.0,0.0,0.2,0.2,0.25,0.1,0.1,0.0,0.0,0.1,0.1,0.08,0.1,0.2,0.25,0.0,0.0,0.2,0.25
4199,0.0,0.0,0.25,0.25,0.25,0.12,0.1,0.0,0.0,0.12,0.1,0.1,0.1,0.25,0.25,0.0,0.0,0.25,0.25
4206,0.0,0.0,0.2,0.25,0.25,0.12,0.1,0.0,0.0,0.0,0.0,0.25,0.25,0.25,0.25,0.0,0.0,0.25,0.25
4214,0.0,0.0,0.08,0.25,0.25,0.12,0.1,0.12,0.1,0.0,0.0,0.25,0.25,0.25,0.25,0.0,0.0,0.25,0.25
4221,0.0,0.0,0.1,0.2,0.25,0.0,0.0,0.0,0.0,0.12,0.1,0.08,0.1,0.2,0.25,0.12,0.1,0.0,0.0
4226,0.0,0.0,0.08,0.25,0.25,0.0,0.0,0.0,0.0,0.0,0.0,0.25,0.25,0.25,0.25,0.1,0.1,0.0,0.0
4234,0.0,0.0,0.2,0.25,0.25,0.0,0.0,0.0,0.0,0.0,0.0,0.0,0.0,0.25,0.25,0.1,0.1,0.1,0.1
4238,0.0,0.0,0.2,0.25,0.25,0.0,0.0,0.0,0.0,0.0,0.0,0.0,0.0,0.25,0.25,0.12,0.1,0.1,0.1
4244,0.0,0.0,0.08,0.2,0.25,0.0,0.0,0.0,0.0,0.3,0.25,0.08,0.1,0.2,0.25,0.12,0.1,0.08,0.1
4251,0.0,0.0,0.1,0.25,0.25,0.0,0.0,0.0,0.0,0.0,0.0,0.25,0.25,0.25,0.25,0.1,0.1,0.1,0.1
4264,0.0,0.0,0.2,0.2,0.25,0.1,0.1,0.0,0.0,0.0,0.0,0.0,0.0,0.2,0.25,0.1,0.1,0.08,0.1
4271,0.0,0.0,0.25,0.25,0.25,0.12,0.1,0.0,0.0,0.0,0.0,0.0,0.0,0.25,0.25,0.12,0.1,0.1,0.1
4278,0.0,0.0,0.2,0.25,0.25,0.12,0.1,0.0,0.0,0.0,0.0,0.0,0.0,0.25,0.25,0.12,0.1,0.25,0.25
4293,0.0,0.0,0.25,0.2,0.25,0.12,0.1,0.12,0.1,0.3,0.25,0.0,0.0,0.2,0.25,0.12,0.1,0.2,0.25
4300,0.0,0.0,0.2,0.2,0.25,0.12,0.1,0.12,0.1,0.12,0.1,0.08,0.1,0.2,0.25,0.12,0.1,0.2,0.25
4307,0.1,0.1,0.25,0.25,0.25,0.1,0.1,0.0,0.0,0.0,0.0,0.25,0.25,0.25,0.25,0.1,0.1,0.25,0.25
4314,0.0,0.0,0.2,0.25,0.25,0.0,0.0,0.0,0.0,0.0,0.0,0.25,0.25,0.25,0.25,0.25,0.25,0.0,0.0
4332,0.0,0.0,0.2,0.2,0.25,0.0,0.0,0.0,0.0,0.12,0.1,0.2,0.25,0.2,0.25,0.3,0.25,0.08,0.1
4339,0.0,0.0,0.1,0.25,0.25,0.0,0.0,0.0,0.0,0.1,0.1,0.1,0.1,0.25,0.25,0.25,0.25,0.25,0.25
4343,0.0,0.0,0.1,0.25,0.25,0.0,0.0,0.0,0.0,0.12,0.1,0.1,0.1,0.25,0.25,0.3,0.25,0.25,0.25
4350,0.0,0.0,0.08,0.25,0.25,0.0,0.0,0.0,0.0,0.12,0.1,0.25,0.25,0.25,0.25,0.3,0.25,0.25,0.25
4359,0.0,0.0,0.25,0.25,0.25,0.3,0.25,0.0,0.0,0.0,0.0,0.0,0.0,0.25,0.25,0.3,0.25,0.25,0.25
4366,0.0,0.0,0.2,0.25,0.25,0.0,0.0,0.0,0.0,0.12,0.1,0.25,0.25,0.0,0.0,0.0,0.0,0.25,0.25
4372,0.0,0.0,0.2,0.0,0.0,0.0,0.0,0.0,0.0,0.12,0.1,0.2,0.25,0.08,0.1,0.0,0.0,0.2,0.25
4379,0.0,0.0,0.25,0.1,0.1,0.0,0.0,0.0,0.0,0.1,0.1,0.1,0.1,0.1,0.1,0.0,0.0,0.1,0.1
4386,0.0,0.0,0.2,0.1,0.1,0.0,0.0,0.0,0.0,0.0,0.0,0.25,0.25,0.1,0.1,0.0,0.0,0.1,0.1
4393,0.0,0.0,0.25,0.08,0.1,0.1,0.1,0.0,0.0,0.1,0.1,0.2,0.25,0.08,0.1,0.1,0.1,0.2,0.25
4399,0.0,0.0,0.25,0.1,0.1,0.12,0.1,0.0,0.0,0.12,0.1,0.25,0.25,0.1,0.1,0.12,0.1,0.25,0.25
4406,0.0,0.0,0.2,0.25,0.25,0.0,0.0,0.0,0.0,0.0,0.0,0.1,0.1,0.1,0.1,0.0,0.0,0.1,0.1
4413,0.0,0.0,0.1,0.2,0.25,0.0,0.0,0.0,0.0,0.12,0.1,0.08,0.1,0.08,0.1,0.0,0.0,0.2,0.25
4419,0.0,0.0,0.25,0.25,0.25,0.1,0.1,0.0,0.0,0.0,0.0,0.25,0.25,0.1,0.1,0.0,0.0,0.0,0.0
4426,0.0,0.0,0.2,0.25,0.25,0.1,0.1,0.1,0.1,0.0,0.0,0.0,0.0,0.1,0.1,0.0,0.0,0.25,0.25
4432,0.0,0.0,0.08,0.2,0.25,0.0,0.0,0.0,0.0,0.1,0.1,0.2,0.25,0.08,0.1,0.1,0.1,0.2,0.25
4439,0.0,0.0,0.1,0.25,0.25,0.0,0.0,0.0,0.0,0.12,0.1,0.25,0.25,0.1,0.1,0.12,0.1,0.25,0.25
4445,0.0,0.0,0.25,0.0,0.0,0.0,0.0,0.0,0.0,0.0,0.0,0.0,0.0,0.2,0.25,0.0,0.0,0.08,0.1
4454,0.0,0.0,0.0,0.0,0.0,0.0,0.0,0.0,0.0,0.3,0.25,0.0,0.0,0.25,0.25,0.0,0.0,0.25,0.25
4459,0.0,0.0,0.0,0.0,0.0,0.0,0.0,0.0,0.0,0.25,0.25,0.25,0.25,0.25,0.25,0.0,0.0,0.25,0.25
4467,0.0,0.0,0.25,0.0,0.0,0.1,0.1,0.0,0.0,0.0,0.0,0.1,0.1,0.25,0.25,0.0,0.0,0.25,0.25
4474,0.0,0.0,0.08,0.0,0.0,0.1,0.1,0.0,0.0,0.0,0.0,0.25,0.25,0.25,0.25,0.0,0.0,0.25,0.25
4481,0.0,0.0,0.1,0.0,0.0,0.0,0.0,0.0,0.0,0.0,0.0,0.2,0.25,0.2,0.25,0.1,0.1,0.0,0.0
4487,0.0,0.0,0.1,0.0,0.0,0.0,0.0,0.0,0.0,0.0,0.0,0.25,0.25,0.25,0.25,0.12,0.1,0.0,0.0
4498,0.0,0.0,0.2,0.0,0.0,0.0,0.0,0.0,0.0,0.1,0.1,0.1,0.1,0.25,0.25,0.1,0.1,0.1,0.1
4502,0.0,0.0,0.2,0.0,0.0,0.0,0.0,0.0,0.0,0.12,0.1,0.1,0.1,0.25,0.25,0.12,0.1,0.1,0.1
4509,0.0,0.0,0.25,0.0,0.0,0.0,0.0,0.0,0.0,0.0,0.0,0.2,0.25,0.2,0.25,0.12,0.1,0.08,0.1
4515,0.0,0.0,0.25,0.0,0.0,0.0,0.0,0.0,0.0,0.25,0.25,0.0,0.0,0.25,0.25,0.1,0.1,0.25,0.25
4522,0.0,0.0,0.2,0.0,0.0,0.0,0.0,0.0,0.0,0.1,0.1,0.1,0.1,0.25,0.25,0.1,0.1,0.25,0.25
4528,0.0,0.0,0.2,0.0,0.0,0.0,0.0,0.0,0.0,0.0,0.0,0.2,0.25,0.2,0.25,0.1,0.1,0.2,0.25
4535,0.0,0.0,0.25,0.0,0.0,0.0,0.0,0.0,0.0,0.0,0.0,0.25,0.25,0.25,0.25,0.12,0.1,0.25,0.25
4541,0.0,0.0,0.1,0.0,0.0,0.12,0.1,0.0,0.0,0.3,0.25,0.0,0.0,0.2,0.25,0.12,0.1,0.2,0.25
4548,0.0,0.0,0.08,0.0,0.0,0.12,0.1,0.0,0.0,0.0,0.0,0.08,0.1,0.2,0.25,0.12,0.1,0.2,0.25
4561,0.0,0.0,0.25,0.0,0.0,0.1,0.1,0.0,0.0,0.25,0.25,0.2,0.25,0.2,0.25,0.1,0.1,0.2,0.25
4569,0.0,0.0,0.25,0.0,0.0,0.1,0.1,0.1,0.1,0.0,0.0,0.2,0.25,0.2,0.25,0.1,0.1,0.2,0.25
4575,0.0,0.0,0.25,0.0,0.0,0.12,0.1,0.12,0.1,0.0,0.0,0.25,0.25,0.25,0.25,0.12,0.1,0.25,0.25
4582,0.0,0.0,0.08,0.0,0.0,0.0,0.0,0.0,0.0,0.3,0.25,0.1,0.1,0.25,0.25,0.3,0.25,0.1,0.1
4590,0.0,0.0,0.08,0.0,0.0,0.0,0.0,0.0,0.0,0.12,0.1,0.25,0.25,0.25,0.25,0.3,0.25,0.1,0.1
4604,0.0,0.0,0.2,0.0,0.0,0.0,0.0,0.0,0.0,0.12,0.1,0.2,0.25,0.2,0.25,0.3,0.25,0.2,0.25
4612,0.0,0.0,0.2,0.08,0.1,0.0,0.0,0.0,0.0,0.12,0.1,0.0,0.0,0.2,0.25,0.0,0.0,0.08,0.1
4618,0.0,0.0,0.2,0.1,0.1,0.0,0.0,0.0,0.0,0.0,0.0,0.1,0.1,0.25,0.25,0.0,0.0,0.1,0.1
4625,0.0,0.0,0.25,0.08,0.1,0.0,0.0,0.1,0.1,0.25,0.25,0.08,0.1,0.2,0.25,0.0,0.0,0.08,0.1
4632,0.0,0.0,0.2,0.08,0.1,0.0,0.0,0.1,0.1,0.25,0.25,0.0,0.0,0.2,0.25,0.0,0.0,0.2,0.25
4639,0.0,0.0,0.25,0.1,0.1,0.0,0.0,0.12,0.1,0.3,0.25,0.0,0.0,0.25,0.25,0.0,0.0,0.25,0.25
4646,0.0,0.0,0.2,0.1,0.1,0.0,0.0,0.12,0.1,0.12,0.1,0.1,0.1,0.25,0.25,0.0,0.0,0.25,0.25
4653,0.0,0.0,0.25,0.08,0.1,0.12,0.1,0.0,0.0,0.0,0.0,0.2,0.25,0.2,0.25,0.0,0.0,0.0,0.0
4659,0.0,0.0,0.1,0.1,0.1,0.1,0.1,0.0,0.0,0.0,0.0,0.1,0.1,0.25,0.25,0.0,0.0,0.1,0.1
4672,0.0,0.0,0.2,0.08,0.1,0.1,0.1,0.0,0.0,0.25,0.25,0.2,0.25,0.2,0.25,0.0,0.0,0.08,0.1
4679,0.0,0.0,0.25,0.1,0.1,0.12,0.1,0.0,0.0,0.3,0.25,0.25,0.25,0.25,0.25,0.0,0.0,0.1,0.1
4688,0.0,0.0,0.2,0.08,0.1,0.1,0.1,0.1,0.1,0.0,0.0,0.0,0.0,0.2,0.25,0.0,0.0,0.2,0.25
4695,0.0,0.0,0.25,0.1,0.1,0.12,0.1,0.12,0.1,0.0,0.0,0.0,0.0,0.25,0.25,0.0,0.0,0.25,0.25
4702,0.0,0.0,0.2,0.1,0.1,0.0,0.0,0.0,0.0,0.0,0.0,0.0,0.0,0.25,0.25,0.12,0.1,0.1,0.1
4707,0.0,0.0,0.1,0.1,0.1,0.0,0.0,0.0,0.0,0.25,0.25,0.1,0.1,0.25,0.25,0.1,0.1,0.1,0.1
4714,0.0,0.0,0.08,0.1,0.1,0.0,0.0,0.0,0.0,0.1,0.1,0.25,0.25,0.25,0.25,0.1,0.1,0.1,0.1
4721,0.0,0.0,0.25,0.08,0.1,0.0,0.0,0.0,0.0,0.25,0.25,0.2,0.25,0.2,0.25,0.1,0.1,0.2,0.25
4728,0.0,0.0,0.2,0.08,0.1,0.1,0.1,0.0,0.0,0.1,0.1,0.0,0.0,0.2,0.25,0.1,0.1,0.08,0.1
4733,0.0,0.0,0.25,0.08,0.1,0.12,0.1,0.0,0.0,0.12,0.1,0.0,0.0,0.2,0.25,0.12,0.1,0.08,0.1
4740,0.0,0.0,0.2,0.08,0.1,0.12,0.1,0.0,0.0,0.0,0.0,0.08,0.1,0.2,0.25,0.12,0.1,0.08,0.1
4747,0.0,0.0,0.25,0.1,0.1,0.1,0.1,0.0,0.0,0.0,0.0,0.0,0.0,0.25,0.25,0.1,0.1,0.25,0.25
4754,0.0,0.0,0.08,0.1,0.1,0.1,0.1,0.0,0.0,0.25,0.25,0.1,0.1,0.25,0.25,0.1,0.1,0.25,0.25
4760,0.0,0.0,0.2,0.08,0.1,0.1,0.1,0.1,0.1,0.1,0.1,0.2,0.25,0.2,0.25,0.1,0.1,0.2,0.25
4766,0.0,0.0,0.2,0.1,0.1,0.12,0.1,0.12,0.1,0.12,0.1,0.25,0.25,0.25,0.25,0.12,0.1,0.25,0.25
4781,0.0,0.0,0.25,0.08,0.1,0.0,0.0,0.0,0.0,0.12,0.1,0.0,0.0,0.2,0.25,0.3,0.25,0.08,0.1
4785,0.0,0.0,0.25,0.08,0.1,0.0,0.0,0.0,0.0,0.0,0.0,0.08,0.1,0.2,0.25,0.25,0.25,0.08,0.1
4791,0.0,0.0,0.25,0.1,0.1,0.0,0.0,0.0,0.0,0.0,0.0,0.1,0.1,0.25,0.25,0.3,0.25,0.1,0.1
4797,0.0,0.0,0.1,0.08,0.1,0.0,0.0,0.0,0.0,0.3,0.25,0.2,0.25,0.2,0.25,0.3,0.25,0.08,0.1
4804,0.0,0.0,0.08,0.08,0.1,0.0,0.0,0.0,0.0,0.12,0.1,0.08,0.1,0.2,0.25,0.3,0.25,0.2,0.25
4811,0.0,0.0,0.1,0.1,0.1,0.0,0.0,0.0,0.0,0.0,0.0,0.25,0.25,0.25,0.25,0.25,0.25,0.25,0.25
4814,0.0,0.0,0.08,0.1,0.1,0.0,0.0,0.0,0.0,0.0,0.0,0.25,0.25,0.25,0.25,0.3,0.25,0.25,0.25
4822,0.0,0.0,0.2,0.25,0.25,0.0,0.0,0.0,0.0,0.12,0.1,0.25,0.25,0.25,0.25,0.0,0.0,0.0,0.0
4829,0.0,0.0,0.25,0.2,0.25,0.0,0.0,0.0,0.0,0.3,0.25,0.08,0.1,0.2,0.25,0.0,0.0,0.08,0.1
4838,0.0,0.0,0.2,0.25,0.25,0.0,0.0,0.0,0.0,0.12,0.1,0.25,0.25,0.25,0.25,0.0,0.0,0.1,0.1
4843,0.0,0.0,0.25,0.25,0.25,0.0,0.0,0.1,0.1,0.0,0.0,0.0,0.0,0.25,0.25,0.0,0.0,0.1,0.1
4850,0.0,0.0,0.2,0.25,0.25,0.0,0.0,0.0,0.0,0.0,0.0,0.0,0.0,0.25,0.25,0.0,0.0,0.25,0.25
4857,0.0,0.0,0.1,0.2,0.25,0.1,0.1,0.0,0.0,0.0,0.0,0.0,0.0,0.2,0.25,0.0,0.0,0.08,0.1
4867,0.0,0.0,0.0,0.25,0.25,0.1,0.1,0.0,0.0,0.0,0.0,0.1,0.1,0.25,0.25,0.0,0.0,0.1,0.1
4876,0.0,0.0,0.2,0.2,0.25,0.12,0.1,0.0,0.0,0.3,0.25,0.08,0.1,0.2,0.25,0.0,0.0,0.08,0.1
4883,0.0,0.0,0.25,0.25,0.25,0.1,0.1,0.0,0.0,0.1,0.1,0.25,0.25,0.25,0.25,0.0,0.0,0.1,0.1
4890,0.0,0.0,0.08,0.25,0.25,0.1,0.1,0.0,0.0,0.1,0.1,0.0,0.0,0.25,0.25,0.0,0.0,0.25,0.25
4897,0.0,0.0,0.0,0.2,0.25,0.1,0.1,0.0,0.0,0.25,0.25,0.08,0.1,0.2,0.25,0.0,0.0,0.2,0.25
4904,0.0,0.0,0.08,0.2,0.25,0.1,0.1,0.0,0.0,0.0,0.0,0.2,0.25,0.2,0.25,0.0,0.0,0.2,0.25
4909,0.0,0.0,0.1,0.2,0.25,0.12,0.1,0.0,0.0,0.0,0.0,0.2,0.25,0.2,0.25,0.0,0.0,0.2,0.25
4916,0.0,0.0,0.2,0.2,0.25,0.12,0.1,0.0,0.0,0.3,0.25,0.2,0.25,0.2,0.25,0.0,0.0,0.2,0.25
4923,0.0,0.0,0.25,0.25,0.25,0.1,0.1,0.1,0.1,0.1,0.1,0.25,0.25,0.25,0.25,0.0,0.0,0.25,0.25
4936,0.0,0.0,0.2,0.2,0.25,0.0,0.0,0.0,0.0,0.1,0.1,0.0,0.0,0.2,0.25,0.1,0.1,0.08,0.1
4941,0.0,0.0,0.25,0.2,0.25,0.0,0.0,0.0,0.0,0.12,0.1,0.0,0.0,0.2,0.25,0.12,0.1,0.08,0.1
4950,0.0,0.0,0.2,0.25,0.25,0.0,0.0,0.0,0.0,0.0,0.0,0.1,0.1,0.25,0.25,0.12,0.1,0.1,0.1
4955,0.0,0.0,0.1,0.25,0.25,0.0,0.0,0.0,0.0,0.25,0.25,0.25,0.25,0.25,0.25,0.1,0.1,0.1,0.1
4962,0.0,0.0,0.2,0.25,0.25,0.0,0.0,0.0,0.0,0.0,0.0,0.0,0.0,0.25,0.25,0.1,0.1,0.25,0.25
4970,0.0,0.0,0.2,0.25,0.25,0.0,0.0,0.0,0.0,0.0,0.0,0.1,0.1,0.25,0.25,0.1,0.1,0.25,0.25
4977,0.0,0.0,0.25,0.2,0.25,0.0,0.0,0.1,0.1,0.25,0.25,0.2,0.25,0.2,0.25,0.1,0.1,0.2,0.25
4984,0.0,0.0,0.0,0.2,0.25,0.1,0.1,0.0,0.0,0.0,0.0,0.0,0.0,0.2,0.25,0.1,0.1,0.2,0.25
4991,0.0,0.0,0.0,0.25,0.25,0.12,0.1,0.0,0.0,0.0,0.0,0.0,0.0,0.25,0.25,0.12,0.1,0.25,0.25
4998,0.0,0.0,0.2,0.25,0.25,0.12,0.1,0.0,0.0,0.3,0.25,0.0,0.0,0.25,0.25,0.12,0.1,0.25,0.25
5005,0.0,0.0,0.25,0.2,0.25,0.12,0.1,0.0,0.0,0.12,0.1,0.08,0.1,0.2,0.25,0.12,0.1,0.2,0.25
5011,0.0,0.0,0.25,0.25,0.25,0.1,0.1,0.0,0.0,0.0,0.0,0.25,0.25,0.25,0.25,0.1,0.1,0.25,0.25
5018,0.0,0.0,0.2,0.25,0.25,0.0,0.0,0.0,0.0,0.25,0.25,0.1,0.1,0.25,0.25,0.25,0.25,0.1,0.1
5028,0.0,0.0,0.2,0.2,0.25,0.0,0.0,0.0,0.0,0.3,0.25,0.2,0.25,0.2,0.25,0.3,0.25,0.08,0.1
5034,0.0,0.0,0.2,0.25,0.25,0.0,0.0,0.0,0.0,0.25,0.25,0.1,0.1,0.25,0.25,0.25,0.25,0.25,0.25
5042,0.0,0.0,0.2,0.25,0.25,0.0,0.0,0.0,0.0,0.1,0.1,0.25,0.25,0.25,0.25,0.25,0.25,0.25,0.25
5048,0.0,0.0,0.2,0.2,0.25,0.25,0.25,0.0,0.0,0.1,0.1,0.0,0.0,0.2,0.25,0.25,0.25,0.2,0.25
5053,0.0,0.0,0.25,0.2,0.25,0.3,0.25,0.0,0.0,0.12,0.1,0.0,0.0,0.2,0.25,0.3,0.25,0.2,0.25
