40,0,0,0,1,0,0
47,0,0,0,3,1,0
54,0,0,0,3,1,0
62,0,0,0,2,0,0
69,0,0,0,5,3,0
76,0,0,0,0,0,0
87,0,0,0,2,0,0
104,0,0,0,1,0,0
112,0,0,0,1,1,0
120,0,0,0,3,1,0
127,4,5,0,1,1,7
136,1,6,0,3,0,6
144,0,0,0,0,0,0
155,0,0,0,2,0,0
161,0,0,0,1,1,0
166,0,0,0,2,0,0
174,0,0,0,1,0,0
181,0,0,0,2,1,0
189,0,0,0,1,1,0
198,0,0,0,0,0,0
205,0,0,0,2,1,0
212,0,0,0,3,0,0
220,0,0,0,1,1,0
227,0,0,0,0,0,0
235,0,0,0,2,1,0
245,0,0,0,1,1,0
253,0,0,0,3,2,0
260,0,0,0,2,1,0
270,0,0,0,2,0,0
278,0,0,0,0,0,0
288,0,0,0,0,0,0
295,0,0,0,1,2,0
306,0,0,0,1,0,0
313,0,0,0,1,1,0
320,0,0,0,1,0,0
331,0,0,0,0,1,0
338,0,0,0,2,0,0
345,0,0,0,1,1,0
353,0,0,0,1,1,0
360,0,0,0,1,0,0
367,0,0,0,2,1,0
374,0,0,0,0,0,0
381,0,0,0,1,1,0
388,0,0,0,2,1,0
397,2,7,0,1,1,8
403,0,0,0,0,0,0
410,0,0,0,0,0,0
417,0,0,0,1,1,0
426,0,0,0,1,0,0
434,0,0,0,0,0,0
441,0,0,0,1,1,0
453,0,0,0,2,2,0
460,0,0,0,2,1,0
469,0,0,0,1,1,0
481,0,0,0,1,1,0
488,0,0,0,3,0,0
496,0,0,0,0,0,0
512,0,0,0,0,0,0
519,0,0,0,0,1,0
530,0,0,0,1,1,0
549,0,0,0,3,4,0
555,0,0,0,1,0,0
562,0,0,0,0,0,0
573,0,0,0,2,2,0
580,0,0,0,0,0,0
588,0,0,0,2,0,0
595,0,0,0,0,1,0
602,0,0,0,2,0,0
610,0,0,0,3,0,0
618,0,0,0,0,0,0
628,0,0,0,0,0,0
633,0,0,0,1,1,0
641,0,3,0,1,2,3
647,0,3,0,2,2,3
654,0,0,0,2,0,0
662,0,0,0,2,0,0
669,0,0,0,2,2,0
679,0,0,0,1,1,0
686,1,7,0,1,0,7
693,0,0,0,1,1,0
700,0,0,0,0,0,0
724,0,0,0,0,0,0
731,0,0,0,1,1,0
746,0,0,0,2,2,0
753,0,0,0,1,1,0
761,0,0,0,2,3,0
771,0,0,0,2,1,0
781,0,0,0,2,2,0
789,0,0,0,1,1,0
800,0,0,0,1,0,0
812,0,0,0,0,0,0
819,0,0,0,1,2,0
829,0,0,0,5,4,0
835,0,0,0,5,4,0
842,0,0,0,0,0,0
849,0,0,0,2,2,0
858,0,0,0,1,0,0
869,0,0,0,1,1,0
877,0,0,0,2,2,0
884,0,0,0,0,0,0
891,0,0,0,2,2,0
900,0,0,0,2,0,0
909,0,0,0,2,3,0
917,0,0,0,2,2,0
928,0,0,0,0,0,0
935,0,0,0,1,2,0
944,0,0,0,0,0,0
955,0,0,0,1,1,0
962,0,0,0,1,0,0
969,0,0,0,1,1,0
977,0,0,0,1,1,0
984,0,0,0,1,0,0
991,0,0,0,2,2,0
1002,0,0,0,1,0,0
1012,0,0,0,1,0,0
1019,0,0,0,2,1,0
1026,0,3,0,2,2,2
1033,0,1,0,1,2,0
1047,0,0,0,1,1,0
1056,0,0,0,0,1,0
1063,0,0,0,1,1,0
1070,0,0,0,2,0,0
1077,3,5,0,1,1,7
1084,0,0,0,2,2,0
1092,0,0,0,0,0,0
1100,0,0,0,2,0,0
1108,0,0,0,0,0,0
1115,0,0,0,1,0,0
1122,0,0,0,0,0,0
1134,0,0,0,2,0,0
1144,0,0,0,0,0,0
1154,0,0,0,0,0,0
1161,0,0,0,1,1,0
1169,0,0,0,2,2,0
1182,0,0,0,1,0,0
1192,0,0,0,0,0,0
1201,0,0,0,2,3,0
1209,0,0,0,2,0,0
1216,0,0,0,0,0,0
1223,0,0,0,2,2,0
1232,0,0,0,2,1,0
1241,0,0,0,1,1,0
1255,0,0,0,1,2,0
1269,0,0,0,2,2,0
1278,0,0,0,2,0,0
1285,0,0,0,1,1,0
1291,0,0,0,1,1,0
1301,0,0,0,2,2,0
1308,0,0,0,2,0,0
1315,0,0,0,2,0,0
1326,0,0,0,2,2,0
1335,0,0,0,2,0,0
1344,0,0,0,0,0,0
1351,0,0,0,0,1,0
1359,0,0,0,1,1,0
1366,0,0,0,0,0,0
1374,0,0,0,2,2,0
1384,0,0,0,0,0,0
1390,0,0,0,0,0,0
1398,0,0,0,1,0,0
1408,0,0,0,0,1,0
1416,0,0,0,1,0,0
1424,0,0,0,3,0,0
1431,0,0,0,0,1,0
1438,0,0,0,4,2,0
1450,0,0,0,0,0,0
1458,0,0,0,2,0,0
1467,0,0,0,3,3,0
1477,0,0,0,1,1,0
1486,0,0,0,0,0,0
1503,0,0,0,2,0,0
1510,0,0,0,1,0,0
1519,0,0,0,1,1,0
1527,0,0,0,0,0,0
1533,0,0,0,1,2,0
1544,0,0,0,1,0,0
1552,0,0,0,2,1,0
1560,0,0,0,2,1,0
1568,0,0,0,2,0,0
1575,0,0,0,1,1,0
1582,0,0,0,2,2,0
1591,0,0,0,2,3,0
1599,0,0,0,2,0,0
1607,0,0,0,1,1,0
1614,0,0,0,3,0,0
1622,0,0,0,0,0,0
1629,0,0,0,2,1,0
1636,0,0,0,1,0,0
1644,0,0,0,1,0,0
1651,0,0,0,3,1,0
1660,0,0,0,1,0,0
1672,0,0,0,0,0,0
1678,0,0,0,1,0,0
1685,0,0,0,2,1,0
1699,0,0,0,0,1,0
1709,0,0,0,2,3,0
1719,0,0,0,1,1,0
1726,0,0,0,0,0,0
1736,0,0,0,2,2,0
1743,0,0,0,5,3,0
1750,0,0,0,0,0,0
1760,0,0,0,2,0,0
1767,0,0,0,2,1,0
1780,0,0,0,1,0,0
1786,0,0,0,0,0,0
1793,0,0,0,1,2,0
1802,0,0,0,0,0,0
1808,0,0,0,0,0,0
1818,0,0,0,2,0,0
1826,0,0,0,1,0,0
1833,0,0,0,2,2,0
1841,0,0,0,2,2,0
1853,0,0,0,1,1,0
1860,0,1,0,2,2,0
1867,0,0,0,3,2,0
1874,0,0,0,2,1,0
1881,0,0,0,2,1,0
1888,0,0,0,1,0,0
1895,0,0,0,1,1,0
1903,0,0,0,1,1,0
1913,0,0,0,2,2,0
1921,0,0,0,1,1,0
1928,0,0,0,0,0,0
1936,0,0,0,1,0,0
1944,0,0,0,2,2,0
1952,0,0,0,2,2,0
1959,0,0,0,1,1,0
1967,0,0,0,2,0,0
1976,0,0,0,0,0,0
1985,0,0,0,1,1,0
1992,0,0,0,2,0,0
2002,0,0,0,2,0,0
2017,0,0,0,2,2,0
2030,0,0,0,0,0,0
2037,0,0,0,1,1,0
2044,0,0,0,0,0,0
2051,0,0,0,4,3,0
2058,0,0,0,0,0,0
2066,0,0,0,5,1,0
2074,0,0,0,1,0,0
2083,0,0,0,0,1,0
2101,0,0,0,2,3,0
2108,0,0,0,0,0,0
2115,0,0,0,2,2,0
2122,0,0,0,0,0,0
2133,0,0,0,2,1,0
2149,0,0,0,2,2,0
2158,0,0,0,0,2,0
2171,0,0,0,1,2,0
2180,0,0,0,1,0,0
2187,0,0,0,2,2,0
2194,0,1,0,2,0,1
2201,0,0,0,2,1,0
2204,0,0,0,2,0,0
2211,0,0,0,0,0,0
2219,0,0,0,0,1,0
2233,0,0,0,1,1,0
2242,0,0,0,0,0,0
2248,0,0,0,0,0,0
2255,0,0,0,1,1,0
2265,0,0,0,2,1,0
2281,0,0,0,2,2,0
2290,0,0,0,0,0,0
2297,0,0,0,1,1,0
2303,0,0,0,1,1,0
2310,0,0,0,2,2,0
2317,0,0,0,2,2,0
2321,0,0,0,2,2,0
2329,0,0,0,2,2,0
2337,0,0,0,1,1,0
2345,0,0,0,1,2,0
2353,0,0,0,1,1,0
2360,0,0,0,2,0,0
2367,0,0,0,2,1,0
2392,0,0,0,0,0,0
2408,0,0,0,1,0,0
2414,0,0,0,2,1,0
2421,3,5,0,1,2,7
2428,0,0,0,2,0,0
2437,0,0,0,2,2,0
2449,0,0,0,2,4,0
2463,0,0,0,0,0,0
2473,0,0,0,2,2,0
2480,0,0,0,4,0,0
2486,0,0,0,2,1,0
2498,0,0,0,2,0,0
2507,0,0,0,2,0,0
2515,0,0,0,1,1,0
2523,0,0,0,1,2,0
