43,0,0,0,1,1,0
50,3,6,0,1,0,7
57,0,0,0,2,1,0
64,0,0,0,0,0,0
71,0,0,0,3,2,0
77,0,0,0,1,1,0
91,0,0,0,1,1,0
111,0,0,0,2,1,0
118,0,0,0,2,1,0
125,2,7,0,1,1,8
132,0,0,0,4,2,0
139,5,6,0,1,2,8
146,0,0,0,0,0,0
156,0,0,0,0,0,0
163,0,0,0,2,1,0
171,0,0,0,1,1,0
177,0,0,0,1,1,0
186,0,0,0,1,0,0
193,0,0,0,1,1,0
201,0,0,0,1,1,0
208,0,0,0,2,0,0
215,0,0,0,1,0,0
222,0,0,0,0,0,0
230,0,0,0,1,0,0
238,0,0,0,0,0,0
246,0,0,0,1,0,0
254,0,0,0,2,0,0
262,0,0,0,2,1,0
271,0,0,0,2,0,0
280,0,0,0,1,0,0
289,0,0,0,1,1,0
301,0,0,0,1,2,0
307,0,0,0,1,0,0
315,0,0,0,1,1,0
324,0,0,0,0,0,0
334,0,0,0,1,0,0
341,0,0,0,1,1,0
346,0,0,0,0,0,0
354,0,0,0,0,0,0
363,0,0,0,2,1,0
370,0,0,0,2,1,0
377,0,0,0,2,2,0
385,0,0,0,2,2,0
391,0,0,0,2,2,0
398,1,6,0,2,0,6
406,0,0,0,0,0,0
413,0,0,0,1,1,0
423,0,0,0,2,1,0
432,0,0,0,0,0,0
438,0,0,0,0,0,0
446,0,0,0,1,0,0
459,0,0,0,2,2,0
468,0,0,0,0,0,0
477,0,0,0,2,3,0
485,0,0,0,4,3,0
490,0,0,0,2,0,0
508,0,0,0,0,0,0
517,0,0,0,1,1,0
528,0,0,0,2,0,0
536,0,0,0,1,0,0
543,0,0,0,4,4,0
554,0,0,0,3,0,0
561,0,0,0,2,2,0
569,0,0,0,1,1,0
577,0,0,0,2,3,0
585,0,0,0,2,3,0
592,0,0,0,0,0,0
598,0,0,0,0,0,0
604,0,0,0,1,0,0
614,0,0,0,0,0,0
625,0,0,0,1,2,0
632,0,0,0,1,0,0
640,0,0,0,2,0,0
648,0,0,0,0,0,0
656,0,0,0,1,0,0
664,0,0,0,1,1,0
673,0,0,0,2,2,0
680,0,0,0,2,1,0
687,3,6,0,1,1,7
697,3,5,0,1,1,7
701,0,0,0,1,1,0
720,0,0,0,2,0,0
727,0,0,0,1,1,0
744,0,0,0,2,2,0
748,0,0,0,2,2,0
757,0,0,0,1,2,0
767,0,0,0,1,0,0
776,0,0,0,3,0,0
783,0,0,0,2,1,0
796,0,0,0,0,1,0
806,0,0,0,0,0,0
817,0,0,0,1,2,0
825,0,0,0,5,4,0
830,0,0,0,5,1,0
838,0,0,0,3,0,0
845,0,0,0,1,1,0
853,0,0,0,1,4,0
863,0,0,0,0,1,0
873,0,0,0,1,1,0
880,0,0,0,0,0,0
887,0,0,0,2,1,0
894,0,0,0,2,0,0
901,0,0,0,2,2,0
910,0,0,0,2,0,0
923,0,0,0,2,0,0
930,0,0,0,0,0,0
938,0,0,0,0,0,0
946,0,0,0,0,0,0
958,0,0,0,1,0,0
966,0,0,0,2,0,0
974,0,0,0,0,0,0
982,0,0,0,2,1,0
989,0,0,0,2,2,0
995,0,0,0,2,2,0
1008,0,0,0,1,0,0
1018,0,0,0,1,0,0
1024,0,3,0,2,2,2
1032,0,0,0,1,0,0
1045,0,0,0,1,1,0
1055,0,0,0,1,0,0
1064,0,0,0,0,0,0
1071,0,0,0,3,1,0
1078,3,6,0,1,0,8
1085,0,0,0,4,4,0
1091,0,1,0,4,4,0
1101,0,0,0,1,1,0
1109,0,0,0,1,1,0
1116,0,0,0,1,0,0
1124,0,0,0,1,0,0
1137,0,0,0,1,1,0
1148,0,0,0,0,0,0
1155,0,0,0,1,2,0
1162,0,0,0,1,0,0
1173,0,0,0,1,3,0
1184,0,0,0,2,0,0
1191,0,0,0,1,0,0
1202,0,0,0,2,0,0
1210,0,0,0,0,0,0
1217,0,0,0,1,1,0
1224,0,0,0,2,0,0
1230,0,0,0,2,0,0
1254,0,0,0,0,0,0
1267,0,0,0,1,1,0
1274,0,1,0,1,0,1
1282,0,0,0,1,0,0
1290,0,0,0,1,0,0
1299,0,0,0,0,0,0
1307,0,0,0,1,1,0
1314,0,0,0,3,0,0
1325,0,0,0,2,3,0
1332,0,0,0,2,0,0
1342,0,0,0,1,0,0
1349,0,0,0,1,1,0
1355,0,0,0,1,0,0
1362,0,0,0,0,0,0
1379,0,0,0,2,0,0
1388,0,0,0,1,0,0
1395,0,0,0,2,0,0
1404,0,0,0,0,0,0
1411,0,0,0,1,1,0
1420,0,0,0,1,1,0
1426,0,0,0,3,0,0
1434,0,0,0,3,2,0
1445,0,0,0,1,1,0
1451,0,0,0,2,0,0
1459,0,0,0,3,1,0
1468,0,0,0,3,0,0
1481,0,0,0,2,1,0
1488,0,0,0,0,0,0
1505,0,0,0,1,1,0
1512,0,0,0,0,0,0
1520,0,0,0,0,1,0
1529,0,0,0,1,2,0
1535,0,0,0,1,2,0
1546,0,0,0,1,0,0
1554,0,0,0,2,1,0
1561,0,0,0,2,2,0
1569,0,0,0,2,1,0
1576,0,0,0,1,1,0
1583,0,0,0,3,2,0
1590,0,0,0,2,0,0
1598,0,0,0,3,0,0
1606,0,0,0,0,0,0
1613,0,0,0,4,2,0
1618,0,0,0,1,0,0
1625,0,0,0,1,1,0
1633,0,0,0,2,2,0
1642,0,0,0,2,0,0
1650,0,0,0,5,0,0
1662,0,0,0,0,0,0
1670,0,0,0,0,0,0
1677,0,0,0,2,2,0
1684,0,0,0,0,0,0
1691,0,0,0,2,1,0
1705,0,0,0,2,3,0
1713,0,0,0,2,1,0
1722,0,0,0,1,0,0
1729,0,0,0,1,1,0
1738,0,0,0,2,2,0
1746,0,0,0,3,2,0
1753,0,0,0,1,1,0
1761,0,0,0,1,1,0
1768,0,0,0,0,0,0
1775,0,0,0,1,0,0
1785,0,0,0,2,1,0
1792,0,0,0,1,0,0
1799,0,0,0,2,2,0
1806,0,0,0,0,0,0
1815,0,0,0,0,1,0
1824,0,0,0,1,0,0
1829,0,0,0,1,1,0
1836,0,0,0,1,0,0
1851,0,0,0,2,0,0
1858,0,0,0,2,1,0
1865,0,0,0,2,2,0
1869,0,0,0,1,1,0
1876,0,0,0,2,0,0
1883,0,0,0,2,1,0
1890,0,0,0,0,0,0
1897,0,0,0,2,1,0
1905,0,0,0,1,1,0
1914,0,0,0,1,0,0
1924,0,0,0,0,0,0
1932,0,0,0,1,0,0
1939,0,0,0,1,1,0
1946,0,0,0,2,2,0
1956,0,0,0,2,0,0
1963,4,4,0,0,0,5
1973,0,0,0,2,2,0
1981,0,0,0,2,3,0
1989,0,0,0,3,2,0
1995,0,0,0,2,2,0
2000,0,0,0,2,0,0
2013,0,0,0,2,3,0
2025,0,0,0,1,1,0
2032,0,0,0,1,0,0
2039,0,0,0,1,1,0
2046,0,0,0,0,0,0
2053,0,0,0,4,3,0
2060,0,0,0,3,2,0
2067,0,0,0,5,4,0
2073,0,0,0,1,1,0
2080,0,0,0,0,0,0
2098,0,0,0,0,0,0
2105,0,0,0,1,1,0
2111,0,0,0,1,2,0
2120,0,0,0,0,0,0
2127,0,0,0,0,2,0
2137,0,0,0,3,3,0
2153,0,0,0,1,1,0
2164,0,0,0,0,1,0
2173,0,0,0,1,2,0
2181,0,0,0,1,1,0
2188,0,0,0,0,0,0
2202,0,0,0,1,1,0
2210,0,0,0,0,0,0
2218,0,0,0,0,0,0
2225,0,0,0,3,4,0
2237,0,0,0,1,2,0
2244,0,0,0,1,0,0
2252,0,0,0,1,0,0
2258,0,0,0,2,0,0
2266,0,0,0,2,0,0
2274,0,0,0,0,0,0
2288,0,0,0,0,0,0
2295,0,0,0,1,1,0
2304,0,0,0,2,1,0
2311,0,0,0,3,3,0
2318,0,0,0,2,0,0
2325,0,0,0,2,2,0
2333,0,0,0,1,1,0
2342,0,0,0,0,0,0
2350,0,0,0,0,0,0
2356,0,0,0,1,0,0
2364,0,0,0,2,0,0
2371,0,0,0,2,0,0
2381,0,0,0,2,2,0
2394,0,0,0,0,0,0
2401,0,0,0,1,0,0
2409,0,0,0,2,1,0
2416,0,0,0,3,1,0
2423,4,3,0,0,0,5
2431,0,0,0,3,0,0
2440,0,0,0,1,1,0
2447,0,0,0,2,3,0
2457,0,0,0,2,2,0
2472,0,0,0,2,0,0
2479,0,0,0,1,2,0
2502,0,0,0,2,0,0
2512,0,0,0,0,0,0
2519,0,0,0,1,1,0
2526,0,0,0,0,0,0
