41,0,0,0,1,1,0
49,3,6,0,1,1,7
56,0,0,0,4,0,0
63,0,0,0,2,0,0
70,0,0,0,3,0,0
86,0,0,0,2,0,0
95,0,0,0,1,0,0
109,0,0,0,1,1,0
116,0,0,0,2,2,0
123,0,0,0,4,2,0
130,0,0,0,2,1,0
137,3,6,0,2,2,7
141,0,0,0,2,2,0
151,0,0,0,0,0,0
159,0,0,0,1,1,0
168,0,0,0,1,0,0
176,0,0,0,2,0,0
183,0,0,0,1,1,0
191,0,0,0,1,1,0
197,0,0,0,1,1,0
204,0,0,0,2,1,0
211,0,0,0,0,0,0
219,0,0,0,0,1,0
225,0,0,0,1,1,0
233,0,0,0,2,4,0
242,0,0,0,2,0,0
252,0,0,0,3,0,0
259,0,0,0,2,2,0
266,0,0,0,2,0,0
283,0,0,0,2,2,0
290,0,0,0,0,0,0
303,0,0,0,1,1,0
309,0,0,0,1,1,0
316,0,0,0,1,0,0
323,0,0,0,2,2,0
333,0,0,0,1,1,0
340,0,0,0,1,0,0
348,0,0,0,2,0,0
355,0,0,0,1,1,0
361,0,0,0,2,1,0
368,0,0,0,2,1,0
375,0,0,0,1,1,0
382,0,0,0,1,0,0
389,0,0,0,2,2,0
395,0,0,0,3,4,0
404,0,0,0,0,0,0
411,0,0,0,0,0,0
419,0,0,0,1,1,0
428,0,0,0,0,0,0
435,0,0,0,1,1,0
443,0,0,0,1,0,0
454,0,0,0,1,1,0
461,0,0,0,3,3,0
470,0,0,0,1,0,0
480,0,0,0,0,0,0
487,0,0,0,3,1,0
495,0,0,0,2,2,0
499,0,0,0,1,0,0
516,0,0,0,0,0,0
527,0,0,0,1,1,0
534,0,0,0,2,1,0
539,0,0,0,1,2,0
552,0,0,0,3,0,0
560,0,0,0,0,0,0
566,0,0,0,1,0,0
574,0,0,0,0,0,0
581,0,0,0,1,1,0
589,0,0,0,1,3,0
596,0,0,0,0,0,0
603,0,0,0,2,0,0
608,0,0,0,3,2,0
617,0,0,0,1,1,0
627,0,0,0,1,2,0
636,0,0,0,1,0,0
645,0,3,0,2,2,3
651,0,0,0,2,1,0
657,0,0,0,1,1,0
663,0,0,0,2,2,0
676,0,0,0,0,0,0
682,0,0,0,2,0,0
688,0,0,0,2,0,0
696,1,6,0,2,0,6
704,0,0,0,1,0,0
719,0,0,0,1,1,0
729,0,0,0,1,1,0
742,0,0,0,2,0,0
752,0,0,0,3,0,0
762,0,0,0,1,0,0
770,0,0,0,0,0,0
779,0,0,0,2,1,0
787,0,0,0,1,0,0
798,0,0,0,1,0,0
807,0,0,0,1,1,0
818,0,0,0,0,0,0
824,0,0,0,3,2,0
831,0,0,0,5,4,0
837,0,0,0,1,1,0
844,0,0,0,0,0,0
852,0,0,0,1,0,0
860,0,0,0,0,0,0
872,0,0,0,0,0,0
879,0,0,0,2,2,0
886,0,0,0,0,0,0
893,0,0,0,2,2,0
897,0,0,0,1,2,0
904,0,0,0,1,0,0
915,0,0,0,2,0,0
927,0,0,0,1,1,0
939,0,0,0,1,2,0
952,0,0,0,1,0,0
960,0,0,0,1,0,0
964,0,0,0,2,0,0
972,0,0,0,0,0,0
980,0,0,0,2,1,0
988,0,0,0,2,1,0
997,0,0,0,1,1,0
1007,0,0,0,1,1,0
1015,0,0,0,1,0,0
1025,0,6,0,3,4,4
1031,0,0,0,2,0,0
1052,0,0,0,0,0,0
1059,0,0,0,1,1,0
1066,0,0,0,0,0,0
1073,0,0,0,1,1,0
1080,0,0,0,2,1,0
1088,0,1,0,4,1,0
1096,0,0,0,2,0,0
1105,0,0,0,1,1,0
1112,0,0,0,0,0,0
1119,0,0,0,2,1,0
1135,0,0,0,2,1,0
1143,0,0,0,0,0,0
1153,0,0,0,1,2,0
1160,0,0,0,0,0,0
1167,0,0,0,1,0,0
1181,0,0,0,1,1,0
1188,0,0,0,1,0,0
1198,0,0,0,2,0,0
1207,0,0,0,0,1,0
1214,0,0,0,0,0,0
1222,0,0,0,0,0,0
1229,0,0,0,2,2,0
1242,0,0,0,1,0,0
1263,0,0,0,0,0,0
1270,0,0,0,1,0,0
1277,0,0,0,2,2,0
1284,0,0,0,2,2,0
1295,0,0,0,3,0,0
1304,0,0,0,0,0,0
1311,0,0,0,2,0,0
1321,0,0,0,2,2,0
1327,0,0,0,2,3,0
1337,0,0,0,1,1,0
1345,0,0,0,1,1,0
1352,0,0,0,1,0,0
1357,0,0,0,1,1,0
1363,0,0,0,1,1,0
1375,0,0,0,3,4,0
1385,0,0,0,0,1,0
1391,0,0,0,1,1,0
1401,0,0,0,2,3,0
1410,0,0,0,0,1,0
1417,0,0,0,1,1,0
1425,0,0,0,2,1,0
1432,0,0,0,3,2,0
1446,0,0,0,2,0,0
1453,0,0,0,1,1,0
1460,0,0,0,0,0,0
1469,0,0,0,2,3,0
1480,0,0,0,0,0,0
1487,0,0,0,0,2,0
1501,0,0,0,2,2,0
1509,0,0,0,1,1,0
1517,0,0,0,1,1,0
1525,0,0,0,1,1,0
1532,0,0,0,2,1,0
1543,0,0,0,1,0,0
1550,0,0,0,1,0,0
1557,0,0,0,2,2,0
1566,0,0,0,2,0,0
1574,0,0,0,1,0,0
1581,0,0,0,3,2,0
1588,0,0,0,2,0,0
1596,0,0,0,3,0,0
1605,0,0,0,1,1,0
1611,0,0,0,1,1,0
1621,0,0,0,2,1,0
1628,0,0,0,2,1,0
1637,0,0,0,1,2,0
1645,0,0,0,1,1,0
1653,0,0,0,2,3,0
1663,0,0,0,2,0,0
1673,0,0,0,1,1,0
1680,0,0,0,0,0,0
1687,0,0,0,2,1,0
1693,0,0,0,2,2,0
1707,0,0,0,2,1,0
1716,0,0,0,1,0,0
1723,0,0,0,1,2,0
1735,0,0,0,1,1,0
1742,0,0,0,3,1,0
1749,0,0,0,2,1,0
1757,0,0,0,2,3,0
1765,0,0,0,2,3,0
1773,0,0,0,1,3,0
1783,0,0,0,0,2,0
1789,0,0,0,1,2,0
1797,0,0,0,2,2,0
1801,0,0,0,0,1,0
1809,0,0,0,1,1,0
1823,0,0,0,2,0,0
1831,0,0,0,1,1,0
1835,0,0,0,2,1,0
1852,0,0,0,0,0,0
1859,0,0,0,2,2,0
1866,0,0,0,4,0,0
1873,0,0,0,3,3,0
1877,0,0,0,2,2,0
1884,3,7,0,3,0,7
1891,0,0,0,1,0,0
1898,0,0,0,1,0,0
1910,0,0,0,2,0,0
1918,0,0,0,2,0,0
1926,0,0,0,0,0,0
1933,0,0,0,1,1,0
1940,0,0,0,1,0,0
1947,0,0,0,2,2,0
1957,0,0,0,2,1,0
1964,0,0,0,2,0,0
1974,0,0,0,0,0,0
1984,0,0,0,0,0,0
1991,0,0,0,2,1,0
1998,0,0,0,1,0,0
2023,0,0,0,2,0,0
2031,0,0,0,1,1,0
2038,0,0,0,1,1,0
2045,0,0,0,1,1,0
2052,0,0,0,2,1,0
2059,0,0,0,0,1,0
2068,3,6,0,2,0,7
2075,0,0,0,0,0,0
2085,0,0,0,2,2,0
2099,0,0,0,1,1,0
2107,0,0,0,2,0,0
2113,0,0,0,2,2,0
2119,0,0,0,2,1,0
2126,0,0,0,2,1,0
2145,0,0,0,2,2,0
2157,0,0,0,2,2,0
2169,0,0,0,0,2,0
2178,0,0,0,0,0,0
2186,0,0,0,1,0,0
2193,0,0,0,1,1,0
2199,0,0,0,2,0,0
2205,0,0,0,1,1,0
2215,0,0,0,0,0,0
2224,0,0,0,2,0,0
2239,0,0,0,2,0,0
2246,0,0,0,0,0,0
2253,0,0,0,1,1,0
2260,0,0,0,4,0,0
2267,0,0,0,1,1,0
2284,0,0,0,2,0,0
2291,0,0,0,0,1,0
2298,0,0,0,0,0,0
2306,0,0,0,2,1,0
2313,0,0,0,1,1,0
2320,0,0,0,3,0,0
2328,0,0,0,2,0,0
2336,0,0,0,0,0,0
2344,0,0,0,1,1,0
2352,0,0,0,0,0,0
2359,0,0,0,1,1,0
2366,0,0,0,2,0,0
2374,0,0,0,2,0,0
2388,0,0,0,0,0,0
2395,0,0,0,1,1,0
2403,0,0,0,1,1,0
2411,0,0,0,2,1,0
2418,0,0,0,3,1,0
2425,0,0,0,4,3,0
2434,0,0,0,0,0,0
2443,0,0,0,2,2,0
2452,0,0,0,2,1,0
2469,0,0,0,2,1,0
2477,0,0,0,1,2,0
2484,0,0,0,2,0,0
2491,0,0,0,0,0,0
2505,0,0,0,1,2,0
2513,0,0,0,1,1,0
2520,0,0,0,1,1,0
2527,0,0,0,1,0,0
