38,0.0,0.0,0.125,0.25,0.0,0.0,0.25,0.0,0.0,0.0,0.0,0.0,0.0,0.0,0.0,0.0,0.0,0.0,0.0,0.0015
45,0.0,0.0,0.25,0.25,0.25,0.25,0.1,0.1,0.1,0.0,0.0,0.0,0.0,0.0,0.0,0.0,0.0,0.0,0.0,0.0015
52,0.0,0.0,0.125,0.25,0.0,0.0,0.25,0.125,0.25,0.0,0.0,0.0,0.0,0.0,0.0,0.0,0.0,0.0,0.0,0.0015
59,0.0,0.0,0.25,0.25,0.375,0.25,0.1,0.25,0.25,0.0,0.0,0.0,0.0,0.0,0.0,0.0,0.0,0.1,0.1,0.0015
68,0.0,0.0,0.125,0.25,0.1,0.1,0.25,0.125,0.25,0.1,0.1,0.0,0.0,0.0,0.0,0.0,0.0,0.0,0.0,0.0015
74,0.0,0.0,0.125,0.25,0.0,0.0,0.25,0.125,0.25,0.15,0.1,0.0,0.0,0.0,0.0,0.0,0.0,0.05,0.1,0.0015
85,0.0,0.0,0.25,0.25,0.0,0.0,0.25,0.1,0.1,0.1,0.1,0.0,0.0,0.0,0.0,0.1,0.1,0.25,0.25,0.0015
94,0.0,0.0,0.125,0.25,0.15,0.1,0.1,0.125,0.25,0.15,0.1,0.0,0.0,0.0,0.0,0.15,0.1,0.05,0.1,0.0015
108,0.0,0.0,0.125,0.25,0.1,0.1,0.25,0.0,0.0,0.0,0.0,0.05,0.1,0.0,0.0,0.0,0.0,0.0,0.0,0.0015
115,0.0,0.0,0.25,0.25,0.0,0.0,0.25,0.0,0.0,0.0,0.0,0.1,0.1,0.0,0.0,0.0,0.0,0.1,0.1,0.0015
121,0.0,0.0,0.25,0.25,0.1,0.1,0.25,0.1,0.1,0.0,0.0,0.1,0.1,0.0,0.0,0.0,0.0,0.25,0.25,0.0015
128,0.0,0.0,0.125,0.25,0.25,0.25,0.25,0.125,0.25,0.0,0.0,0.05,0.1,0.0,0.0,0.0,0.0,0.05,0.1,0.0015
138,0.0,0.0,0.125,0.25,0.0,0.0,0.25,0.125,0.25,0.0,0.0,0.05,0.1,0.15,0.1,0.0,0.0,0.0,0.0,0.0015
145,0.0,0.0,0.25,0.25,0.1,0.1,0.25,0.1,0.1,0.0,0.0,0.1,0.1,0.0,0.0,0.1,0.1,0.25,0.25,0.0015
153,0.0,0.0,0.25,0.25,0.25,0.25,0.1,0.25,0.25,0.0,0.0,0.1,0.1,0.0,0.0,0.1,0.1,0.1,0.1,0.0015
160,0.0,0.0,0.125,0.25,0.25,0.25,0.25,0.05,0.1,0.1,0.1,0.05,0.1,0.0,0.0,0.0,0.0,0.125,0.25,0.0015
167,0.0,0.0,0.25,0.25,0.0,0.0,0.25,0.25,0.25,0.15,0.1,0.1,0.1,0.0,0.0,0.0,0.0,0.0,0.0,0.0015
173,0.0,0.0,0.25,0.25,0.25,0.25,0.1,0.25,0.25,0.1,0.1,0.1,0.1,0.0,0.0,0.1,0.1,0.0,0.0,0.0015
180,0.0,0.0,0.125,0.25,0.0,0.0,0.25,0.05,0.1,0.25,0.25,0.05,0.1,0.0,0.0,0.0,0.0,0.125,0.25,0.0015
188,0.0,0.0,0.125,0.25,0.0,0.0,0.25,0.125,0.25,0.25,0.25,0.05,0.1,0.0,0.0,0.0,0.0,0.05,0.1,0.0015
195,0.0,0.0,0.25,0.25,0.375,0.25,0.1,0.25,0.25,0.375,0.25,0.1,0.1,0.0,0.0,0.0,0.0,0.25,0.25,0.0015
202,0.15,0.1,0.125,0.25,0.0,0.0,0.25,0.0,0.0,0.0,0.0,0.125,0.25,0.0,0.0,0.0,0.0,0.125,0.25,0.0015
209,0.0,0.0,0.25,0.25,0.1,0.1,0.25,0.1,0.1,0.0,0.0,0.25,0.25,0.1,0.1,0.0,0.0,0.0,0.0,0.0015
217,0.0,0.0,0.25,0.25,0.1,0.1,0.25,0.0,0.0,0.0,0.0,0.25,0.25,0.0,0.0,0.1,0.1,0.0,0.0,0.0015
224,0.0,0.0,0.125,0.25,0.1,0.1,0.0,0.05,0.1,0.0,0.0,0.125,0.25,0.0,0.0,0.1,0.1,0.05,0.1,0.0015
234,0.0,0.0,0.125,0.25,0.15,0.1,0.1,0.125,0.25,0.0,0.0,0.125,0.25,0.0,0.0,0.15,0.1,0.05,0.1,0.0015
249,0.0,0.0,0.25,0.25,0.0,0.0,0.0,0.0,0.0,0.1,0.1,0.25,0.25,0.0,0.0,0.0,0.0,0.25,0.25,0.0015
258,0.0,0.0,0.125,0.25,0.15,0.1,0.25,0.125,0.25,0.15,0.1,0.125,0.25,0.0,0.0,0.0,0.0,0.05,0.1,0.0015
265,0.0,0.0,0.25,0.25,0.1,0.1,0.25,0.25,0.25,0.1,0.1,0.25,0.25,0.0,0.0,0.1,0.1,0.0,0.0,0.0015
273,0.0,0.0,0.25,0.25,0.0,0.0,0.25,0.25,0.25,0.1,0.1,0.25,0.25,0.1,0.1,0.1,0.1,0.0,0.0,0.0015
284,0.0,0.0,0.125,0.25,0.25,0.25,0.25,0.05,0.1,0.25,0.25,0.125,0.25,0.0,0.0,0.0,0.0,0.0,0.0,0.0015
291,0.0,0.0,0.25,0.25,0.15,0.1,0.25,0.1,0.1,0.375,0.25,0.25,0.25,0.0,0.0,0.0,0.0,0.1,0.1,0.0015
302,0.0,0.0,0.125,0.25,0.375,0.25,0.25,0.125,0.25,0.375,0.25,0.125,0.25,0.0,0.0,0.0,0.0,0.125,0.25,0.0015
311,0.0,0.0,0.0,0.0,0.0,0.0,0.25,0.25,0.25,0.0,0.0,0.25,0.25,0.0,0.0,0.0,0.0,0.25,0.25,0.0015
317,0.0,0.0,0.1,0.1,0.25,0.25,0.25,0.25,0.25,0.0,0.0,0.0,0.0,0.0,0.0,0.0,0.0,0.25,0.25,0.0015
321,0.0,0.0,0.1,0.1,0.0,0.0,0.25,0.1,0.1,0.0,0.0,0.1,0.1,0.0,0.0,0.0,0.0,0.1,0.1,0.0015
327,0.0,0.0,0.1,0.1,0.15,0.1,0.25,0.25,0.25,0.0,0.0,0.1,0.1,0.0,0.0,0.0,0.0,0.0,0.0,0.0015
336,0.0,0.0,0.05,0.1,0.25,0.25,0.25,0.125,0.25,0.0,0.0,0.125,0.25,0.0,0.0,0.0,0.0,0.125,0.25,0.0015
344,0.0,0.0,0.05,0.1,0.0,0.0,0.25,0.125,0.25,0.0,0.0,0.125,0.25,0.0,0.0,0.1,0.1,0.0,0.0,0.0015
352,0.0,0.0,0.05,0.1,0.0,0.0,0.25,0.125,0.25,0.1,0.1,0.125,0.25,0.0,0.0,0.0,0.0,0.125,0.25,0.0015
362,0.0,0.0,0.125,0.25,0.375,0.25,0.25,0.0,0.0,0.0,0.0,0.0,0.0,0.0,0.0,0.0,0.0,0.0,0.0,0.0015
369,0.0,0.0,0.25,0.25,0.0,0.0,0.25,0.0,0.0,0.0,0.0,0.0,0.0,0.0,0.0,0.0,0.0,0.25,0.25,0.0015
376,0.0,0.0,0.125,0.25,0.0,0.0,0.25,0.05,0.1,0.0,0.0,0.0,0.0,0.0,0.0,0.0,0.0,0.05,0.1,0.0015
384,0.0,0.0,0.125,0.25,0.1,0.1,0.0,0.125,0.25,0.0,0.0,0.0,0.0,0.0,0.0,0.0,0.0,0.0,0.0,0.0015
392,0.0,0.0,0.125,0.25,0.1,0.1,0.25,0.125,0.25,0.0,0.0,0.0,0.0,0.0,0.0,0.0,0.0,0.125,0.25,0.0015
399,0.0,0.0,0.25,0.25,0.0,0.0,0.25,0.25,0.25,0.0,0.0,0.0,0.0,0.15,0.1,0.0,0.0,0.0,0.0,0.0015
407,0.0,0.0,0.25,0.25,0.0,0.0,0.25,0.0,0.0,0.15,0.1,0.0,0.0,0.0,0.0,0.0,0.0,0.25,0.25,0.0015
414,0.0,0.0,0.125,0.25,0.15,0.1,0.1,0.05,0.1,0.15,0.1,0.0,0.0,0.0,0.0,0.0,0.0,0.125,0.25,0.0015
421,0.0,0.0,0.25,0.25,0.0,0.0,0.25,0.1,0.1,0.1,0.1,0.0,0.0,0.0,0.0,0.1,0.1,0.0,0.0,0.0015
429,0.0,0.0,0.25,0.25,0.0,0.0,0.1,0.0,0.0,0.25,0.25,0.0,0.0,0.0,0.0,0.0,0.0,0.25,0.25,0.0015
437,0.0,0.0,0.25,0.25,0.1,0.1,0.25,0.1,0.1,0.25,0.25,0.0,0.0,0.0,0.0,0.0,0.0,0.25,0.25,0.0015
444,0.0,0.0,0.125,0.25,0.1,0.1,0.1,0.125,0.25,0.25,0.25,0.0,0.0,0.0,0.0,0.0,0.0,0.125,0.25,0.0015
455,0.0,0.0,0.25,0.25,0.375,0.25,0.25,0.1,0.1,0.0,0.0,0.1,0.1,0.0,0.0,0.0,0.0,0.0,0.0,0.0015
463,0.0,0.0,0.25,0.25,0.0,0.0,0.25,0.1,0.1,0.0,0.0,0.1,0.1,0.0,0.0,0.0,0.0,0.25,0.25,0.0015
478,0.0,0.0,0.125,0.25,0.0,0.0,0.1,0.125,0.25,0.0,0.0,0.05,0.1,0.0,0.0,0.15,0.1,0.125,0.25,0.0015
486,0.0,0.0,0.125,0.25,0.375,0.25,0.25,0.125,0.25,0.15,0.1,0.05,0.1,0.0,0.0,0.0,0.0,0.0,0.0,0.0015
492,0.0,0.0,0.125,0.25,0.0,0.0,0.25,0.125,0.25,0.1,0.1,0.05,0.1,0.0,0.0,0.0,0.0,0.125,0.25,0.0015
513,0.0,0.0,0.25,0.25,0.0,0.0,0.25,0.1,0.1,0.25,0.25,0.1,0.1,0.0,0.0,0.0,0.0,0.0,0.0,0.0015
524,0.0,0.0,0.125,0.25,0.25,0.25,0.25,0.125,0.25,0.25,0.25,0.05,0.1,0.0,0.0,0.0,0.0,0.05,0.1,0.0015
532,0.0,0.0,0.125,0.25,0.0,0.0,0.25,0.0,0.0,0.0,0.0,0.125,0.25,0.0,0.0,0.0,0.0,0.0,0.0,0.0015
541,0.0,0.0,0.25,0.25,0.0,0.0,0.25,0.1,0.1,0.0,0.0,0.25,0.25,0.0,0.0,0.0,0.0,0.0,0.0,0.0015
550,0.0,0.0,0.125,0.25,0.375,0.25,0.25,0.125,0.25,0.0,0.0,0.125,0.25,0.0,0.0,0.0,0.0,0.125,0.25,0.0015
559,0.0,0.0,0.25,0.25,0.375,0.25,0.25,0.0,0.0,0.0,0.0,0.25,0.25,0.0,0.0,0.15,0.1,0.0,0.0,0.0015
567,0.0,0.0,0.25,0.25,0.0,0.0,0.25,0.0,0.0,0.0,0.0,0.25,0.25,0.0,0.0,0.15,0.1,0.25,0.25,0.0015
575,0.0,0.0,0.25,0.25,0.15,0.1,0.25,0.1,0.1,0.0,0.0,0.25,0.25,0.0,0.0,0.15,0.1,0.1,0.1,0.0015
584,0.0,0.0,0.125,0.25,0.25,0.25,0.1,0.125,0.25,0.0,0.0,0.125,0.25,0.0,0.0,0.1,0.1,0.05,0.1,0.0015
591,0.0,0.0,0.25,0.25,0.15,0.1,0.1,0.25,0.25,0.0,0.0,0.25,0.25,0.0,0.0,0.15,0.1,0.25,0.25,0.0015
599,0.0,0.0,0.25,0.25,0.15,0.1,0.1,0.0,0.0,0.15,0.1,0.25,0.25,0.0,0.0,0.0,0.0,0.25,0.25,0.0015
606,0.0,0.0,0.125,0.25,0.375,0.25,0.1,0.125,0.25,0.15,0.1,0.125,0.25,0.0,0.0,0.15,0.1,0.0,0.0,0.0015
615,0.0,0.0,0.25,0.25,0.0,0.0,0.25,0.25,0.25,0.15,0.1,0.25,0.25,0.0,0.0,0.375,0.25,0.25,0.25,0.0015
622,0.0,0.0,0.125,0.25,0.0,0.0,0.25,0.125,0.25,0.375,0.25,0.125,0.25,0.0,0.0,0.0,0.0,0.05,0.1,0.0015
631,0.0,0.0,0.0,0.0,0.0,0.0,0.25,0.1,0.1,0.0,0.0,0.25,0.25,0.0,0.0,0.0,0.0,0.1,0.1,0.0015
644,0.0,0.0,0.05,0.1,0.0,0.0,0.25,0.125,0.25,0.0,0.0,0.0,0.0,0.0,0.0,0.0,0.0,0.125,0.25,0.0015
649,0.0,0.0,0.1,0.1,0.0,0.0,0.25,0.25,0.25,0.0,0.0,0.1,0.1,0.0,0.0,0.0,0.0,0.0,0.0,0.0015
655,0.0,0.0,0.1,0.1,0.0,0.0,0.25,0.25,0.25,0.0,0.0,0.1,0.1,0.0,0.0,0.0,0.0,0.1,0.1,0.0015
661,0.0,0.0,0.1,0.1,0.1,0.1,0.25,0.25,0.25,0.0,0.0,0.25,0.25,0.0,0.0,0.0,0.0,0.0,0.0,0.0015
675,0.0,0.0,0.1,0.1,0.375,0.25,0.25,0.25,0.25,0.15,0.1,0.25,0.25,0.0,0.0,0.15,0.1,0.25,0.25,0.0015
683,0.0,0.0,0.25,0.25,0.375,0.25,0.25,0.1,0.1,0.0,0.0,0.0,0.0,0.0,0.0,0.0,0.0,0.25,0.25,0.0015
689,0.0,0.0,0.25,0.25,0.1,0.1,0.0,0.25,0.25,0.0,0.0,0.0,0.0,0.0,0.0,0.0,0.0,0.1,0.1,0.0015
695,0.0,0.0,0.25,0.25,0.375,0.25,0.25,0.25,0.25,0.0,0.0,0.0,0.0,0.15,0.1,0.0,0.0,0.0,0.0,0.0015
702,0.0,0.0,0.125,0.25,0.15,0.1,0.25,0.05,0.1,0.15,0.1,0.0,0.0,0.0,0.0,0.0,0.0,0.125,0.25,0.0015
721,0.0,0.0,0.25,0.25,0.1,0.1,0.25,0.25,0.25,0.1,0.1,0.0,0.0,0.0,0.0,0.1,0.1,0.25,0.25,0.0015
726,0.0,0.0,0.125,0.25,0.15,0.1,0.1,0.05,0.1,0.375,0.25,0.0,0.0,0.0,0.0,0.0,0.0,0.05,0.1,0.0015
743,0.0,0.0,0.25,0.25,0.375,0.25,0.1,0.1,0.1,0.0,0.0,0.1,0.1,0.0,0.0,0.0,0.0,0.0,0.0,0.0015
750,0.0,0.0,0.125,0.25,0.0,0.0,0.25,0.125,0.25,0.0,0.0,0.05,0.1,0.0,0.0,0.0,0.0,0.05,0.1,0.0015
765,0.0,0.0,0.25,0.25,0.25,0.25,0.25,0.1,0.1,0.1,0.1,0.1,0.1,0.0,0.0,0.0,0.0,0.1,0.1,0.0015
777,0.0,0.0,0.25,0.25,0.25,0.25,0.25,0.25,0.25,0.1,0.1,0.1,0.1,0.0,0.0,0.0,0.0,0.1,0.1,0.0015
786,0.0,0.0,0.125,0.25,0.15,0.1,0.1,0.125,0.25,0.15,0.1,0.05,0.1,0.0,0.0,0.15,0.1,0.0,0.0,0.0015
801,0.0,0.0,0.25,0.25,0.0,0.0,0.1,0.1,0.1,0.25,0.25,0.1,0.1,0.0,0.0,0.0,0.0,0.1,0.1,0.0015
814,0.0,0.0,0.125,0.25,0.15,0.1,0.1,0.0,0.0,0.0,0.0,0.125,0.25,0.0,0.0,0.0,0.0,0.0,0.0,0.0015
820,0.0,0.0,0.125,0.25,0.25,0.25,0.1,0.0,0.0,0.0,0.0,0.125,0.25,0.0,0.0,0.0,0.0,0.125,0.25,0.0015
828,0.0,0.0,0.125,0.25,0.1,0.1,0.25,0.125,0.25,0.0,0.0,0.125,0.25,0.0,0.0,0.0,0.0,0.05,0.1,0.0015
836,0.1,0.1,0.125,0.25,0.0,0.0,0.25,0.125,0.25,0.0,0.0,0.125,0.25,0.0,0.0,0.0,0.0,0.125,0.25,0.0015
843,0.0,0.0,0.25,0.25,0.0,0.0,0.25,0.0,0.0,0.0,0.0,0.25,0.25,0.0,0.0,0.15,0.1,0.0,0.0,0.0015
850,0.0,0.0,0.125,0.25,0.0,0.0,0.25,0.05,0.1,0.0,0.0,0.125,0.25,0.15,0.1,0.15,0.1,0.125,0.25,0.0015
857,0.0,0.0,0.25,0.25,0.0,0.0,0.0,0.25,0.25,0.0,0.0,0.25,0.25,0.0,0.0,0.1,0.1,0.1,0.1,0.0015
867,0.0,0.0,0.25,0.25,0.15,0.1,0.25,0.25,0.25,0.0,0.0,0.25,0.25,0.0,0.0,0.15,0.1,0.25,0.25,0.0015
876,0.0,0.0,0.125,0.25,0.0,0.0,0.1,0.0,0.0,0.1,0.1,0.125,0.25,0.0,0.0,0.0,0.0,0.05,0.1,0.0015
883,0.0,0.0,0.25,0.25,0.375,0.25,0.25,0.0,0.0,0.15,0.1,0.25,0.25,0.0,0.0,0.0,0.0,0.25,0.25,0.0015
892,0.0,0.0,0.125,0.25,0.1,0.1,0.25,0.125,0.25,0.1,0.1,0.125,0.25,0.0,0.0,0.0,0.0,0.0,0.0,0.0015
898,0.0,0.0,0.125,0.25,0.15,0.1,0.1,0.125,0.25,0.15,0.1,0.125,0.25,0.0,0.0,0.0,0.0,0.125,0.25,0.0015
913,0.0,0.0,0.25,0.25,0.25,0.25,0.25,0.25,0.25,0.1,0.1,0.25,0.25,0.0,0.0,0.1,0.1,0.25,0.25,0.0015
924,0.0,0.0,0.125,0.25,0.0,0.0,0.25,0.05,0.1,0.25,0.25,0.125,0.25,0.0,0.0,0.0,0.0,0.0,0.0,0.0015
931,0.0,0.0,0.25,0.25,0.375,0.25,0.1,0.1,0.1,0.375,0.25,0.25,0.25,0.0,0.0,0.0,0.0,0.1,0.1,0.0015
941,0.0,0.0,0.25,0.25,0.0,0.0,0.1,0.25,0.25,0.25,0.25,0.25,0.25,0.0,0.0,0.0,0.0,0.25,0.25,0.0015
954,0.0,0.0,0.0,0.0,0.0,0.0,0.25,0.125,0.25,0.0,0.0,0.125,0.25,0.0,0.0,0.0,0.0,0.05,0.1,0.0015
961,0.0,0.0,0.1,0.1,0.25,0.25,0.25,0.25,0.25,0.0,0.0,0.1,0.1,0.0,0.0,0.0,0.0,0.1,0.1,0.0015
967,0.0,0.0,0.1,0.1,0.15,0.1,0.25,0.25,0.25,0.0,0.0,0.1,0.1,0.0,0.0,0.0,0.0,0.25,0.25,0.0015
973,0.0,0.0,0.1,0.1,0.25,0.25,0.25,0.1,0.1,0.0,0.0,0.25,0.25,0.0,0.0,0.0,0.0,0.0,0.0,0.0015
978,0.0,0.0,0.05,0.1,0.15,0.1,0.25,0.05,0.1,0.0,0.0,0.125,0.25,0.0,0.0,0.0,0.0,0.05,0.1,0.0015
986,0.0,0.0,0.05,0.1,0.375,0.25,0.25,0.125,0.25,0.0,0.0,0.125,0.25,0.0,0.0,0.0,0.0,0.0,0.0,0.0015
993,0.0,0.0,0.1,0.1,0.0,0.0,0.25,0.25,0.25,0.0,0.0,0.25,0.25,0.0,0.0,0.0,0.0,0.25,0.25,0.0015
1001,0.0,0.0,0.25,0.25,0.1,0.1,0.25,0.0,0.0,0.0,0.0,0.0,0.0,0.0,0.0,0.0,0.0,0.0,0.0,0.0015
1014,0.0,0.0,0.125,0.25,0.15,0.1,0.25,0.05,0.1,0.0,0.0,0.0,0.0,0.15,0.1,0.0,0.0,0.125,0.25,0.0015
1021,0.0,0.0,0.25,0.25,0.1,0.1,0.25,0.25,0.25,0.0,0.0,0.0,0.0,0.0,0.0,0.0,0.0,0.1,0.1,0.0015
1027,0.0,0.0,0.25,0.25,0.0,0.0,0.25,0.25,0.25,0.0,0.0,0.0,0.0,0.0,0.0,0.0,0.0,0.25,0.25,0.0015
1036,0.0,0.0,0.125,0.25,0.25,0.25,0.25,0.05,0.1,0.1,0.1,0.0,0.0,0.0,0.0,0.0,0.0,0.125,0.25,0.0015
1049,0.0,0.0,0.25,0.25,0.0,0.0,0.25,0.25,0.25,0.1,0.1,0.0,0.0,0.0,0.0,0.1,0.1,0.1,0.1,0.0015
1058,0.0,0.0,0.125,0.25,0.375,0.25,0.25,0.125,0.25,0.375,0.25,0.0,0.0,0.0,0.0,0.0,0.0,0.125,0.25,0.0015
1065,0.0,0.0,0.25,0.25,0.1,0.1,0.1,0.0,0.0,0.0,0.0,0.1,0.1,0.0,0.0,0.0,0.0,0.1,0.1,0.0015
1072,0.0,0.0,0.125,0.25,0.1,0.1,0.25,0.05,0.1,0.0,0.0,0.05,0.1,0.1,0.1,0.0,0.0,0.0,0.0,0.0015
1079,0.0,0.0,0.25,0.25,0.0,0.0,0.25,0.1,0.1,0.0,0.0,0.1,0.1,0.15,0.1,0.0,0.0,0.1,0.1,0.0015
1086,0.0,0.0,0.125,0.25,0.15,0.1,0.25,0.125,0.25,0.0,0.0,0.05,0.1,0.0,0.0,0.0,0.0,0.05,0.1,0.0015
1093,0.0,0.0,0.25,0.25,0.1,0.1,0.25,0.0,0.0,0.0,0.0,0.1,0.1,0.0,0.0,0.1,0.1,0.25,0.25,0.0015
1103,0.0,0.0,0.25,0.25,0.15,0.1,0.1,0.1,0.1,0.0,0.0,0.1,0.1,0.0,0.0,0.15,0.1,0.25,0.25,0.0015
1111,0.0,0.0,0.25,0.25,0.15,0.1,0.25,0.0,0.0,0.15,0.1,0.1,0.1,0.0,0.0,0.0,0.0,0.25,0.25,0.0015
1118,0.0,0.0,0.125,0.25,0.0,0.0,0.25,0.05,0.1,0.15,0.1,0.05,0.1,0.0,0.0,0.0,0.0,0.05,0.1,0.0015
1131,0.0,0.0,0.25,0.25,0.375,0.25,0.25,0.25,0.25,0.15,0.1,0.1,0.1,0.0,0.0,0.15,0.1,0.1,0.1,0.0015
1140,0.0,0.0,0.125,0.25,0.1,0.1,0.1,0.05,0.1,0.25,0.25,0.05,0.1,0.0,0.0,0.0,0.0,0.0,0.0,0.0015
1150,0.0,0.0,0.125,0.25,0.375,0.25,0.25,0.05,0.1,0.375,0.25,0.05,0.1,0.0,0.0,0.0,0.0,0.125,0.25,0.0015
1156,0.0,0.0,0.125,0.25,0.0,0.0,0.1,0.0,0.0,0.0,0.0,0.125,0.25,0.0,0.0,0.0,0.0,0.125,0.25,0.0015
1166,0.0,0.0,0.125,0.25,0.375,0.25,0.25,0.05,0.1,0.0,0.0,0.125,0.25,0.15,0.1,0.0,0.0,0.0,0.0,0.0015
1179,0.15,0.1,0.25,0.25,0.15,0.1,0.25,0.25,0.25,0.0,0.0,0.25,0.25,0.0,0.0,0.0,0.0,0.25,0.25,0.0015
1187,0.0,0.0,0.25,0.25,0.375,0.25,0.1,0.1,0.1,0.0,0.0,0.25,0.25,0.0,0.0,0.15,0.1,0.1,0.1,0.0015
1197,0.0,0.0,0.25,0.25,0.0,0.0,0.25,0.25,0.25,0.0,0.0,0.25,0.25,0.0,0.0,0.1,0.1,0.1,0.1,0.0015
1205,0.0,0.0,0.25,0.25,0.0,0.0,0.25,0.25,0.25,0.0,0.0,0.25,0.25,0.1,0.1,0.1,0.1,0.25,0.25,0.0015
1212,0.0,0.0,0.125,0.25,0.0,0.0,0.25,0.0,0.0,0.1,0.1,0.125,0.25,0.0,0.0,0.0,0.0,0.125,0.25,0.0015
1220,0.0,0.0,0.125,0.25,0.1,0.1,0.25,0.05,0.1,0.1,0.1,0.125,0.25,0.0,0.0,0.0,0.0,0.05,0.1,0.0015
1226,0.0,0.0,0.125,0.25,0.0,0.0,0.25,0.05,0.1,0.15,0.1,0.125,0.25,0.0,0.0,0.0,0.0,0.125,0.25,0.0015
1233,0.0,0.0,0.25,0.25,0.1,0.1,0.25,0.25,0.25,0.1,0.1,0.25,0.25,0.0,0.0,0.0,0.0,0.25,0.25,0.0015
1243,0.0,0.0,0.25,0.25,0.375,0.25,0.1,0.25,0.25,0.15,0.1,0.25,0.25,0.0,0.0,0.15,0.1,0.1,0.1,0.0015
1261,0.0,0.0,0.1,0.1,0.0,0.0,0.25,0.25,0.25,0.0,0.0,0.0,0.0,0.1,0.1,0.1,0.1,0.25,0.25,0.0015
1268,0.0,0.0,0.05,0.1,0.1,0.1,0.25,0.125,0.25,0.0,0.0,0.05,0.1,0.0,0.0,0.0,0.0,0.05,0.1,0.0015
1275,0.0,0.0,0.1,0.1,0.0,0.0,0.25,0.25,0.25,0.0,0.0,0.1,0.1,0.0,0.0,0.0,0.0,0.25,0.25,0.0015
1283,0.0,0.0,0.1,0.1,0.15,0.1,0.25,0.1,0.1,0.0,0.0,0.25,0.25,0.0,0.0,0.0,0.0,0.0,0.0,0.0015
1289,0.0,0.0,0.1,0.1,0.1,0.1,0.1,0.25,0.25,0.0,0.0,0.25,0.25,0.0,0.0,0.0,0.0,0.25,0.25,0.0015
1302,0.0,0.0,0.05,0.1,0.15,0.1,0.25,0.125,0.25,0.15,0.1,0.125,0.25,0.0,0.0,0.15,0.1,0.125,0.25,0.0015
1309,0.0,0.0,0.25,0.25,0.25,0.25,0.25,0.0,0.0,0.0,0.0,0.0,0.0,0.0,0.0,0.0,0.0,0.1,0.1,0.0015
1320,0.0,0.0,0.125,0.25,0.1,0.1,0.25,0.125,0.25,0.0,0.0,0.0,0.0,0.0,0.0,0.0,0.0,0.0,0.0,0.0015
1328,0.0,0.0,0.125,0.25,0.25,0.25,0.25,0.05,0.1,0.1,0.1,0.0,0.0,0.0,0.0,0.1,0.1,0.05,0.1,0.0015
1340,0.0,0.0,0.125,0.25,0.25,0.25,0.1,0.125,0.25,0.1,0.1,0.0,0.0,0.0,0.0,0.1,0.1,0.125,0.25,0.0015
1347,0.0,0.0,0.25,0.25,0.0,0.0,0.25,0.1,0.1,0.375,0.25,0.0,0.0,0.0,0.0,0.0,0.0,0.1,0.1,0.0015
1354,0.0,0.0,0.125,0.25,0.15,0.1,0.25,0.125,0.25,0.375,0.25,0.0,0.0,0.0,0.0,0.0,0.0,0.0,0.0,0.0015
1361,0.0,0.0,0.25,0.25,0.1,0.1,0.1,0.0,0.0,0.0,0.0,0.1,0.1,0.0,0.0,0.0,0.0,0.25,0.25,0.0015
1377,0.0,0.0,0.25,0.25,0.25,0.25,0.1,0.1,0.1,0.0,0.0,0.1,0.1,0.0,0.0,0.1,0.1,0.25,0.25,0.0015
1387,0.0,0.0,0.25,0.25,0.375,0.25,0.1,0.0,0.0,0.15,0.1,0.1,0.1,0.0,0.0,0.0,0.0,0.25,0.25,0.0015
1394,0.0,0.0,0.125,0.25,0.0,0.0,0.25,0.05,0.1,0.15,0.1,0.05,0.1,0.0,0.0,0.15,0.1,0.0,0.0,0.0015
1406,0.0,0.0,0.125,0.25,0.375,0.25,0.25,0.05,0.1,0.375,0.25,0.05,0.1,0.0,0.0,0.0,0.0,0.05,0.1,0.0015
1414,0.0,0.0,0.125,0.25,0.0,0.0,0.25,0.125,0.25,0.375,0.25,0.05,0.1,0.0,0.0,0.0,0.0,0.0,0.0,0.0015
1421,0.0,0.0,0.25,0.25,0.25,0.25,0.25,0.0,0.0,0.0,0.0,0.25,0.25,0.0,0.0,0.0,0.0,0.0,0.0,0.0015
1428,0.0,0.0,0.125,0.25,0.25,0.25,0.1,0.05,0.1,0.0,0.0,0.125,0.25,0.0,0.0,0.0,0.0,0.05,0.1,0.0015
1436,0.0,0.0,0.125,0.25,0.0,0.0,0.25,0.125,0.25,0.0,0.0,0.125,0.25,0.0,0.0,0.0,0.0,0.05,0.1,0.0015
1447,0.15,0.1,0.25,0.25,0.375,0.25,0.25,0.25,0.25,0.0,0.0,0.25,0.25,0.0,0.0,0.0,0.0,0.25,0.25,0.0015
1454,0.0,0.0,0.125,0.25,0.15,0.1,0.25,0.0,0.0,0.0,0.0,0.125,0.25,0.0,0.0,0.15,0.1,0.125,0.25,0.0015
1462,0.0,0.0,0.125,0.25,0.15,0.1,0.0,0.05,0.1,0.0,0.0,0.125,0.25,0.0,0.0,0.15,0.1,0.125,0.25,0.0015
1475,0.0,0.0,0.25,0.25,0.0,0.0,0.0,0.25,0.25,0.0,0.0,0.25,0.25,0.0,0.0,0.15,0.1,0.25,0.25,0.0015
1485,0.0,0.0,0.25,0.25,0.25,0.25,0.1,0.0,0.0,0.1,0.1,0.25,0.25,0.0,0.0,0.0,0.0,0.25,0.25,0.0015
1506,0.0,0.0,0.125,0.25,0.0,0.0,0.25,0.05,0.1,0.15,0.1,0.125,0.25,0.0,0.0,0.375,0.25,0.125,0.25,0.0015
1514,0.0,0.0,0.125,0.25,0.15,0.1,0.1,0.0,0.0,0.375,0.25,0.125,0.25,0.0,0.0,0.0,0.0,0.125,0.25,0.0015
1522,0.0,0.0,0.125,0.25,0.0,0.0,0.25,0.05,0.1,0.375,0.25,0.125,0.25,0.0,0.0,0.0,0.0,0.05,0.1,0.0015
1530,0.0,0.0,0.125,0.25,0.15,0.1,0.25,0.125,0.25,0.375,0.25,0.125,0.25,0.0,0.0,0.0,0.0,0.05,0.1,0.0015
1542,0.0,0.0,0.0,0.0,0.375,0.25,0.25,0.125,0.25,0.0,0.0,0.125,0.25,0.0,0.0,0.0,0.0,0.125,0.25,0.0015
1549,0.0,0.0,0.1,0.1,0.25,0.25,0.25,0.1,0.1,0.0,0.0,0.1,0.1,0.0,0.0,0.0,0.0,0.25,0.25,0.0015
1556,0.0,0.0,0.05,0.1,0.25,0.25,0.25,0.125,0.25,0.0,0.0,0.125,0.25,0.0,0.0,0.0,0.0,0.05,0.1,0.0015
1562,0.0,0.0,0.05,0.1,0.15,0.1,0.25,0.125,0.25,0.0,0.0,0.125,0.25,0.0,0.0,0.0,0.0,0.125,0.25,0.0015
1571,0.0,0.0,0.1,0.1,0.0,0.0,0.25,0.25,0.25,0.15,0.1,0.25,0.25,0.0,0.0,0.15,0.1,0.25,0.25,0.0015
1577,0.0,0.0,0.25,0.25,0.25,0.25,0.25,0.1,0.1,0.0,0.0,0.0,0.0,0.0,0.0,0.0,0.0,0.1,0.1,0.0015
1584,0.0,0.0,0.125,0.25,0.25,0.25,0.1,0.125,0.25,0.0,0.0,0.0,0.0,0.0,0.0,0.0,0.0,0.0,0.0,0.0015
1593,0.0,0.0,0.25,0.25,0.25,0.25,0.25,0.25,0.25,0.0,0.0,0.0,0.0,0.1,0.1,0.0,0.0,0.1,0.1,0.0015
1597,0.0,0.0,0.25,0.25,0.1,0.1,0.25,0.25,0.25,0.0,0.0,0.0,0.0,0.1,0.1,0.0,0.0,0.25,0.25,0.0015
1604,0.0,0.0,0.125,0.25,0.1,0.1,0.1,0.05,0.1,0.1,0.1,0.0,0.0,0.0,0.0,0.0,0.0,0.05,0.1,0.0015
1612,0.0,0.0,0.125,0.25,0.0,0.0,0.25,0.125,0.25,0.1,0.1,0.0,0.0,0.0,0.0,0.0,0.0,0.0,0.0,0.0015
1620,0.0,0.0,0.125,0.25,0.1,0.1,0.1,0.0,0.0,0.25,0.25,0.0,0.0,0.0,0.0,0.0,0.0,0.125,0.25,0.0015
1627,0.0,0.0,0.25,0.25,0.0,0.0,0.25,0.1,0.1,0.375,0.25,0.0,0.0,0.0,0.0,0.0,0.0,0.25,0.25,0.0015
1639,0.0,0.0,0.25,0.25,0.375,0.25,0.0,0.1,0.1,0.0,0.0,0.1,0.1,0.0,0.0,0.0,0.0,0.1,0.1,0.0015
1646,0.0,0.0,0.125,0.25,0.15,0.1,0.25,0.05,0.1,0.0,0.0,0.05,0.1,0.15,0.1,0.0,0.0,0.05,0.1,0.0015
1657,0.0,0.0,0.25,0.25,0.25,0.25,0.25,0.0,0.0,0.0,0.0,0.1,0.1,0.0,0.0,0.1,0.1,0.25,0.25,0.0015
1664,0.0,0.0,0.125,0.25,0.0,0.0,0.1,0.125,0.25,0.0,0.0,0.05,0.1,0.0,0.0,0.1,0.1,0.05,0.1,0.0015
1675,0.0,0.0,0.25,0.25,0.15,0.1,0.1,0.0,0.0,0.15,0.1,0.1,0.1,0.0,0.0,0.0,0.0,0.1,0.1,0.0015
1682,0.0,0.0,0.125,0.25,0.375,0.25,0.25,0.05,0.1,0.15,0.1,0.05,0.1,0.0,0.0,0.0,0.0,0.0,0.0,0.0015
1690,0.0,0.0,0.125,0.25,0.0,0.0,0.25,0.05,0.1,0.15,0.1,0.05,0.1,0.0,0.0,0.0,0.0,0.125,0.25,0.0015
1703,0.0,0.0,0.25,0.25,0.375,0.25,0.25,0.25,0.25,0.15,0.1,0.1,0.1,0.0,0.0,0.15,0.1,0.0,0.0,0.0015
1712,0.0,0.0,0.125,0.25,0.25,0.25,0.25,0.125,0.25,0.1,0.1,0.05,0.1,0.1,0.1,0.1,0.1,0.125,0.25,0.0015
1720,0.0,0.0,0.125,0.25,0.0,0.0,0.1,0.05,0.1,0.25,0.25,0.05,0.1,0.0,0.0,0.0,0.0,0.125,0.25,0.0015
1727,0.0,0.0,0.25,0.25,0.375,0.25,0.25,0.25,0.25,0.375,0.25,0.1,0.1,0.0,0.0,0.0,0.0,0.25,0.25,0.0015
1737,0.0,0.0,0.25,0.25,0.25,0.25,0.25,0.1,0.1,0.0,0.0,0.25,0.25,0.0,0.0,0.0,0.0,0.0,0.0,0.0015
1744,0.0,0.0,0.125,0.25,0.0,0.0,0.25,0.05,0.1,0.0,0.0,0.125,0.25,0.0,0.0,0.0,0.0,0.125,0.25,0.0015
1751,0.0,0.0,0.25,0.25,0.375,0.25,0.0,0.25,0.25,0.0,0.0,0.25,0.25,0.15,0.1,0.0,0.0,0.1,0.1,0.0015
1759,0.0,0.0,0.25,0.25,0.375,0.25,0.1,0.1,0.1,0.0,0.0,0.25,0.25,0.0,0.0,0.15,0.1,0.0,0.0,0.0015
1769,0.0,0.0,0.25,0.25,0.0,0.0,0.25,0.1,0.1,0.0,0.0,0.25,0.25,0.1,0.1,0.1,0.1,0.1,0.1,0.0015
1784,0.0,0.0,0.125,0.25,0.1,0.1,0.25,0.0,0.0,0.1,0.1,0.125,0.25,0.0,0.0,0.0,0.0,0.125,0.25,0.0015
1791,0.0,0.0,0.25,0.25,0.15,0.1,0.1,0.1,0.1,0.15,0.1,0.25,0.25,0.0,0.0,0.0,0.0,0.1,0.1,0.0015
1798,0.0,0.0,0.125,0.25,0.375,0.25,0.25,0.125,0.25,0.15,0.1,0.125,0.25,0.0,0.0,0.0,0.0,0.125,0.25,0.0015
1805,0.0,0.0,0.25,0.25,0.0,0.0,0.25,0.25,0.25,0.1,0.1,0.25,0.25,0.1,0.1,0.0,0.0,0.25,0.25,0.0015
1814,0.0,0.0,0.125,0.25,0.375,0.25,0.1,0.0,0.0,0.375,0.25,0.125,0.25,0.0,0.0,0.0,0.0,0.125,0.25,0.0015
1821,0.0,0.0,0.25,0.25,0.25,0.25,0.25,0.25,0.25,0.25,0.25,0.25,0.25,0.0,0.0,0.25,0.25,0.0,0.0,0.0015
1828,0.0,0.0,0.05,0.1,0.1,0.1,0.25,0.05,0.1,0.0,0.0,0.0,0.0,0.0,0.0,0.0,0.0,0.125,0.25,0.0015
1838,0.0,0.0,0.05,0.1,0.0,0.0,0.25,0.0,0.0,0.0,0.0,0.125,0.25,0.0,0.0,0.0,0.0,0.0,0.0,0.0015
1850,0.0,0.0,0.05,0.1,0.0,0.0,0.25,0.125,0.25,0.15,0.1,0.125,0.25,0.0,0.0,0.15,0.1,0.05,0.1,0.0015
1857,0.0,0.0,0.25,0.25,0.1,0.1,0.25,0.1,0.1,0.0,0.0,0.0,0.0,0.0,0.0,0.0,0.0,0.1,0.1,0.0015
1864,0.0,0.0,0.125,0.25,0.1,0.1,0.1,0.125,0.25,0.0,0.0,0.0,0.0,0.0,0.0,0.0,0.0,0.0,0.0,0.0015
1870,0.0,0.0,0.125,0.25,0.15,0.1,0.0,0.125,0.25,0.0,0.0,0.0,0.0,0.0,0.0,0.0,0.0,0.125,0.25,0.0015
1880,0.0,0.0,0.125,0.25,0.1,0.1,0.25,0.125,0.25,0.0,0.0,0.0,0.0,0.1,0.1,0.0,0.0,0.05,0.1,0.0015
1887,0.0,0.0,0.25,0.25,0.0,0.0,0.25,0.25,0.25,0.0,0.0,0.0,0.0,0.15,0.1,0.0,0.0,0.25,0.25,0.0015
1892,0.0,0.0,0.125,0.25,0.0,0.0,0.25,0.05,0.1,0.1,0.1,0.0,0.0,0.0,0.0,0.0,0.0,0.05,0.1,0.0015
1899,0.0,0.0,0.25,0.25,0.375,0.25,0.25,0.25,0.25,0.15,0.1,0.0,0.0,0.0,0.0,0.0,0.0,0.1,0.1,0.0015
1908,0.0,0.0,0.125,0.25,0.0,0.0,0.25,0.05,0.1,0.1,0.1,0.0,0.0,0.0,0.0,0.1,0.1,0.05,0.1,0.0015
1923,0.0,0.0,0.25,0.25,0.0,0.0,0.1,0.1,0.1,0.375,0.25,0.0,0.0,0.0,0.0,0.0,0.0,0.1,0.1,0.0015
1930,0.0,0.0,0.125,0.25,0.375,0.25,0.25,0.125,0.25,0.375,0.25,0.0,0.0,0.0,0.0,0.0,0.0,0.0,0.0,0.0015
1937,0.0,0.0,0.25,0.25,0.0,0.0,0.25,0.25,0.25,0.25,0.25,0.0,0.0,0.0,0.0,0.0,0.0,0.25,0.25,0.0015
1943,0.0,0.0,0.25,0.25,0.375,0.25,0.25,0.0,0.0,0.0,0.0,0.1,0.1,0.0,0.0,0.0,0.0,0.1,0.1,0.0015
1955,0.0,0.0,0.25,0.25,0.375,0.25,0.25,0.25,0.25,0.0,0.0,0.1,0.1,0.0,0.0,0.0,0.0,0.25,0.25,0.0015
1961,0.0,0.0,0.25,0.25,0.0,0.0,0.25,0.25,0.25,0.0,0.0,0.1,0.1,0.1,0.1,0.0,0.0,0.1,0.1,0.0015
1971,0.0,0.0,0.25,0.25,0.0,0.0,0.1,0.1,0.1,0.0,0.0,0.1,0.1,0.0,0.0,0.15,0.1,0.25,0.25,0.0015
1982,0.0,0.0,0.125,0.25,0.15,0.1,0.1,0.125,0.25,0.0,0.0,0.05,0.1,0.0,0.0,0.15,0.1,0.125,0.25,0.0015
1990,0.0,0.0,0.125,0.25,0.15,0.1,0.25,0.125,0.25,0.15,0.1,0.05,0.1,0.0,0.0,0.0,0.0,0.0,0.0,0.0015
1997,0.0,0.0,0.25,0.25,0.25,0.25,0.25,0.1,0.1,0.1,0.1,0.1,0.1,0.0,0.0,0.1,0.1,0.0,0.0,0.0015
2009,0.0,0.0,0.25,0.25,0.0,0.0,0.0,0.25,0.25,0.1,0.1,0.1,0.1,0.0,0.0,0.1,0.1,0.1,0.1,0.0015
2022,0.0,0.0,0.125,0.25,0.0,0.0,0.1,0.0,0.0,0.375,0.25,0.05,0.1,0.0,0.0,0.0,0.0,0.05,0.1,0.0015
2029,0.0,0.0,0.25,0.25,0.25,0.25,0.25,0.25,0.25,0.25,0.25,0.1,0.1,0.0,0.0,0.0,0.0,0.0,0.0,0.0015
2035,0.0,0.0,0.25,0.25,0.15,0.1,0.25,0.25,0.25,0.375,0.25,0.1,0.1,0.0,0.0,0.0,0.0,0.1,0.1,0.0015
2041,0.0,0.0,0.25,0.25,0.1,0.1,0.25,0.0,0.0,0.0,0.0,0.25,0.25,0.0,0.0,0.0,0.0,0.0,0.0,0.0015
2048,0.0,0.0,0.125,0.25,0.1,0.1,0.25,0.05,0.1,0.0,0.0,0.125,0.25,0.0,0.0,0.0,0.0,0.0,0.0,0.0015
2055,0.0,0.0,0.25,0.25,0.0,0.0,0.25,0.1,0.1,0.0,0.0,0.25,0.25,0.0,0.0,0.0,0.0,0.1,0.1,0.0015
2062,0.0,0.0,0.125,0.25,0.375,0.25,0.25,0.125,0.25,0.0,0.0,0.125,0.25,0.0,0.0,0.0,0.0,0.05,0.1,0.0015
2070,0.0,0.0,0.125,0.25,0.0,0.0,0.25,0.125,0.25,0.0,0.0,0.125,0.25,0.15,0.1,0.0,0.0,0.0,0.0,0.0015
2077,0.0,0.0,0.25,0.25,0.0,0.0,0.0,0.1,0.1,0.0,0.0,0.25,0.25,0.0,0.0,0.1,0.1,0.0,0.0,0.0015
2095,0.0,0.0,0.25,0.25,0.0,0.0,0.0,0.25,0.25,0.0,0.0,0.25,0.25,0.0,0.0,0.15,0.1,0.0,0.0,0.0015
2106,0.0,0.0,0.125,0.25,0.0,0.0,0.1,0.125,0.25,0.0,0.0,0.125,0.25,0.15,0.1,0.15,0.1,0.125,0.25,0.0015
2114,0.0,0.0,0.125,0.25,0.0,0.0,0.1,0.0,0.0,0.15,0.1,0.125,0.25,0.0,0.0,0.0,0.0,0.125,0.25,0.0015
2121,0.0,0.0,0.25,0.25,0.25,0.25,0.1,0.1,0.1,0.1,0.1,0.25,0.25,0.0,0.0,0.0,0.0,0.1,0.1,0.0015
2132,0.0,0.0,0.125,0.25,0.0,0.0,0.25,0.05,0.1,0.1,0.1,0.125,0.25,0.0,0.0,0.1,0.1,0.0,0.0,0.0015
2146,0.0,0.0,0.125,0.25,0.375,0.25,0.25,0.125,0.25,0.15,0.1,0.125,0.25,0.15,0.1,0.15,0.1,0.0,0.0,0.0015
2156,0.0,0.0,0.125,0.25,0.0,0.0,0.25,0.0,0.0,0.25,0.25,0.125,0.25,0.0,0.0,0.0,0.0,0.125,0.25,0.0015
2168,0.0,0.0,0.125,0.25,0.1,0.1,0.1,0.125,0.25,0.25,0.25,0.125,0.25,0.0,0.0,0.0,0.0,0.05,0.1,0.0015
2179,0.0,0.0,0.25,0.25,0.0,0.0,0.25,0.25,0.25,0.375,0.25,0.25,0.25,0.0,0.0,0.375,0.25,0.0,0.0,0.0015
2185,0.0,0.0,0.1,0.1,0.1,0.1,0.25,0.25,0.25,0.0,0.0,0.0,0.0,0.0,0.0,0.0,0.0,0.25,0.25,0.0015
2192,0.0,0.0,0.05,0.1,0.0,0.0,0.25,0.05,0.1,0.0,0.0,0.05,0.1,0.0,0.0,0.0,0.0,0.125,0.25,0.0015
2200,0.0,0.0,0.05,0.1,0.0,0.0,0.25,0.05,0.1,0.0,0.0,0.125,0.25,0.0,0.0,0.0,0.0,0.05,0.1,0.0015
2209,0.0,0.0,0.1,0.1,0.0,0.0,0.25,0.0,0.0,0.0,0.0,0.25,0.25,0.0,0.0,0.1,0.1,0.25,0.25,0.0015
2217,0.0,0.0,0.1,0.1,0.1,0.1,0.1,0.25,0.25,0.1,0.1,0.25,0.25,0.0,0.0,0.0,0.0,0.25,0.25,0.0015
2223,0.0,0.0,0.25,0.25,0.0,0.0,0.25,0.1,0.1,0.0,0.0,0.0,0.0,0.0,0.0,0.0,0.0,0.0,0.0,0.0015
2238,0.0,0.0,0.125,0.25,0.0,0.0,0.1,0.125,0.25,0.0,0.0,0.0,0.0,0.0,0.0,0.15,0.1,0.125,0.25,0.0015
2245,0.0,0.0,0.25,0.25,0.25,0.25,0.25,0.1,0.1,0.1,0.1,0.0,0.0,0.0,0.0,0.0,0.0,0.0,0.0,0.0015
2251,0.0,0.0,0.25,0.25,0.15,0.1,0.25,0.1,0.1,0.15,0.1,0.0,0.0,0.0,0.0,0.0,0.0,0.1,0.1,0.0015
2259,0.0,0.0,0.25,0.25,0.375,0.25,0.25,0.25,0.25,0.15,0.1,0.0,0.0,0.0,0.0,0.0,0.0,0.0,0.0,0.0015
2262,0.0,0.0,0.125,0.25,0.15,0.1,0.25,0.125,0.25,0.15,0.1,0.0,0.0,0.0,0.0,0.0,0.0,0.05,0.1,0.0015
2276,0.0,0.0,0.125,0.25,0.0,0.0,0.0,0.125,0.25,0.1,0.1,0.0,0.0,0.0,0.0,0.1,0.1,0.125,0.25,0.0015
2289,0.0,0.0,0.25,0.25,0.25,0.25,0.1,0.1,0.1,0.25,0.25,0.0,0.0,0.0,0.0,0.0,0.0,0.1,0.1,0.0015
2296,0.0,0.0,0.125,0.25,0.25,0.25,0.25,0.125,0.25,0.25,0.25,0.0,0.0,0.0,0.0,0.0,0.0,0.05,0.1,0.0015
2301,0.0,0.0,0.25,0.25,0.1,0.1,0.25,0.25,0.25,0.25,0.25,0.0,0.0,0.0,0.0,0.0,0.0,0.25,0.25,0.0015
2307,0.0,0.0,0.25,0.25,0.15,0.1,0.25,0.1,0.1,0.0,0.0,0.1,0.1,0.0,0.0,0.0,0.0,0.0,0.0,0.0015
2314,0.0,0.0,0.125,0.25,0.375,0.25,0.25,0.05,0.1,0.0,0.0,0.05,0.1,0.15,0.1,0.0,0.0,0.05,0.1,0.0015
2322,0.0,0.0,0.125,0.25,0.15,0.1,0.25,0.125,0.25,0.0,0.0,0.05,0.1,0.15,0.1,0.0,0.0,0.05,0.1,0.0015
2330,0.0,0.0,0.125,0.25,0.0,0.0,0.1,0.05,0.1,0.0,0.0,0.05,0.1,0.0,0.0,0.15,0.1,0.05,0.1,0.0015
2338,0.0,0.0,0.125,0.25,0.375,0.25,0.25,0.05,0.1,0.0,0.0,0.05,0.1,0.0,0.0,0.15,0.1,0.125,0.25,0.0015
2349,0.0,0.0,0.25,0.25,0.0,0.0,0.25,0.1,0.1,0.1,0.1,0.1,0.1,0.0,0.0,0.0,0.0,0.0,0.0,0.0015
2357,0.0,0.0,0.25,0.25,0.1,0.1,0.1,0.1,0.1,0.1,0.1,0.1,0.1,0.0,0.0,0.0,0.0,0.25,0.25,0.0015
2365,0.0,0.0,0.25,0.25,0.1,0.1,0.25,0.1,0.1,0.1,0.1,0.1,0.1,0.0,0.0,0.1,0.1,0.0,0.0,0.0015
2373,0.0,0.0,0.25,0.25,0.0,0.0,0.25,0.25,0.25,0.1,0.1,0.1,0.1,0.0,0.0,0.1,0.1,0.0,0.0,0.0015
2389,0.0,0.0,0.25,0.25,0.1,0.1,0.25,0.1,0.1,0.25,0.25,0.1,0.1,0.0,0.0,0.0,0.0,0.0,0.0,0.0015
2397,0.0,0.0,0.25,0.25,0.25,0.25,0.1,0.1,0.1,0.25,0.25,0.1,0.1,0.0,0.0,0.0,0.0,0.25,0.25,0.0015
2406,0.0,0.0,0.125,0.25,0.0,0.0,0.1,0.125,0.25,0.375,0.25,0.05,0.1,0.0,0.0,0.0,0.0,0.125,0.25,0.0015
2413,0.0,0.0,0.25,0.25,0.25,0.25,0.25,0.1,0.1,0.0,0.0,0.25,0.25,0.0,0.0,0.0,0.0,0.1,0.1,0.0015
2420,0.0,0.0,0.125,0.25,0.0,0.0,0.25,0.05,0.1,0.0,0.0,0.125,0.25,0.1,0.1,0.0,0.0,0.0,0.0,0.0015
2427,0.0,0.0,0.25,0.25,0.0,0.0,0.25,0.25,0.25,0.0,0.0,0.25,0.25,0.0,0.0,0.0,0.0,0.0,0.0,0.0015
2436,0.0,0.0,0.125,0.25,0.25,0.25,0.25,0.05,0.1,0.0,0.0,0.125,0.25,0.0,0.0,0.1,0.1,0.05,0.1,0.0015
2446,0.0,0.0,0.125,0.25,0.15,0.1,0.1,0.125,0.25,0.0,0.0,0.125,0.25,0.0,0.0,0.15,0.1,0.0,0.0,0.0015
2455,0.0,0.0,0.25,0.25,0.0,0.0,0.1,0.25,0.25,0.0,0.0,0.25,0.25,0.0,0.0,0.15,0.1,0.25,0.25,0.0015
2468,0.0,0.0,0.125,0.25,0.1,0.1,0.25,0.05,0.1,0.1,0.1,0.125,0.25,0.0,0.0,0.0,0.0,0.0,0.0,0.0015
2475,0.0,0.0,0.25,0.25,0.0,0.0,0.25,0.1,0.1,0.15,0.1,0.25,0.25,0.0,0.0,0.0,0.0,0.1,0.1,0.0015
2483,0.0,0.0,0.25,0.25,0.0,0.0,0.25,0.25,0.25,0.15,0.1,0.25,0.25,0.0,0.0,0.0,0.0,0.0,0.0,0.0015
2489,0.0,0.0,0.25,0.25,0.25,0.25,0.25,0.25,0.25,0.1,0.1,0.25,0.25,0.1,0.1,0.0,0.0,0.25,0.25,0.0015
2501,0.0,0.0,0.25,0.25,0.1,0.1,0.25,0.25,0.25,0.1,0.1,0.25,0.25,0.0,0.0,0.1,0.1,0.1,0.1,0.0015
2511,0.0,0.0,0.25,0.25,0.375,0.25,0.25,0.1,0.1,0.375,0.25,0.25,0.25,0.0,0.0,0.0,0.0,0.1,0.1,0.0015
2518,0.0,0.0,0.125,0.25,0.375,0.25,0.25,0.125,0.25,0.375,0.25,0.125,0.25,0.0,0.0,0.0,0.0,0.05,0.1,0.0015
2524,0.0,0.0,0.125,0.25,0.1,0.1,0.25,0.125,0.25,0.25,0.25,0.125,0.25,0.0,0.0,0.25,0.25,0.0,0.0,0.0015
