36,0.0,0.0,0.125,0.25,0.0,0.0,0.25,0.0,0.0,0.0,0.0,0.0,0.0,0.0,0.0,0.0,0.0,0.0,0.0,0.0015
42,0.0,0.0,0.125,0.25,0.0,0.0,0.25,0.0,0.0,0.0,0.0,0.0,0.0,0.0,0.0,0.0,0.0,0.05,0.1,0.0015
48,0.0,0.0,0.125,0.25,0.0,0.0,0.25,0.05,0.1,0.0,0.0,0.0,0.0,0.1,0.1,0.0,0.0,0.125,0.25,0.0015
55,0.0,0.0,0.25,0.25,0.0,0.0,0.25,0.25,0.25,0.0,0.0,0.0,0.0,0.0,0.0,0.0,0.0,0.0,0.0,0.0015
65,0.0,0.0,0.25,0.25,0.1,0.1,0.1,0.0,0.0,0.1,0.1,0.0,0.0,0.0,0.0,0.0,0.0,0.25,0.25,0.0015
72,0.0,0.0,0.125,0.25,0.0,0.0,0.25,0.125,0.25,0.1,0.1,0.0,0.0,0.0,0.0,0.0,0.0,0.05,0.1,0.0015
84,0.0,0.0,0.125,0.25,0.0,0.0,0.25,0.05,0.1,0.1,0.1,0.0,0.0,0.0,0.0,0.1,0.1,0.125,0.25,0.0015
93,0.0,0.0,0.25,0.25,0.1,0.1,0.1,0.25,0.25,0.1,0.1,0.0,0.0,0.0,0.0,0.1,0.1,0.1,0.1,0.0015
107,0.0,0.0,0.25,0.25,0.0,0.0,0.1,0.25,0.25,0.375,0.25,0.0,0.0,0.0,0.0,0.0,0.0,0.25,0.25,0.0015
114,0.0,0.0,0.125,0.25,0.0,0.0,0.25,0.0,0.0,0.0,0.0,0.05,0.1,0.0,0.0,0.0,0.0,0.05,0.1,0.0015
122,0.0,0.0,0.125,0.25,0.15,0.1,0.25,0.05,0.1,0.0,0.0,0.05,0.1,0.0,0.0,0.0,0.0,0.125,0.25,0.0015
129,0.0,0.0,0.25,0.25,0.25,0.25,0.25,0.25,0.25,0.0,0.0,0.1,0.1,0.0,0.0,0.0,0.0,0.1,0.1,0.0015
134,0.0,0.0,0.125,0.25,0.15,0.1,0.25,0.125,0.25,0.0,0.0,0.05,0.1,0.0,0.0,0.0,0.0,0.125,0.25,0.0015
143,0.0,0.0,0.25,0.25,0.0,0.0,0.1,0.1,0.1,0.0,0.0,0.1,0.1,0.0,0.0,0.15,0.1,0.0,0.0,0.0015
154,0.0,0.0,0.125,0.25,0.375,0.25,0.1,0.125,0.25,0.0,0.0,0.05,0.1,0.0,0.0,0.15,0.1,0.05,0.1,0.0015
162,0.0,0.0,0.125,0.25,0.375,0.25,0.25,0.05,0.1,0.15,0.1,0.05,0.1,0.0,0.0,0.0,0.0,0.125,0.25,0.0015
169,0.0,0.0,0.25,0.25,0.1,0.1,0.1,0.25,0.25,0.1,0.1,0.1,0.1,0.0,0.0,0.0,0.0,0.25,0.25,0.0015
175,0.0,0.0,0.25,0.25,0.375,0.25,0.1,0.25,0.25,0.15,0.1,0.1,0.1,0.0,0.0,0.15,0.1,0.0,0.0,0.0015
182,0.0,0.0,0.125,0.25,0.0,0.0,0.25,0.05,0.1,0.375,0.25,0.05,0.1,0.0,0.0,0.0,0.0,0.125,0.25,0.0015
190,0.0,0.0,0.125,0.25,0.0,0.0,0.25,0.125,0.25,0.375,0.25,0.05,0.1,0.0,0.0,0.0,0.0,0.05,0.1,0.0015
199,0.0,0.0,0.25,0.25,0.375,0.25,0.25,0.0,0.0,0.0,0.0,0.25,0.25,0.0,0.0,0.0,0.0,0.25,0.25,0.0015
207,0.0,0.0,0.25,0.25,0.375,0.25,0.25,0.1,0.1,0.0,0.0,0.25,0.25,0.0,0.0,0.0,0.0,0.25,0.25,0.0015
214,0.0,0.0,0.125,0.25,0.375,0.25,0.25,0.125,0.25,0.0,0.0,0.125,0.25,0.15,0.1,0.0,0.0,0.0,0.0,0.0015
221,0.0,0.0,0.25,0.25,0.0,0.0,0.25,0.0,0.0,0.0,0.0,0.25,0.25,0.0,0.0,0.1,0.1,0.1,0.1,0.0015
229,0.0,0.0,0.25,0.25,0.25,0.25,0.1,0.25,0.25,0.0,0.0,0.25,0.25,0.0,0.0,0.1,0.1,0.0,0.0,0.0015
239,0.0,0.0,0.25,0.25,0.15,0.1,0.0,0.25,0.25,0.0,0.0,0.25,0.25,0.0,0.0,0.15,0.1,0.25,0.25,0.0015
247,0.15,0.1,0.25,0.25,0.375,0.25,0.1,0.25,0.25,0.0,0.0,0.25,0.25,0.0,0.0,0.15,0.1,0.25,0.25,0.0015
255,0.0,0.0,0.25,0.25,0.375,0.25,0.25,0.25,0.25,0.15,0.1,0.25,0.25,0.0,0.0,0.0,0.0,0.0,0.0,0.0015
261,0.0,0.0,0.25,0.25,0.0,0.0,0.25,0.25,0.25,0.1,0.1,0.25,0.25,0.0,0.0,0.0,0.0,0.25,0.25,0.0015
268,0.0,0.0,0.125,0.25,0.1,0.1,0.25,0.125,0.25,0.1,0.1,0.125,0.25,0.0,0.0,0.1,0.1,0.125,0.25,0.0015
276,0.0,0.0,0.125,0.25,0.0,0.0,0.1,0.0,0.0,0.25,0.25,0.125,0.25,0.0,0.0,0.0,0.0,0.05,0.1,0.0015
286,0.0,0.0,0.125,0.25,0.375,0.25,0.25,0.05,0.1,0.375,0.25,0.125,0.25,0.0,0.0,0.0,0.0,0.0,0.0,0.0015
294,0.0,0.0,0.125,0.25,0.375,0.25,0.1,0.05,0.1,0.375,0.25,0.125,0.25,0.0,0.0,0.0,0.0,0.125,0.25,0.0015
305,0.0,0.0,0.0,0.0,0.1,0.1,0.25,0.25,0.25,0.0,0.0,0.25,0.25,0.0,0.0,0.0,0.0,0.1,0.1,0.0015
312,0.0,0.0,0.05,0.1,0.0,0.0,0.25,0.0,0.0,0.0,0.0,0.0,0.0,0.0,0.0,0.0,0.0,0.125,0.25,0.0015
319,0.0,0.0,0.1,0.1,0.375,0.25,0.25,0.25,0.25,0.0,0.0,0.0,0.0,0.0,0.0,0.0,0.0,0.25,0.25,0.0015
326,0.0,0.0,0.05,0.1,0.15,0.1,0.25,0.125,0.25,0.0,0.0,0.05,0.1,0.0,0.0,0.0,0.0,0.0,0.0,0.0015
335,0.0,0.0,0.1,0.1,0.375,0.25,0.25,0.0,0.0,0.0,0.0,0.25,0.25,0.0,0.0,0.0,0.0,0.0,0.0,0.0015
343,0.0,0.0,0.1,0.1,0.15,0.1,0.25,0.25,0.25,0.0,0.0,0.25,0.25,0.15,0.1,0.0,0.0,0.0,0.0,0.0015
351,0.0,0.0,0.1,0.1,0.15,0.1,0.1,0.25,0.25,0.0,0.0,0.25,0.25,0.0,0.0,0.15,0.1,0.25,0.25,0.0015
358,0.0,0.0,0.05,0.1,0.0,0.0,0.25,0.05,0.1,0.15,0.1,0.125,0.25,0.0,0.0,0.15,0.1,0.0,0.0,0.0015
366,0.0,0.0,0.125,0.25,0.15,0.1,0.25,0.0,0.0,0.0,0.0,0.0,0.0,0.0,0.0,0.0,0.0,0.05,0.1,0.0015
373,0.0,0.0,0.25,0.25,0.1,0.1,0.25,0.1,0.1,0.0,0.0,0.0,0.0,0.0,0.0,0.0,0.0,0.0,0.0,0.0015
380,0.0,0.0,0.125,0.25,0.25,0.25,0.25,0.05,0.1,0.0,0.0,0.0,0.0,0.1,0.1,0.0,0.0,0.125,0.25,0.0015
387,0.0,0.0,0.25,0.25,0.15,0.1,0.0,0.25,0.25,0.0,0.0,0.0,0.0,0.0,0.0,0.0,0.0,0.0,0.0,0.0015
393,0.0,0.0,0.25,0.25,0.1,0.1,0.25,0.25,0.25,0.0,0.0,0.0,0.0,0.0,0.0,0.0,0.0,0.25,0.25,0.0015
400,0.0,0.0,0.125,0.25,0.0,0.0,0.25,0.05,0.1,0.0,0.0,0.0,0.0,0.1,0.1,0.1,0.1,0.0,0.0,0.0015
408,0.0,0.0,0.125,0.25,0.0,0.0,0.25,0.05,0.1,0.1,0.1,0.0,0.0,0.0,0.0,0.0,0.0,0.0,0.0,0.0015
415,0.0,0.0,0.25,0.25,0.15,0.1,0.1,0.1,0.1,0.15,0.1,0.0,0.0,0.0,0.0,0.0,0.0,0.25,0.25,0.0015
422,0.0,0.0,0.125,0.25,0.0,0.0,0.25,0.05,0.1,0.15,0.1,0.0,0.0,0.0,0.0,0.15,0.1,0.0,0.0,0.0015
430,0.0,0.0,0.125,0.25,0.0,0.0,0.1,0.0,0.0,0.375,0.25,0.0,0.0,0.0,0.0,0.0,0.0,0.125,0.25,0.0015
436,0.0,0.0,0.125,0.25,0.1,0.1,0.25,0.05,0.1,0.25,0.25,0.0,0.0,0.0,0.0,0.0,0.0,0.125,0.25,0.0015
445,0.0,0.0,0.25,0.25,0.1,0.1,0.1,0.25,0.25,0.25,0.25,0.0,0.0,0.0,0.0,0.0,0.0,0.25,0.25,0.0015
456,0.0,0.0,0.125,0.25,0.1,0.1,0.25,0.05,0.1,0.0,0.0,0.05,0.1,0.0,0.0,0.0,0.0,0.05,0.1,0.0015
464,0.0,0.0,0.125,0.25,0.25,0.25,0.0,0.125,0.25,0.0,0.0,0.05,0.1,0.0,0.0,0.0,0.0,0.05,0.1,0.0015
475,0.0,0.0,0.25,0.25,0.15,0.1,0.1,0.25,0.25,0.0,0.0,0.1,0.1,0.0,0.0,0.15,0.1,0.0,0.0,0.0015
484,0.0,0.0,0.125,0.25,0.25,0.25,0.25,0.125,0.25,0.1,0.1,0.05,0.1,0.0,0.0,0.0,0.0,0.0,0.0,0.0015
491,0.0,0.0,0.25,0.25,0.15,0.1,0.25,0.25,0.25,0.15,0.1,0.1,0.1,0.0,0.0,0.0,0.0,0.1,0.1,0.0015
497,0.0,0.0,0.25,0.25,0.0,0.0,0.1,0.25,0.25,0.1,0.1,0.1,0.1,0.0,0.0,0.1,0.1,0.0,0.0,0.0015
515,0.0,0.0,0.25,0.25,0.0,0.0,0.25,0.1,0.1,0.375,0.25,0.1,0.1,0.0,0.0,0.0,0.0,0.0,0.0,0.0015
526,0.0,0.0,0.125,0.25,0.375,0.25,0.25,0.125,0.25,0.375,0.25,0.05,0.1,0.0,0.0,0.0,0.0,0.05,0.1,0.0015
533,0.0,0.0,0.25,0.25,0.0,0.0,0.25,0.0,0.0,0.0,0.0,0.25,0.25,0.0,0.0,0.0,0.0,0.0,0.0,0.0015
540,0.0,0.0,0.125,0.25,0.0,0.0,0.25,0.05,0.1,0.0,0.0,0.125,0.25,0.0,0.0,0.0,0.0,0.0,0.0,0.0015
551,0.0,0.0,0.25,0.25,0.375,0.25,0.25,0.25,0.25,0.0,0.0,0.25,0.25,0.0,0.0,0.0,0.0,0.25,0.25,0.0015
557,0.0,0.0,0.25,0.25,0.25,0.25,0.25,0.0,0.0,0.0,0.0,0.25,0.25,0.0,0.0,0.1,0.1,0.0,0.0,0.0015
568,0.0,0.0,0.125,0.25,0.1,0.1,0.25,0.05,0.1,0.0,0.0,0.125,0.25,0.0,0.0,0.1,0.1,0.0,0.0,0.0015
576,0.0,0.0,0.125,0.25,0.0,0.0,0.25,0.05,0.1,0.0,0.0,0.125,0.25,0.0,0.0,0.1,0.1,0.125,0.25,0.0015
583,0.0,0.0,0.25,0.25,0.0,0.0,0.25,0.25,0.25,0.0,0.0,0.25,0.25,0.0,0.0,0.15,0.1,0.0,0.0,0.0015
590,0.0,0.0,0.125,0.25,0.15,0.1,0.1,0.125,0.25,0.0,0.0,0.125,0.25,0.0,0.0,0.15,0.1,0.125,0.25,0.0015
597,0.0,0.0,0.25,0.25,0.1,0.1,0.1,0.0,0.0,0.1,0.1,0.25,0.25,0.0,0.0,0.0,0.0,0.25,0.25,0.0015
605,0.0,0.0,0.25,0.25,0.25,0.25,0.1,0.25,0.25,0.1,0.1,0.25,0.25,0.0,0.0,0.1,0.1,0.0,0.0,0.0015
613,0.0,0.0,0.25,0.25,0.0,0.0,0.25,0.25,0.25,0.1,0.1,0.25,0.25,0.0,0.0,0.25,0.25,0.25,0.25,0.0015
626,0.0,0.0,0.125,0.25,0.375,0.25,0.1,0.125,0.25,0.375,0.25,0.125,0.25,0.0,0.0,0.0,0.0,0.125,0.25,0.0015
635,0.0,0.0,0.0,0.0,0.0,0.0,0.25,0.1,0.1,0.0,0.0,0.25,0.25,0.0,0.0,0.0,0.0,0.25,0.25,0.0015
642,0.0,0.0,0.05,0.1,0.0,0.0,0.25,0.05,0.1,0.0,0.0,0.0,0.0,0.0,0.0,0.0,0.0,0.125,0.25,0.0015
652,0.0,0.0,0.05,0.1,0.0,0.0,0.25,0.125,0.25,0.0,0.0,0.05,0.1,0.0,0.0,0.0,0.0,0.05,0.1,0.0015
660,0.0,0.0,0.05,0.1,0.1,0.1,0.25,0.125,0.25,0.0,0.0,0.125,0.25,0.0,0.0,0.0,0.0,0.0,0.0,0.0015
666,0.0,0.0,0.05,0.1,0.0,0.0,0.25,0.125,0.25,0.0,0.0,0.125,0.25,0.0,0.0,0.0,0.0,0.05,0.1,0.0015
677,0.0,0.0,0.25,0.25,0.1,0.1,0.0,0.1,0.1,0.0,0.0,0.0,0.0,0.0,0.0,0.0,0.0,0.1,0.1,0.0015
684,0.0,0.0,0.125,0.25,0.0,0.0,0.25,0.05,0.1,0.0,0.0,0.0,0.0,0.1,0.1,0.0,0.0,0.05,0.1,0.0015
691,0.0,0.0,0.25,0.25,0.15,0.1,0.0,0.25,0.25,0.0,0.0,0.0,0.0,0.0,0.0,0.0,0.0,0.1,0.1,0.0015
694,0.0,0.0,0.125,0.25,0.375,0.25,0.25,0.125,0.25,0.0,0.0,0.0,0.0,0.15,0.1,0.0,0.0,0.0,0.0,0.0015
703,0.0,0.0,0.25,0.25,0.15,0.1,0.25,0.1,0.1,0.15,0.1,0.0,0.0,0.0,0.0,0.0,0.0,0.25,0.25,0.0015
717,0.0,0.0,0.25,0.25,0.25,0.25,0.25,0.25,0.25,0.1,0.1,0.0,0.0,0.0,0.0,0.1,0.1,0.1,0.1,0.0015
728,0.0,0.0,0.125,0.25,0.0,0.0,0.1,0.05,0.1,0.25,0.25,0.0,0.0,0.0,0.0,0.0,0.0,0.125,0.25,0.0015
741,0.0,0.0,0.25,0.25,0.25,0.25,0.1,0.1,0.1,0.0,0.0,0.1,0.1,0.0,0.0,0.0,0.0,0.0,0.0,0.0015
751,0.0,0.0,0.25,0.25,0.0,0.0,0.25,0.25,0.25,0.0,0.0,0.1,0.1,0.0,0.0,0.0,0.0,0.1,0.1,0.0015
756,0.0,0.0,0.125,0.25,0.0,0.0,0.25,0.05,0.1,0.0,0.0,0.05,0.1,0.0,0.0,0.1,0.1,0.125,0.25,0.0015
768,0.0,0.0,0.125,0.25,0.1,0.1,0.25,0.05,0.1,0.1,0.1,0.05,0.1,0.0,0.0,0.0,0.0,0.125,0.25,0.0015
778,0.0,0.0,0.125,0.25,0.375,0.25,0.25,0.125,0.25,0.15,0.1,0.05,0.1,0.0,0.0,0.0,0.0,0.05,0.1,0.0015
785,0.0,0.0,0.25,0.25,0.1,0.1,0.1,0.25,0.25,0.1,0.1,0.1,0.1,0.0,0.0,0.1,0.1,0.0,0.0,0.0015
795,0.0,0.0,0.25,0.25,0.0,0.0,0.25,0.25,0.25,0.15,0.1,0.1,0.1,0.15,0.1,0.15,0.1,0.25,0.25,0.0015
805,0.0,0.0,0.25,0.25,0.1,0.1,0.1,0.1,0.1,0.25,0.25,0.1,0.1,0.0,0.0,0.0,0.0,0.25,0.25,0.0015
816,0.0,0.0,0.125,0.25,0.1,0.1,0.1,0.0,0.0,0.0,0.0,0.125,0.25,0.0,0.0,0.0,0.0,0.05,0.1,0.0015
826,0.0,0.0,0.125,0.25,0.375,0.25,0.25,0.125,0.25,0.0,0.0,0.125,0.25,0.0,0.0,0.0,0.0,0.0,0.0,0.0015
834,0.0,0.0,0.125,0.25,0.0,0.0,0.25,0.125,0.25,0.0,0.0,0.125,0.25,0.0,0.0,0.0,0.0,0.125,0.25,0.0015
841,0.0,0.0,0.25,0.25,0.0,0.0,0.25,0.0,0.0,0.0,0.0,0.25,0.25,0.0,0.0,0.1,0.1,0.0,0.0,0.0015
851,0.0,0.0,0.25,0.25,0.0,0.0,0.25,0.1,0.1,0.0,0.0,0.25,0.25,0.15,0.1,0.15,0.1,0.25,0.25,0.0015
861,0.0,0.0,0.25,0.25,0.25,0.25,0.25,0.25,0.25,0.0,0.0,0.25,0.25,0.0,0.0,0.1,0.1,0.1,0.1,0.0015
871,0.0,0.0,0.25,0.25,0.15,0.1,0.1,0.25,0.25,0.0,0.0,0.25,0.25,0.15,0.1,0.15,0.1,0.25,0.25,0.0015
878,0.0,0.0,0.125,0.25,0.0,0.0,0.1,0.0,0.0,0.15,0.1,0.125,0.25,0.0,0.0,0.0,0.0,0.05,0.1,0.0015
885,0.0,0.0,0.25,0.25,0.25,0.25,0.25,0.1,0.1,0.1,0.1,0.25,0.25,0.0,0.0,0.0,0.0,0.1,0.1,0.0015
890,0.0,0.0,0.125,0.25,0.15,0.1,0.25,0.05,0.1,0.15,0.1,0.125,0.25,0.0,0.0,0.0,0.0,0.125,0.25,0.0015
902,0.0,0.0,0.125,0.25,0.375,0.25,0.25,0.05,0.1,0.15,0.1,0.125,0.25,0.0,0.0,0.15,0.1,0.0,0.0,0.0015
911,0.0,0.0,0.25,0.25,0.375,0.25,0.25,0.25,0.25,0.15,0.1,0.25,0.25,0.0,0.0,0.15,0.1,0.1,0.1,0.0015
926,0.0,0.0,0.125,0.25,0.0,0.0,0.25,0.05,0.1,0.375,0.25,0.125,0.25,0.0,0.0,0.0,0.0,0.0,0.0,0.0015
936,0.0,0.0,0.125,0.25,0.25,0.25,0.1,0.125,0.25,0.25,0.25,0.125,0.25,0.0,0.0,0.0,0.0,0.05,0.1,0.0015
945,0.0,0.0,0.25,0.25,0.25,0.25,0.25,0.25,0.25,0.25,0.25,0.25,0.25,0.1,0.1,0.0,0.0,0.25,0.25,0.0015
956,0.0,0.0,0.05,0.1,0.1,0.1,0.25,0.0,0.0,0.0,0.0,0.05,0.1,0.0,0.0,0.0,0.0,0.05,0.1,0.0015
963,0.0,0.0,0.1,0.1,0.375,0.25,0.25,0.25,0.25,0.0,0.0,0.1,0.1,0.0,0.0,0.0,0.0,0.1,0.1,0.0015
975,0.0,0.0,0.1,0.1,0.375,0.25,0.25,0.1,0.1,0.0,0.0,0.25,0.25,0.0,0.0,0.0,0.0,0.0,0.0,0.0015
981,0.0,0.0,0.1,0.1,0.0,0.0,0.25,0.1,0.1,0.0,0.0,0.25,0.25,0.0,0.0,0.0,0.0,0.25,0.25,0.0015
987,0.0,0.0,0.1,0.1,0.375,0.25,0.25,0.25,0.25,0.0,0.0,0.25,0.25,0.0,0.0,0.0,0.0,0.0,0.0,0.0015
994,0.0,0.0,0.05,0.1,0.0,0.0,0.25,0.125,0.25,0.0,0.0,0.125,0.25,0.0,0.0,0.0,0.0,0.125,0.25,0.0015
1003,0.0,0.0,0.25,0.25,0.15,0.1,0.25,0.0,0.0,0.0,0.0,0.0,0.0,0.0,0.0,0.0,0.0,0.0,0.0,0.0015
1013,0.0,0.0,0.25,0.25,0.1,0.1,0.25,0.1,0.1,0.0,0.0,0.0,0.0,0.1,0.1,0.0,0.0,0.25,0.25,0.0015
1020,0.0,0.0,0.125,0.25,0.1,0.1,0.25,0.125,0.25,0.0,0.0,0.0,0.0,0.0,0.0,0.0,0.0,0.05,0.1,0.0015
1028,0.0,0.0,0.125,0.25,0.25,0.25,0.25,0.125,0.25,0.0,0.0,0.0,0.0,0.1,0.1,0.0,0.0,0.125,0.25,0.0015
1038,0.0,0.0,0.125,0.25,0.375,0.25,0.25,0.05,0.1,0.15,0.1,0.0,0.0,0.0,0.0,0.0,0.0,0.125,0.25,0.0015
1053,0.0,0.0,0.25,0.25,0.0,0.0,0.1,0.1,0.1,0.25,0.25,0.0,0.0,0.0,0.0,0.0,0.0,0.0,0.0,0.0015
1061,0.0,0.0,0.25,0.25,0.0,0.0,0.25,0.0,0.0,0.0,0.0,0.1,0.1,0.0,0.0,0.0,0.0,0.0,0.0,0.0015
1067,0.0,0.0,0.25,0.25,0.15,0.1,0.1,0.0,0.0,0.0,0.0,0.1,0.1,0.0,0.0,0.0,0.0,0.1,0.1,0.0015
1075,0.0,0.0,0.25,0.25,0.15,0.1,0.25,0.1,0.1,0.0,0.0,0.1,0.1,0.15,0.1,0.0,0.0,0.0,0.0,0.0015
1082,0.0,0.0,0.125,0.25,0.375,0.25,0.25,0.125,0.25,0.0,0.0,0.05,0.1,0.0,0.0,0.0,0.0,0.0,0.0,0.0015
1090,0.0,0.0,0.125,0.25,0.0,0.0,0.25,0.125,0.25,0.0,0.0,0.05,0.1,0.0,0.0,0.0,0.0,0.125,0.25,0.0015
1097,0.0,0.0,0.25,0.25,0.25,0.25,0.1,0.1,0.1,0.0,0.0,0.1,0.1,0.0,0.0,0.1,0.1,0.1,0.1,0.0015
1107,0.0,0.0,0.25,0.25,0.0,0.0,0.25,0.25,0.25,0.0,0.0,0.1,0.1,0.0,0.0,0.15,0.1,0.25,0.25,0.0015
1114,0.0,0.0,0.125,0.25,0.15,0.1,0.25,0.05,0.1,0.15,0.1,0.05,0.1,0.0,0.0,0.0,0.0,0.0,0.0,0.0015
1121,0.0,0.0,0.25,0.25,0.25,0.25,0.1,0.1,0.1,0.1,0.1,0.1,0.1,0.0,0.0,0.0,0.0,0.25,0.25,0.0015
1130,0.0,0.0,0.125,0.25,0.375,0.25,0.25,0.125,0.25,0.15,0.1,0.05,0.1,0.0,0.0,0.15,0.1,0.05,0.1,0.0015
1139,0.0,0.0,0.25,0.25,0.0,0.0,0.25,0.25,0.25,0.15,0.1,0.1,0.1,0.15,0.1,0.15,0.1,0.0,0.0,0.0015
1149,0.0,0.0,0.25,0.25,0.25,0.25,0.25,0.1,0.1,0.25,0.25,0.1,0.1,0.0,0.0,0.0,0.0,0.25,0.25,0.0015
1157,0.0,0.0,0.25,0.25,0.0,0.0,0.1,0.0,0.0,0.0,0.0,0.25,0.25,0.0,0.0,0.0,0.0,0.25,0.25,0.0015
1164,0.0,0.0,0.125,0.25,0.25,0.25,0.25,0.05,0.1,0.0,0.0,0.125,0.25,0.1,0.1,0.0,0.0,0.0,0.0,0.0015
1177,0.1,0.1,0.25,0.25,0.1,0.1,0.25,0.25,0.25,0.0,0.0,0.25,0.25,0.0,0.0,0.0,0.0,0.25,0.25,0.0015
1185,0.0,0.0,0.25,0.25,0.25,0.25,0.1,0.1,0.1,0.0,0.0,0.25,0.25,0.0,0.0,0.1,0.1,0.1,0.1,0.0015
1193,0.0,0.0,0.25,0.25,0.1,0.1,0.25,0.25,0.25,0.0,0.0,0.25,0.25,0.0,0.0,0.1,0.1,0.0,0.0,0.0015
1203,0.0,0.0,0.25,0.25,0.375,0.25,0.1,0.25,0.25,0.0,0.0,0.25,0.25,0.0,0.0,0.15,0.1,0.25,0.25,0.0015
1211,0.0,0.0,0.25,0.25,0.15,0.1,0.25,0.0,0.0,0.15,0.1,0.25,0.25,0.0,0.0,0.0,0.0,0.1,0.1,0.0015
1218,0.0,0.0,0.125,0.25,0.375,0.25,0.25,0.05,0.1,0.15,0.1,0.125,0.25,0.0,0.0,0.0,0.0,0.0,0.0,0.0015
1225,0.0,0.0,0.25,0.25,0.0,0.0,0.25,0.1,0.1,0.1,0.1,0.25,0.25,0.0,0.0,0.0,0.0,0.25,0.25,0.0015
1231,0.0,0.0,0.25,0.25,0.375,0.25,0.25,0.25,0.25,0.15,0.1,0.25,0.25,0.0,0.0,0.0,0.0,0.1,0.1,0.0015
1240,0.0,0.0,0.125,0.25,0.25,0.25,0.1,0.125,0.25,0.1,0.1,0.125,0.25,0.0,0.0,0.1,0.1,0.05,0.1,0.0015
1264,0.0,0.0,0.05,0.1,0.0,0.0,0.25,0.0,0.0,0.0,0.0,0.05,0.1,0.0,0.0,0.0,0.0,0.05,0.1,0.0015
1271,0.0,0.0,0.1,0.1,0.15,0.1,0.25,0.25,0.25,0.0,0.0,0.1,0.1,0.0,0.0,0.0,0.0,0.1,0.1,0.0015
1279,0.0,0.0,0.1,0.1,0.0,0.0,0.25,0.25,0.25,0.15,0.1,0.1,0.1,0.0,0.0,0.15,0.1,0.25,0.25,0.0015
1287,0.0,0.0,0.1,0.1,0.0,0.0,0.25,0.25,0.25,0.0,0.0,0.25,0.25,0.0,0.0,0.0,0.0,0.0,0.0,0.0015
1297,0.0,0.0,0.1,0.1,0.25,0.25,0.25,0.25,0.25,0.1,0.1,0.25,0.25,0.0,0.0,0.1,0.1,0.1,0.1,0.0015
1305,0.0,0.0,0.1,0.1,0.0,0.0,0.1,0.25,0.25,0.25,0.25,0.25,0.25,0.0,0.0,0.0,0.0,0.25,0.25,0.0015
1312,0.0,0.0,0.125,0.25,0.1,0.1,0.1,0.05,0.1,0.0,0.0,0.0,0.0,0.0,0.0,0.0,0.0,0.0,0.0,0.0015
1322,0.0,0.0,0.125,0.25,0.15,0.1,0.25,0.125,0.25,0.0,0.0,0.0,0.0,0.0,0.0,0.0,0.0,0.0,0.0,0.0015
1334,0.0,0.0,0.125,0.25,0.15,0.1,0.25,0.05,0.1,0.15,0.1,0.0,0.0,0.0,0.0,0.15,0.1,0.125,0.25,0.0015
1343,0.0,0.0,0.25,0.25,0.375,0.25,0.1,0.25,0.25,0.15,0.1,0.0,0.0,0.0,0.0,0.15,0.1,0.25,0.25,0.0015
1350,0.0,0.0,0.125,0.25,0.375,0.25,0.1,0.05,0.1,0.375,0.25,0.0,0.0,0.0,0.0,0.0,0.0,0.125,0.25,0.0015
1360,0.0,0.0,0.125,0.25,0.1,0.1,0.1,0.0,0.0,0.0,0.0,0.05,0.1,0.0,0.0,0.0,0.0,0.125,0.25,0.0015
1367,0.0,0.0,0.25,0.25,0.375,0.25,0.0,0.1,0.1,0.0,0.0,0.1,0.1,0.0,0.0,0.0,0.0,0.0,0.0,0.0015
1381,0.0,0.0,0.25,0.25,0.25,0.25,0.1,0.25,0.25,0.0,0.0,0.1,0.1,0.0,0.0,0.1,0.1,0.25,0.25,0.0015
1392,0.0,0.0,0.125,0.25,0.0,0.0,0.25,0.05,0.1,0.1,0.1,0.05,0.1,0.0,0.0,0.1,0.1,0.0,0.0,0.0015
1399,0.0,0.0,0.25,0.25,0.15,0.1,0.25,0.25,0.25,0.15,0.1,0.1,0.1,0.0,0.0,0.15,0.1,0.0,0.0,0.0015
1409,0.0,0.0,0.25,0.25,0.1,0.1,0.25,0.1,0.1,0.25,0.25,0.1,0.1,0.0,0.0,0.0,0.0,0.25,0.25,0.0015
1415,0.0,0.0,0.25,0.25,0.0,0.0,0.25,0.25,0.25,0.375,0.25,0.1,0.1,0.0,0.0,0.0,0.0,0.0,0.0,0.0015
1423,0.0,0.0,0.25,0.25,0.375,0.25,0.25,0.0,0.0,0.0,0.0,0.25,0.25,0.0,0.0,0.0,0.0,0.0,0.0,0.0015
1430,0.0,0.0,0.125,0.25,0.375,0.25,0.1,0.05,0.1,0.0,0.0,0.125,0.25,0.0,0.0,0.0,0.0,0.05,0.1,0.0015
1437,0.0,0.0,0.25,0.25,0.0,0.0,0.25,0.25,0.25,0.0,0.0,0.25,0.25,0.0,0.0,0.0,0.0,0.1,0.1,0.0015
1448,0.0,0.0,0.125,0.25,0.25,0.25,0.25,0.0,0.0,0.0,0.0,0.125,0.25,0.0,0.0,0.1,0.1,0.05,0.1,0.0015
1455,0.0,0.0,0.25,0.25,0.15,0.1,0.25,0.0,0.0,0.0,0.0,0.25,0.25,0.0,0.0,0.15,0.1,0.25,0.25,0.0015
1465,0.0,0.0,0.25,0.25,0.0,0.0,0.1,0.25,0.25,0.0,0.0,0.25,0.25,0.0,0.0,0.1,0.1,0.0,0.0,0.0015
1473,0.0,0.0,0.25,0.25,0.0,0.0,0.0,0.25,0.25,0.0,0.0,0.25,0.25,0.0,0.0,0.1,0.1,0.25,0.25,0.0015
1484,0.0,0.0,0.125,0.25,0.25,0.25,0.1,0.0,0.0,0.1,0.1,0.125,0.25,0.0,0.0,0.0,0.0,0.125,0.25,0.0015
1491,0.0,0.0,0.25,0.25,0.375,0.25,0.25,0.1,0.1,0.15,0.1,0.25,0.25,0.0,0.0,0.0,0.0,0.25,0.25,0.0015
1507,0.0,0.0,0.25,0.25,0.0,0.0,0.25,0.1,0.1,0.15,0.1,0.25,0.25,0.0,0.0,0.375,0.25,0.25,0.25,0.0015
1516,0.0,0.0,0.125,0.25,0.1,0.1,0.25,0.05,0.1,0.25,0.25,0.125,0.25,0.0,0.0,0.0,0.0,0.0,0.0,0.0015
1523,0.0,0.0,0.25,0.25,0.0,0.0,0.25,0.1,0.1,0.375,0.25,0.25,0.25,0.0,0.0,0.0,0.0,0.1,0.1,0.0015
1531,0.0,0.0,0.25,0.25,0.15,0.1,0.25,0.25,0.25,0.375,0.25,0.25,0.25,0.0,0.0,0.0,0.0,0.1,0.1,0.0015
1541,0.0,0.0,0.0,0.0,0.25,0.25,0.25,0.25,0.25,0.0,0.0,0.25,0.25,0.0,0.0,0.0,0.0,0.25,0.25,0.0015
1548,0.0,0.0,0.05,0.1,0.25,0.25,0.25,0.05,0.1,0.0,0.0,0.05,0.1,0.0,0.0,0.0,0.0,0.125,0.25,0.0015
1555,0.0,0.0,0.1,0.1,0.0,0.0,0.25,0.1,0.1,0.0,0.0,0.25,0.25,0.0,0.0,0.0,0.0,0.0,0.0,0.0015
1563,0.0,0.0,0.1,0.1,0.15,0.1,0.25,0.25,0.25,0.0,0.0,0.25,0.25,0.0,0.0,0.0,0.0,0.25,0.25,0.0015
1570,0.0,0.0,0.05,0.1,0.0,0.0,0.25,0.125,0.25,0.15,0.1,0.125,0.25,0.0,0.0,0.15,0.1,0.125,0.25,0.0015
1578,0.0,0.0,0.125,0.25,0.375,0.25,0.25,0.05,0.1,0.0,0.0,0.0,0.0,0.0,0.0,0.0,0.0,0.05,0.1,0.0015
1585,0.0,0.0,0.25,0.25,0.25,0.25,0.1,0.25,0.25,0.0,0.0,0.0,0.0,0.0,0.0,0.0,0.0,0.0,0.0,0.0015
1592,0.0,0.0,0.125,0.25,0.25,0.25,0.25,0.125,0.25,0.0,0.0,0.0,0.0,0.1,0.1,0.0,0.0,0.05,0.1,0.0015
1602,0.0,0.0,0.125,0.25,0.15,0.1,0.1,0.05,0.1,0.0,0.0,0.0,0.0,0.0,0.0,0.15,0.1,0.125,0.25,0.0015
1609,0.0,0.0,0.25,0.25,0.0,0.0,0.1,0.1,0.1,0.1,0.1,0.0,0.0,0.0,0.0,0.0,0.0,0.25,0.25,0.0015
1617,0.0,0.0,0.25,0.25,0.25,0.25,0.1,0.25,0.25,0.1,0.1,0.0,0.0,0.0,0.0,0.1,0.1,0.1,0.1,0.0015
1626,0.0,0.0,0.125,0.25,0.0,0.0,0.25,0.05,0.1,0.375,0.25,0.0,0.0,0.0,0.0,0.0,0.0,0.125,0.25,0.0015
1632,0.0,0.0,0.125,0.25,0.1,0.1,0.25,0.0,0.0,0.0,0.0,0.05,0.1,0.0,0.0,0.0,0.0,0.05,0.1,0.0015
1641,0.0,0.0,0.25,0.25,0.25,0.25,0.25,0.1,0.1,0.0,0.0,0.1,0.1,0.1,0.1,0.0,0.0,0.0,0.0,0.0015
1648,0.0,0.0,0.125,0.25,0.25,0.25,0.1,0.125,0.25,0.0,0.0,0.05,0.1,0.0,0.0,0.0,0.0,0.0,0.0,0.0015
1658,0.0,0.0,0.125,0.25,0.375,0.25,0.25,0.0,0.0,0.0,0.0,0.05,0.1,0.0,0.0,0.15,0.1,0.125,0.25,0.0015
1667,0.0,0.0,0.25,0.25,0.0,0.0,0.1,0.25,0.25,0.0,0.0,0.1,0.1,0.0,0.0,0.15,0.1,0.1,0.1,0.0015
1676,0.0,0.0,0.125,0.25,0.0,0.0,0.1,0.0,0.0,0.1,0.1,0.05,0.1,0.0,0.0,0.0,0.0,0.125,0.25,0.0015
1683,0.0,0.0,0.25,0.25,0.375,0.25,0.25,0.1,0.1,0.15,0.1,0.1,0.1,0.0,0.0,0.0,0.0,0.0,0.0,0.0015
1689,0.0,0.0,0.25,0.25,0.0,0.0,0.25,0.1,0.1,0.1,0.1,0.1,0.1,0.0,0.0,0.0,0.0,0.25,0.25,0.0015
1706,0.0,0.0,0.125,0.25,0.15,0.1,0.25,0.125,0.25,0.15,0.1,0.05,0.1,0.0,0.0,0.15,0.1,0.05,0.1,0.0015
1718,0.0,0.0,0.125,0.25,0.15,0.1,0.1,0.05,0.1,0.375,0.25,0.05,0.1,0.0,0.0,0.0,0.0,0.05,0.1,0.0015
1724,0.0,0.0,0.125,0.25,0.25,0.25,0.25,0.125,0.25,0.25,0.25,0.05,0.1,0.0,0.0,0.0,0.0,0.125,0.25,0.0015
1733,0.0,0.0,0.25,0.25,0.0,0.0,0.1,0.0,0.0,0.0,0.0,0.25,0.25,0.0,0.0,0.0,0.0,0.0,0.0,0.0015
1740,0.0,0.0,0.125,0.25,0.1,0.1,0.25,0.05,0.1,0.0,0.0,0.125,0.25,0.0,0.0,0.0,0.0,0.05,0.1,0.0015
1748,0.0,0.0,0.125,0.25,0.25,0.25,0.0,0.125,0.25,0.0,0.0,0.125,0.25,0.1,0.1,0.0,0.0,0.05,0.1,0.0015
1755,0.0,0.0,0.25,0.25,0.375,0.25,0.25,0.0,0.0,0.0,0.0,0.25,0.25,0.0,0.0,0.15,0.1,0.25,0.25,0.0015
1763,0.0,0.0,0.25,0.25,0.15,0.1,0.1,0.1,0.1,0.0,0.0,0.25,0.25,0.0,0.0,0.15,0.1,0.1,0.1,0.0015
1771,0.0,0.0,0.25,0.25,0.0,0.0,0.25,0.1,0.1,0.0,0.0,0.25,0.25,0.15,0.1,0.15,0.1,0.1,0.1,0.0015
1781,0.0,0.0,0.25,0.25,0.25,0.25,0.0,0.25,0.25,0.0,0.0,0.25,0.25,0.0,0.0,0.1,0.1,0.25,0.25,0.0015
1790,0.0,0.0,0.125,0.25,0.15,0.1,0.1,0.05,0.1,0.15,0.1,0.125,0.25,0.0,0.0,0.0,0.0,0.05,0.1,0.0015
1795,0.0,0.0,0.25,0.25,0.15,0.1,0.1,0.1,0.1,0.15,0.1,0.25,0.25,0.0,0.0,0.0,0.0,0.25,0.25,0.0015
1804,0.0,0.0,0.125,0.25,0.0,0.0,0.25,0.125,0.25,0.1,0.1,0.125,0.25,0.1,0.1,0.0,0.0,0.125,0.25,0.0015
1817,0.0,0.0,0.25,0.25,0.0,0.0,0.1,0.1,0.1,0.25,0.25,0.25,0.25,0.0,0.0,0.0,0.0,0.25,0.25,0.0015
1825,0.0,0.0,0.0,0.0,0.1,0.1,0.25,0.1,0.1,0.0,0.0,0.25,0.25,0.0,0.0,0.0,0.0,0.25,0.25,0.0015
1832,0.0,0.0,0.05,0.1,0.25,0.25,0.25,0.125,0.25,0.0,0.0,0.05,0.1,0.0,0.0,0.0,0.0,0.125,0.25,0.0015
1839,0.0,0.0,0.1,0.1,0.0,0.0,0.25,0.0,0.0,0.0,0.0,0.25,0.25,0.0,0.0,0.0,0.0,0.0,0.0,0.0015
1849,0.0,0.0,0.1,0.1,0.0,0.0,0.25,0.25,0.25,0.1,0.1,0.25,0.25,0.0,0.0,0.1,0.1,0.1,0.1,0.0015
1856,0.0,0.0,0.125,0.25,0.1,0.1,0.25,0.05,0.1,0.0,0.0,0.0,0.0,0.0,0.0,0.0,0.0,0.05,0.1,0.0015
1863,0.0,0.0,0.25,0.25,0.0,0.0,0.25,0.1,0.1,0.0,0.0,0.0,0.0,0.0,0.0,0.0,0.0,0.25,0.25,0.0015
1872,0.0,0.0,0.125,0.25,0.25,0.25,0.25,0.125,0.25,0.0,0.0,0.0,0.0,0.0,0.0,0.0,0.0,0.125,0.25,0.0015
1879,0.0,0.0,0.25,0.25,0.15,0.1,0.25,0.25,0.25,0.0,0.0,0.0,0.0,0.15,0.1,0.0,0.0,0.0,0.0,0.0015
1886,0.0,0.0,0.125,0.25,0.0,0.0,0.25,0.125,0.25,0.0,0.0,0.0,0.0,0.15,0.1,0.0,0.0,0.125,0.25,0.0015
1893,0.0,0.0,0.25,0.25,0.0,0.0,0.25,0.1,0.1,0.1,0.1,0.0,0.0,0.0,0.0,0.0,0.0,0.1,0.1,0.0015
1900,0.0,0.0,0.125,0.25,0.1,0.1,0.25,0.125,0.25,0.1,0.1,0.0,0.0,0.0,0.0,0.0,0.0,0.125,0.25,0.0015
1909,0.0,0.0,0.25,0.25,0.0,0.0,0.25,0.1,0.1,0.1,0.1,0.0,0.0,0.0,0.0,0.1,0.1,0.1,0.1,0.0015
1922,0.0,0.0,0.125,0.25,0.0,0.0,0.1,0.05,0.1,0.375,0.25,0.0,0.0,0.0,0.0,0.0,0.0,0.05,0.1,0.0015
1931,0.0,0.0,0.25,0.25,0.375,0.25,0.25,0.25,0.25,0.375,0.25,0.0,0.0,0.0,0.0,0.0,0.0,0.0,0.0,0.0015
1938,0.0,0.0,0.125,0.25,0.0,0.0,0.25,0.125,0.25,0.375,0.25,0.0,0.0,0.0,0.0,0.0,0.0,0.125,0.25,0.0015
1945,0.0,0.0,0.25,0.25,0.0,0.0,0.25,0.1,0.1,0.0,0.0,0.1,0.1,0.0,0.0,0.0,0.0,0.0,0.0,0.0015
1953,0.0,0.0,0.25,0.25,0.25,0.25,0.25,0.25,0.25,0.0,0.0,0.1,0.1,0.0,0.0,0.0,0.0,0.25,0.25,0.0015
1960,0.0,0.0,0.125,0.25,0.0,0.0,0.25,0.125,0.25,0.0,0.0,0.05,0.1,0.1,0.1,0.0,0.0,0.05,0.1,0.0015
1969,0.0,0.0,0.25,0.25,0.0,0.0,0.1,0.1,0.1,0.0,0.0,0.1,0.1,0.0,0.0,0.1,0.1,0.25,0.25,0.0015
1977,0.0,0.0,0.25,0.25,0.1,0.1,0.0,0.25,0.25,0.0,0.0,0.1,0.1,0.0,0.0,0.1,0.1,0.1,0.1,0.0015
1988,0.0,0.0,0.125,0.25,0.1,0.1,0.25,0.125,0.25,0.1,0.1,0.05,0.1,0.0,0.0,0.0,0.0,0.0,0.0,0.0015
1993,0.0,0.0,0.25,0.25,0.0,0.0,0.25,0.25,0.25,0.1,0.1,0.1,0.1,0.0,0.0,0.0,0.0,0.1,0.1,0.0015
2001,0.0,0.0,0.25,0.25,0.1,0.1,0.25,0.1,0.1,0.1,0.1,0.1,0.1,0.0,0.0,0.1,0.1,0.1,0.1,0.0015
2020,0.0,0.0,0.125,0.25,0.0,0.0,0.1,0.0,0.0,0.25,0.25,0.05,0.1,0.0,0.0,0.0,0.0,0.05,0.1,0.0015
2028,0.0,0.0,0.125,0.25,0.25,0.25,0.25,0.125,0.25,0.25,0.25,0.05,0.1,0.0,0.0,0.0,0.0,0.0,0.0,0.0015
2036,0.0,0.0,0.125,0.25,0.0,0.0,0.25,0.125,0.25,0.25,0.25,0.05,0.1,0.0,0.0,0.0,0.0,0.125,0.25,0.0015
2043,0.0,0.0,0.25,0.25,0.15,0.1,0.25,0.0,0.0,0.0,0.0,0.25,0.25,0.0,0.0,0.0,0.0,0.0,0.0,0.0015
2050,0.0,0.0,0.125,0.25,0.15,0.1,0.25,0.05,0.1,0.0,0.0,0.125,0.25,0.0,0.0,0.0,0.0,0.0,0.0,0.0015
2057,0.0,0.0,0.25,0.25,0.25,0.25,0.1,0.1,0.1,0.0,0.0,0.25,0.25,0.0,0.0,0.0,0.0,0.25,0.25,0.0015
2064,0.0,0.0,0.125,0.25,0.1,0.1,0.25,0.125,0.25,0.0,0.0,0.125,0.25,0.0,0.0,0.0,0.0,0.125,0.25,0.0015
2072,0.1,0.1,0.125,0.25,0.25,0.25,0.1,0.125,0.25,0.0,0.0,0.125,0.25,0.0,0.0,0.0,0.0,0.0,0.0,0.0015
2082,0.0,0.0,0.125,0.25,0.375,0.25,0.25,0.05,0.1,0.0,0.0,0.125,0.25,0.0,0.0,0.15,0.1,0.0,0.0,0.0015
2097,0.0,0.0,0.25,0.25,0.1,0.1,0.25,0.25,0.25,0.0,0.0,0.25,0.25,0.0,0.0,0.1,0.1,0.1,0.1,0.0015
2104,0.0,0.0,0.125,0.25,0.0,0.0,0.1,0.125,0.25,0.0,0.0,0.125,0.25,0.1,0.1,0.1,0.1,0.125,0.25,0.0015
2112,0.0,0.0,0.125,0.25,0.0,0.0,0.1,0.0,0.0,0.1,0.1,0.125,0.25,0.0,0.0,0.0,0.0,0.125,0.25,0.0015
2116,0.0,0.0,0.125,0.25,0.0,0.0,0.25,0.05,0.1,0.1,0.1,0.125,0.25,0.0,0.0,0.0,0.0,0.0,0.0,0.0015
2124,0.0,0.0,0.125,0.25,0.0,0.0,0.1,0.05,0.1,0.1,0.1,0.125,0.25,0.0,0.0,0.0,0.0,0.125,0.25,0.0015
2135,0.0,0.0,0.25,0.25,0.0,0.0,0.25,0.1,0.1,0.15,0.1,0.25,0.25,0.0,0.0,0.15,0.1,0.0,0.0,0.0015
2151,0.0,0.0,0.25,0.25,0.15,0.1,0.25,0.25,0.25,0.15,0.1,0.25,0.25,0.15,0.1,0.15,0.1,0.1,0.1,0.0015
2166,0.0,0.0,0.125,0.25,0.15,0.1,0.25,0.05,0.1,0.375,0.25,0.125,0.25,0.0,0.0,0.0,0.0,0.125,0.25,0.0015
2176,0.0,0.0,0.125,0.25,0.0,0.0,0.25,0.125,0.25,0.25,0.25,0.125,0.25,0.0,0.0,0.25,0.25,0.0,0.0,0.0015
2183,0.0,0.0,0.0,0.0,0.15,0.1,0.25,0.25,0.25,0.0,0.0,0.25,0.25,0.0,0.0,0.0,0.0,0.25,0.25,0.0015
2190,0.0,0.0,0.05,0.1,0.15,0.1,0.25,0.05,0.1,0.0,0.0,0.05,0.1,0.0,0.0,0.0,0.0,0.05,0.1,0.0015
2197,0.0,0.0,0.1,0.1,0.1,0.1,0.25,0.25,0.25,0.1,0.1,0.1,0.1,0.0,0.0,0.1,0.1,0.25,0.25,0.0015
2207,0.0,0.0,0.1,0.1,0.15,0.1,0.1,0.25,0.25,0.0,0.0,0.25,0.25,0.0,0.0,0.0,0.0,0.1,0.1,0.0015
2214,0.0,0.0,0.05,0.1,0.0,0.0,0.25,0.125,0.25,0.0,0.0,0.125,0.25,0.15,0.1,0.15,0.1,0.0,0.0,0.0015
2221,0.0,0.0,0.25,0.25,0.0,0.0,0.25,0.1,0.1,0.0,0.0,0.0,0.0,0.0,0.0,0.0,0.0,0.0,0.0,0.0015
2229,0.0,0.0,0.25,0.25,0.25,0.25,0.0,0.25,0.25,0.0,0.0,0.0,0.0,0.0,0.0,0.0,0.0,0.25,0.25,0.0015
2240,0.0,0.0,0.125,0.25,0.0,0.0,0.1,0.0,0.0,0.1,0.1,0.0,0.0,0.0,0.0,0.0,0.0,0.125,0.25,0.0015
2247,0.0,0.0,0.25,0.25,0.375,0.25,0.25,0.1,0.1,0.15,0.1,0.0,0.0,0.0,0.0,0.0,0.0,0.0,0.0,0.0015
2254,0.0,0.0,0.125,0.25,0.0,0.0,0.25,0.05,0.1,0.15,0.1,0.0,0.0,0.0,0.0,0.0,0.0,0.125,0.25,0.0015
2264,0.0,0.0,0.125,0.25,0.0,0.0,0.25,0.125,0.25,0.1,0.1,0.0,0.0,0.0,0.0,0.0,0.0,0.125,0.25,0.0015
2273,0.0,0.0,0.25,0.25,0.0,0.0,0.1,0.25,0.25,0.1,0.1,0.0,0.0,0.0,0.0,0.1,0.1,0.1,0.1,0.0015
2287,0.0,0.0,0.25,0.25,0.0,0.0,0.25,0.25,0.25,0.15,0.1,0.0,0.0,0.15,0.1,0.15,0.1,0.25,0.25,0.0015
2294,0.0,0.0,0.125,0.25,0.15,0.1,0.1,0.05,0.1,0.375,0.25,0.0,0.0,0.0,0.0,0.0,0.0,0.125,0.25,0.0015
2302,0.0,0.0,0.125,0.25,0.15,0.1,0.25,0.125,0.25,0.375,0.25,0.0,0.0,0.0,0.0,0.0,0.0,0.125,0.25,0.0015
2309,0.0,0.0,0.25,0.25,0.0,0.0,0.25,0.1,0.1,0.0,0.0,0.1,0.1,0.0,0.0,0.0,0.0,0.1,0.1,0.0015
2315,0.0,0.0,0.25,0.25,0.375,0.25,0.25,0.1,0.1,0.0,0.0,0.1,0.1,0.15,0.1,0.0,0.0,0.1,0.1,0.0015
2326,0.0,0.0,0.125,0.25,0.0,0.0,0.25,0.0,0.0,0.0,0.0,0.05,0.1,0.0,0.0,0.15,0.1,0.125,0.25,0.0015
2332,0.0,0.0,0.125,0.25,0.0,0.0,0.0,0.05,0.1,0.0,0.0,0.05,0.1,0.0,0.0,0.1,0.1,0.125,0.25,0.0015
2341,0.0,0.0,0.25,0.25,0.1,0.1,0.25,0.25,0.25,0.0,0.0,0.1,0.1,0.0,0.0,0.1,0.1,0.25,0.25,0.0015
2348,0.0,0.0,0.125,0.25,0.0,0.0,0.25,0.05,0.1,0.1,0.1,0.05,0.1,0.0,0.0,0.0,0.0,0.0,0.0,0.0015
2355,0.0,0.0,0.25,0.25,0.375,0.25,0.1,0.1,0.1,0.15,0.1,0.1,0.1,0.0,0.0,0.0,0.0,0.1,0.1,0.0015
2361,0.0,0.0,0.25,0.25,0.25,0.25,0.25,0.25,0.25,0.1,0.1,0.1,0.1,0.0,0.0,0.0,0.0,0.25,0.25,0.0015
2368,0.0,0.0,0.125,0.25,0.0,0.0,0.25,0.05,0.1,0.1,0.1,0.05,0.1,0.0,0.0,0.1,0.1,0.05,0.1,0.0015
2376,0.0,0.0,0.125,0.25,0.25,0.25,0.1,0.125,0.25,0.1,0.1,0.05,0.1,0.0,0.0,0.1,0.1,0.05,0.1,0.0015
2391,0.0,0.0,0.25,0.25,0.15,0.1,0.25,0.1,0.1,0.375,0.25,0.1,0.1,0.0,0.0,0.0,0.0,0.0,0.0,0.0015
2398,0.0,0.0,0.125,0.25,0.375,0.25,0.1,0.05,0.1,0.375,0.25,0.05,0.1,0.0,0.0,0.0,0.0,0.125,0.25,0.0015
2405,0.0,0.0,0.25,0.25,0.0,0.0,0.1,0.25,0.25,0.25,0.25,0.1,0.1,0.0,0.0,0.0,0.0,0.25,0.25,0.0015
2412,0.0,0.0,0.125,0.25,0.25,0.25,0.25,0.05,0.1,0.0,0.0,0.125,0.25,0.0,0.0,0.0,0.0,0.05,0.1,0.0015
2419,0.0,0.0,0.25,0.25,0.15,0.1,0.25,0.1,0.1,0.0,0.0,0.25,0.25,0.0,0.0,0.0,0.0,0.25,0.25,0.0015
2426,0.0,0.0,0.125,0.25,0.0,0.0,0.25,0.125,0.25,0.0,0.0,0.125,0.25,0.0,0.0,0.0,0.0,0.0,0.0,0.0015
2433,0.0,0.0,0.25,0.25,0.0,0.0,0.0,0.1,0.1,0.0,0.0,0.25,0.25,0.0,0.0,0.1,0.1,0.1,0.1,0.0015
2442,0.0,0.0,0.125,0.25,0.15,0.1,0.25,0.05,0.1,0.0,0.0,0.125,0.25,0.0,0.0,0.15,0.1,0.125,0.25,0.0015
2453,0.0,0.0,0.25,0.25,0.0,0.0,0.1,0.25,0.25,0.0,0.0,0.25,0.25,0.0,0.0,0.1,0.1,0.25,0.25,0.0015
2465,0.0,0.0,0.25,0.25,0.1,0.1,0.0,0.0,0.0,0.1,0.1,0.25,0.25,0.0,0.0,0.0,0.0,0.25,0.25,0.0015
2474,0.0,0.0,0.125,0.25,0.0,0.0,0.25,0.05,0.1,0.15,0.1,0.125,0.25,0.0,0.0,0.0,0.0,0.05,0.1,0.0015
2481,0.0,0.0,0.25,0.25,0.0,0.0,0.25,0.25,0.25,0.1,0.1,0.25,0.25,0.0,0.0,0.0,0.0,0.0,0.0,0.0015
2490,0.0,0.0,0.125,0.25,0.375,0.25,0.25,0.125,0.25,0.15,0.1,0.125,0.25,0.15,0.1,0.0,0.0,0.125,0.25,0.0015
2509,0.0,0.0,0.25,0.25,0.25,0.25,0.25,0.1,0.1,0.25,0.25,0.25,0.25,0.0,0.0,0.0,0.0,0.1,0.1,0.0015
2516,0.0,0.0,0.125,0.25,0.25,0.25,0.25,0.125,0.25,0.25,0.25,0.125,0.25,0.0,0.0,0.0,0.0,0.05,0.1,0.0015
2525,0.0,0.0,0.25,0.25,0.1,0.1,0.25,0.25,0.25,0.25,0.25,0.25,0.25,0.0,0.0,0.25,0.25,0.0,0.0,0.0015
