0,0.0,0.0,0.05,0.1,0.0,0.0,0.1,0.125,0.25,0.0,0.0,0.0,0.0,0.0,0.0,0.0,0.0,0.0,0.0,0.0015
1,0.0,0.0,0.1,0.1,0.0,0.0,0.1,0.25,0.25,0.0,0.0,0.0,0.0,0.0,0.0,0.0,0.0,0.0,0.0,0.0015
2,0.0,0.0,0.05,0.1,0.0,0.0,0.1,0.125,0.25,0.0,0.0,0.0,0.0,0.0,0.0,0.0,0.0,0.0,0.0,0.0015
3,0.0,0.0,0.1,0.1,0.0,0.0,0.1,0.25,0.25,0.0,0.0,0.0,0.0,0.0,0.0,0.0,0.0,0.0,0.0,0.0015
4,0.0,0.0,0.05,0.1,0.1,0.1,0.25,0.05,0.1,0.0,0.0,0.05,0.1,0.0,0.0,0.0,0.0,0.125,0.25,0.0015
5,0.0,0.0,0.1,0.1,0.1,0.1,0.25,0.1,0.1,0.0,0.0,0.1,0.1,0.0,0.0,0.0,0.0,0.25,0.25,0.0015
6,0.0,0.0,0.05,0.1,0.15,0.1,0.25,0.05,0.1,0.0,0.0,0.05,0.1,0.0,0.0,0.0,0.0,0.125,0.25,0.0015
7,0.0,0.0,0.1,0.1,0.15,0.1,0.25,0.1,0.1,0.0,0.0,0.1,0.1,0.0,0.0,0.0,0.0,0.25,0.25,0.0015
8,0.0,0.0,0.05,0.1,0.25,0.25,0.1,0.125,0.25,0.0,0.0,0.05,0.1,0.0,0.0,0.0,0.0,0.0,0.0,0.0015
9,0.0,0.0,0.1,0.1,0.25,0.25,0.1,0.25,0.25,0.0,0.0,0.1,0.1,0.0,0.0,0.0,0.0,0.0,0.0,0.0015
10,0.0,0.0,0.05,0.1,0.375,0.25,0.1,0.125,0.25,0.0,0.0,0.05,0.1,0.0,0.0,0.0,0.0,0.0,0.0,0.0015
11,0.0,0.0,0.1,0.1,0.375,0.25,0.1,0.25,0.25,0.0,0.0,0.1,0.1,0.0,0.0,0.0,0.0,0.0,0.0,0.0015
12,0.0,0.0,0.05,0.1,0.1,0.1,0.25,0.0,0.0,0.0,0.0,0.125,0.25,0.0,0.0,0.0,0.0,0.0,0.0,0.0015
13,0.0,0.0,0.1,0.1,0.1,0.1,0.25,0.0,0.0,0.0,0.0,0.25,0.25,0.0,0.0,0.0,0.0,0.0,0.0,0.0015
14,0.0,0.0,0.05,0.1,0.15,0.1,0.25,0.0,0.0,0.0,0.0,0.125,0.25,0.0,0.0,0.0,0.0,0.0,0.0,0.0015
15,0.0,0.0,0.1,0.1,0.15,0.1,0.25,0.0,0.0,0.0,0.0,0.25,0.25,0.0,0.0,0.0,0.0,0.0,0.0,0.0015
16,0.0,0.0,0.05,0.1,0.25,0.25,0.25,0.05,0.1,0.0,0.0,0.125,0.25,0.0,0.0,0.0,0.0,0.05,0.1,0.0015
17,0.0,0.0,0.1,0.1,0.25,0.25,0.25,0.1,0.1,0.0,0.0,0.25,0.25,0.0,0.0,0.0,0.0,0.1,0.1,0.0015
18,0.0,0.0,0.05,0.1,0.375,0.25,0.25,0.05,0.1,0.0,0.0,0.125,0.25,0.0,0.0,0.0,0.0,0.05,0.1,0.0015
19,0.0,0.0,0.1,0.1,0.375,0.25,0.25,0.1,0.1,0.0,0.0,0.25,0.25,0.0,0.0,0.0,0.0,0.1,0.1,0.0015
20,0.0,0.0,0.05,0.1,0.1,0.1,0.25,0.05,0.1,0.0,0.0,0.125,0.25,0.0,0.0,0.0,0.0,0.125,0.25,0.0015
21,0.0,0.0,0.1,0.1,0.1,0.1,0.25,0.1,0.1,0.0,0.0,0.25,0.25,0.0,0.0,0.0,0.0,0.25,0.25,0.0015
22,0.0,0.0,0.05,0.1,0.15,0.1,0.25,0.05,0.1,0.0,0.0,0.125,0.25,0.0,0.0,0.0,0.0,0.125,0.25,0.0015
23,0.0,0.0,0.1,0.1,0.15,0.1,0.25,0.1,0.1,0.0,0.0,0.25,0.25,0.0,0.0,0.0,0.0,0.25,0.25,0.0015
25,0.0,0.0,0.1,0.1,0.1,0.1,0.1,0.25,0.25,0.0,0.0,0.25,0.25,0.0,0.0,0.1,0.1,0.1,0.1,0.0015
26,0.0,0.0,0.05,0.1,0.15,0.1,0.1,0.125,0.25,0.0,0.0,0.125,0.25,0.0,0.0,0.15,0.1,0.05,0.1,0.0015
27,0.0,0.0,0.1,0.1,0.15,0.1,0.1,0.25,0.25,0.0,0.0,0.25,0.25,0.0,0.0,0.15,0.1,0.1,0.1,0.0015
28,0.0,0.0,0.05,0.1,0.0,0.0,0.1,0.125,0.25,0.1,0.1,0.125,0.25,0.0,0.0,0.0,0.0,0.125,0.25,0.0015
29,0.0,0.0,0.1,0.1,0.0,0.0,0.1,0.25,0.25,0.1,0.1,0.25,0.25,0.0,0.0,0.0,0.0,0.25,0.25,0.0015
30,0.0,0.0,0.05,0.1,0.0,0.0,0.1,0.125,0.25,0.15,0.1,0.125,0.25,0.0,0.0,0.0,0.0,0.125,0.25,0.0015
31,0.0,0.0,0.1,0.1,0.0,0.0,0.1,0.25,0.25,0.15,0.1,0.25,0.25,0.0,0.0,0.0,0.0,0.25,0.25,0.0015
32,0.0,0.0,0.05,0.1,0.0,0.0,0.25,0.125,0.25,0.25,0.25,0.125,0.25,0.0,0.0,0.0,0.0,0.125,0.25,0.0015
33,0.0,0.0,0.1,0.1,0.0,0.0,0.25,0.25,0.25,0.25,0.25,0.25,0.25,0.0,0.0,0.0,0.0,0.25,0.25,0.0015
34,0.0,0.0,0.05,0.1,0.0,0.0,0.25,0.125,0.25,0.375,0.25,0.125,0.25,0.0,0.0,0.0,0.0,0.125,0.25,0.0015
35,0.0,0.0,0.1,0.1,0.0,0.0,0.25,0.25,0.25,0.375,0.25,0.25,0.25,0.0,0.0,0.0,0.0,0.25,0.25,0.0015
39,0.0,0.0,0.25,0.25,0.0,0.0,0.25,0.0,0.0,0.0,0.0,0.0,0.0,0.0,0.0,0.0,0.0,0.0,0.0,0.0015
46,0.0,0.0,0.125,0.25,0.375,0.25,0.1,0.05,0.1,0.0,0.0,0.0,0.0,0.0,0.0,0.0,0.0,0.0,0.0,0.0015
53,0.0,0.0,0.25,0.25,0.0,0.0,0.25,0.25,0.25,0.0,0.0,0.0,0.0,0.0,0.0,0.0,0.0,0.0,0.0,0.0015
67,0.0,0.0,0.25,0.25,0.15,0.1,0.1,0.0,0.0,0.15,0.1,0.0,0.0,0.0,0.0,0.0,0.0,0.25,0.25,0.0015
75,0.0,0.0,0.25,0.25,0.0,0.0,0.25,0.25,0.25,0.15,0.1,0.0,0.0,0.0,0.0,0.0,0.0,0.1,0.1,0.0015
83,0.0,0.0,0.25,0.25,0.15,0.1,0.25,0.1,0.1,0.15,0.1,0.0,0.0,0.0,0.0,0.15,0.1,0.1,0.1,0.0015
92,0.0,0.0,0.125,0.25,0.1,0.1,0.1,0.125,0.25,0.1,0.1,0.0,0.0,0.0,0.0,0.1,0.1,0.05,0.1,0.0015
110,0.0,0.0,0.125,0.25,0.15,0.1,0.25,0.0,0.0,0.0,0.0,0.05,0.1,0.0,0.0,0.0,0.0,0.0,0.0,0.0015
117,0.0,0.0,0.25,0.25,0.25,0.25,0.25,0.1,0.1,0.0,0.0,0.1,0.1,0.0,0.0,0.0,0.0,0.1,0.1,0.0015
124,0.0,0.0,0.125,0.25,0.0,0.0,0.25,0.05,0.1,0.0,0.0,0.05,0.1,0.1,0.1,0.0,0.0,0.0,0.0,0.0015
131,0.0,0.0,0.25,0.25,0.375,0.25,0.25,0.25,0.25,0.0,0.0,0.1,0.1,0.0,0.0,0.0,0.0,0.1,0.1,0.0015
135,0.0,0.0,0.25,0.25,0.15,0.1,0.25,0.25,0.25,0.0,0.0,0.1,0.1,0.0,0.0,0.0,0.0,0.25,0.25,0.0015
142,0.0,0.0,0.125,0.25,0.0,0.0,0.1,0.05,0.1,0.0,0.0,0.05,0.1,0.0,0.0,0.15,0.1,0.0,0.0,0.0015
149,0.0,0.0,0.25,0.25,0.25,0.25,0.1,0.25,0.25,0.0,0.0,0.1,0.1,0.0,0.0,0.1,0.1,0.0,0.0,0.0015
158,0.0,0.0,0.125,0.25,0.0,0.0,0.25,0.0,0.0,0.15,0.1,0.05,0.1,0.0,0.0,0.0,0.0,0.125,0.25,0.0015
165,0.0,0.0,0.25,0.25,0.0,0.0,0.25,0.25,0.25,0.1,0.1,0.1,0.1,0.0,0.0,0.0,0.0,0.0,0.0,0.0015
172,0.0,0.0,0.125,0.25,0.25,0.25,0.1,0.125,0.25,0.1,0.1,0.05,0.1,0.0,0.0,0.1,0.1,0.0,0.0,0.0015
179,0.0,0.0,0.25,0.25,0.15,0.1,0.25,0.1,0.1,0.375,0.25,0.1,0.1,0.0,0.0,0.0,0.0,0.1,0.1,0.0015
187,0.0,0.0,0.25,0.25,0.15,0.1,0.25,0.25,0.25,0.375,0.25,0.1,0.1,0.0,0.0,0.0,0.0,0.0,0.0,0.0015
196,0.0,0.0,0.125,0.25,0.25,0.25,0.25,0.0,0.0,0.0,0.0,0.125,0.25,0.0,0.0,0.0,0.0,0.125,0.25,0.0015
203,0.15,0.1,0.25,0.25,0.0,0.0,0.25,0.0,0.0,0.0,0.0,0.25,0.25,0.0,0.0,0.0,0.0,0.25,0.25,0.0015
210,0.0,0.0,0.125,0.25,0.15,0.1,0.25,0.05,0.1,0.0,0.0,0.125,0.25,0.15,0.1,0.0,0.0,0.0,0.0,0.0015
218,0.0,0.0,0.125,0.25,0.15,0.1,0.25,0.0,0.0,0.0,0.0,0.125,0.25,0.0,0.0,0.15,0.1,0.0,0.0,0.0015
226,0.0,0.0,0.125,0.25,0.15,0.1,0.0,0.05,0.1,0.0,0.0,0.125,0.25,0.0,0.0,0.15,0.1,0.05,0.1,0.0015
240,0.0,0.0,0.125,0.25,0.25,0.25,0.1,0.125,0.25,0.0,0.0,0.125,0.25,0.1,0.1,0.1,0.1,0.125,0.25,0.0015
250,0.0,0.0,0.125,0.25,0.0,0.0,0.0,0.0,0.0,0.15,0.1,0.125,0.25,0.0,0.0,0.0,0.0,0.125,0.25,0.0015
257,0.0,0.0,0.25,0.25,0.1,0.1,0.25,0.25,0.25,0.1,0.1,0.25,0.25,0.0,0.0,0.0,0.0,0.1,0.1,0.0015
264,0.0,0.0,0.125,0.25,0.1,0.1,0.25,0.125,0.25,0.1,0.1,0.125,0.25,0.0,0.0,0.1,0.1,0.0,0.0,0.0015
275,0.0,0.0,0.25,0.25,0.0,0.0,0.25,0.25,0.25,0.15,0.1,0.25,0.25,0.15,0.1,0.15,0.1,0.0,0.0,0.0015
285,0.0,0.0,0.25,0.25,0.25,0.25,0.25,0.1,0.1,0.25,0.25,0.25,0.25,0.0,0.0,0.0,0.0,0.0,0.0,0.0015
292,0.0,0.0,0.125,0.25,0.25,0.25,0.1,0.05,0.1,0.25,0.25,0.125,0.25,0.0,0.0,0.0,0.0,0.125,0.25,0.0015
304,0.0,0.0,0.0,0.0,0.1,0.1,0.25,0.125,0.25,0.0,0.0,0.125,0.25,0.0,0.0,0.0,0.0,0.05,0.1,0.0015
310,0.0,0.0,0.0,0.0,0.0,0.0,0.25,0.125,0.25,0.0,0.0,0.125,0.25,0.0,0.0,0.0,0.0,0.125,0.25,0.0015
318,0.0,0.0,0.05,0.1,0.375,0.25,0.25,0.125,0.25,0.0,0.0,0.0,0.0,0.0,0.0,0.0,0.0,0.125,0.25,0.0015
325,0.0,0.0,0.1,0.1,0.1,0.1,0.25,0.25,0.25,0.0,0.0,0.1,0.1,0.0,0.0,0.0,0.0,0.0,0.0,0.0015
332,0.0,0.0,0.05,0.1,0.25,0.25,0.25,0.0,0.0,0.0,0.0,0.125,0.25,0.0,0.0,0.0,0.0,0.0,0.0,0.0015
339,0.0,0.0,0.1,0.1,0.375,0.25,0.25,0.25,0.25,0.0,0.0,0.25,0.25,0.0,0.0,0.0,0.0,0.25,0.25,0.0015
350,0.0,0.0,0.05,0.1,0.15,0.1,0.1,0.125,0.25,0.0,0.0,0.125,0.25,0.0,0.0,0.15,0.1,0.125,0.25,0.0015
357,0.0,0.0,0.1,0.1,0.0,0.0,0.25,0.1,0.1,0.1,0.1,0.25,0.25,0.0,0.0,0.1,0.1,0.0,0.0,0.0015
365,0.0,0.0,0.25,0.25,0.1,0.1,0.25,0.0,0.0,0.0,0.0,0.0,0.0,0.0,0.0,0.0,0.0,0.1,0.1,0.0015
372,0.0,0.0,0.125,0.25,0.1,0.1,0.25,0.05,0.1,0.0,0.0,0.0,0.0,0.0,0.0,0.0,0.0,0.0,0.0,0.0015
379,0.0,0.0,0.25,0.25,0.0,0.0,0.25,0.1,0.1,0.0,0.0,0.0,0.0,0.0,0.0,0.0,0.0,0.1,0.1,0.0015
386,0.0,0.0,0.125,0.25,0.15,0.1,0.0,0.125,0.25,0.0,0.0,0.0,0.0,0.0,0.0,0.0,0.0,0.0,0.0,0.0015
394,0.0,0.0,0.125,0.25,0.15,0.1,0.25,0.125,0.25,0.0,0.0,0.0,0.0,0.0,0.0,0.0,0.0,0.125,0.25,0.0015
401,0.0,0.0,0.25,0.25,0.0,0.0,0.25,0.1,0.1,0.0,0.0,0.0,0.0,0.1,0.1,0.1,0.1,0.0,0.0,0.0015
409,0.0,0.0,0.25,0.25,0.0,0.0,0.25,0.1,0.1,0.1,0.1,0.0,0.0,0.0,0.0,0.0,0.0,0.0,0.0,0.0015
416,0.0,0.0,0.125,0.25,0.25,0.25,0.25,0.125,0.25,0.1,0.1,0.0,0.0,0.0,0.0,0.0,0.0,0.125,0.25,0.0015
424,0.0,0.0,0.125,0.25,0.1,0.1,0.1,0.125,0.25,0.1,0.1,0.0,0.0,0.0,0.0,0.1,0.1,0.0,0.0,0.0015
431,0.0,0.0,0.25,0.25,0.0,0.0,0.1,0.0,0.0,0.375,0.25,0.0,0.0,0.0,0.0,0.0,0.0,0.25,0.25,0.0015
440,0.0,0.0,0.125,0.25,0.0,0.0,0.25,0.125,0.25,0.25,0.25,0.0,0.0,0.0,0.0,0.0,0.0,0.0,0.0,0.0015
447,0.0,0.0,0.25,0.25,0.15,0.1,0.1,0.25,0.25,0.375,0.25,0.0,0.0,0.0,0.0,0.0,0.0,0.25,0.25,0.0015
457,0.0,0.0,0.25,0.25,0.1,0.1,0.25,0.1,0.1,0.0,0.0,0.1,0.1,0.0,0.0,0.0,0.0,0.1,0.1,0.0015
465,0.0,0.0,0.25,0.25,0.25,0.25,0.0,0.25,0.25,0.0,0.0,0.1,0.1,0.0,0.0,0.0,0.0,0.1,0.1,0.0015
473,0.0,0.0,0.25,0.25,0.1,0.1,0.1,0.25,0.25,0.0,0.0,0.1,0.1,0.0,0.0,0.1,0.1,0.0,0.0,0.0015
483,0.0,0.0,0.25,0.25,0.0,0.0,0.1,0.0,0.0,0.15,0.1,0.1,0.1,0.0,0.0,0.0,0.0,0.1,0.1,0.0015
493,0.0,0.0,0.25,0.25,0.0,0.0,0.25,0.25,0.25,0.1,0.1,0.1,0.1,0.0,0.0,0.0,0.0,0.25,0.25,0.0015
514,0.0,0.0,0.125,0.25,0.0,0.0,0.25,0.05,0.1,0.375,0.25,0.05,0.1,0.0,0.0,0.0,0.0,0.0,0.0,0.0015
525,0.0,0.0,0.25,0.25,0.25,0.25,0.25,0.25,0.25,0.25,0.25,0.1,0.1,0.0,0.0,0.0,0.0,0.1,0.1,0.0015
531,0.0,0.0,0.25,0.25,0.15,0.1,0.25,0.25,0.25,0.375,0.25,0.1,0.1,0.0,0.0,0.0,0.0,0.25,0.25,0.0015
538,0.0,0.0,0.125,0.25,0.15,0.1,0.1,0.0,0.0,0.0,0.0,0.125,0.25,0.0,0.0,0.0,0.0,0.125,0.25,0.0015
548,0.0,0.0,0.125,0.25,0.25,0.25,0.25,0.125,0.25,0.0,0.0,0.125,0.25,0.0,0.0,0.0,0.0,0.125,0.25,0.0015
556,0.0,0.0,0.125,0.25,0.25,0.25,0.25,0.0,0.0,0.0,0.0,0.125,0.25,0.0,0.0,0.1,0.1,0.0,0.0,0.0015
563,0.0,0.0,0.25,0.25,0.15,0.1,0.25,0.0,0.0,0.0,0.0,0.25,0.25,0.0,0.0,0.15,0.1,0.1,0.1,0.0015
572,0.0,0.0,0.125,0.25,0.1,0.1,0.25,0.05,0.1,0.0,0.0,0.125,0.25,0.0,0.0,0.1,0.1,0.05,0.1,0.0015
579,0.0,0.0,0.25,0.25,0.0,0.0,0.25,0.1,0.1,0.0,0.0,0.25,0.25,0.0,0.0,0.15,0.1,0.25,0.25,0.0015
587,0.0,0.0,0.25,0.25,0.375,0.25,0.1,0.25,0.25,0.0,0.0,0.25,0.25,0.0,0.0,0.15,0.1,0.1,0.1,0.0015
594,0.0,0.0,0.125,0.25,0.375,0.25,0.1,0.0,0.0,0.15,0.1,0.125,0.25,0.0,0.0,0.0,0.0,0.05,0.1,0.0015
601,0.0,0.0,0.25,0.25,0.1,0.1,0.25,0.1,0.1,0.1,0.1,0.25,0.25,0.0,0.0,0.1,0.1,0.0,0.0,0.0015
609,0.0,0.0,0.25,0.25,0.0,0.0,0.25,0.25,0.25,0.1,0.1,0.25,0.25,0.0,0.0,0.1,0.1,0.1,0.1,0.0015
619,0.0,0.0,0.25,0.25,0.15,0.1,0.25,0.0,0.0,0.375,0.25,0.25,0.25,0.0,0.0,0.0,0.0,0.25,0.25,0.0015
629,0.0,0.0,0.0,0.0,0.0,0.0,0.25,0.1,0.1,0.0,0.0,0.25,0.25,0.0,0.0,0.0,0.0,0.1,0.1,0.0015
634,0.0,0.0,0.0,0.0,0.0,0.0,0.25,0.05,0.1,0.0,0.0,0.125,0.25,0.0,0.0,0.0,0.0,0.125,0.25,0.0015
643,0.0,0.0,0.1,0.1,0.0,0.0,0.25,0.1,0.1,0.0,0.0,0.0,0.0,0.0,0.0,0.0,0.0,0.25,0.25,0.0015
650,0.0,0.0,0.05,0.1,0.0,0.0,0.25,0.125,0.25,0.0,0.0,0.05,0.1,0.0,0.0,0.0,0.0,0.0,0.0,0.0015
659,0.0,0.0,0.1,0.1,0.375,0.25,0.25,0.1,0.1,0.0,0.0,0.25,0.25,0.0,0.0,0.0,0.0,0.25,0.25,0.0015
667,0.0,0.0,0.1,0.1,0.0,0.0,0.25,0.25,0.25,0.0,0.0,0.25,0.25,0.0,0.0,0.0,0.0,0.1,0.1,0.0015
674,0.0,0.0,0.05,0.1,0.375,0.25,0.25,0.125,0.25,0.15,0.1,0.125,0.25,0.0,0.0,0.15,0.1,0.125,0.25,0.0015
681,0.0,0.0,0.25,0.25,0.25,0.25,0.25,0.1,0.1,0.0,0.0,0.0,0.0,0.0,0.0,0.0,0.0,0.25,0.25,0.0015
690,0.0,0.0,0.125,0.25,0.15,0.1,0.0,0.125,0.25,0.0,0.0,0.0,0.0,0.0,0.0,0.0,0.0,0.05,0.1,0.0015
698,0.0,0.0,0.125,0.25,0.0,0.0,0.25,0.125,0.25,0.0,0.0,0.0,0.0,0.15,0.1,0.0,0.0,0.05,0.1,0.0015
706,0.0,0.0,0.125,0.25,0.375,0.25,0.0,0.125,0.25,0.15,0.1,0.0,0.0,0.0,0.0,0.0,0.0,0.0,0.0,0.0015
723,0.0,0.0,0.25,0.25,0.15,0.1,0.25,0.25,0.25,0.15,0.1,0.0,0.0,0.0,0.0,0.15,0.1,0.25,0.25,0.0015
730,0.0,0.0,0.125,0.25,0.0,0.0,0.1,0.05,0.1,0.375,0.25,0.0,0.0,0.0,0.0,0.0,0.0,0.125,0.25,0.0015
745,0.0,0.0,0.25,0.25,0.1,0.1,0.25,0.25,0.25,0.0,0.0,0.1,0.1,0.0,0.0,0.0,0.0,0.0,0.0,0.0015
749,0.0,0.0,0.25,0.25,0.0,0.0,0.25,0.25,0.25,0.0,0.0,0.1,0.1,0.0,0.0,0.0,0.0,0.1,0.1,0.0015
755,0.0,0.0,0.25,0.25,0.375,0.25,0.25,0.25,0.25,0.0,0.0,0.1,0.1,0.15,0.1,0.0,0.0,0.1,0.1,0.0015
766,0.0,0.0,0.125,0.25,0.375,0.25,0.25,0.05,0.1,0.15,0.1,0.05,0.1,0.0,0.0,0.0,0.0,0.05,0.1,0.0015
775,0.0,0.0,0.25,0.25,0.375,0.25,0.0,0.25,0.25,0.15,0.1,0.1,0.1,0.0,0.0,0.0,0.0,0.0,0.0,0.0015
782,0.0,0.0,0.125,0.25,0.15,0.1,0.25,0.125,0.25,0.15,0.1,0.05,0.1,0.0,0.0,0.0,0.0,0.125,0.25,0.0015
794,0.0,0.0,0.125,0.25,0.0,0.0,0.25,0.125,0.25,0.15,0.1,0.05,0.1,0.15,0.1,0.15,0.1,0.125,0.25,0.0015
804,0.0,0.0,0.125,0.25,0.1,0.1,0.1,0.05,0.1,0.25,0.25,0.05,0.1,0.0,0.0,0.0,0.0,0.125,0.25,0.0015
815,0.0,0.0,0.25,0.25,0.15,0.1,0.1,0.0,0.0,0.0,0.0,0.25,0.25,0.0,0.0,0.0,0.0,0.0,0.0,0.0015
823,0.0,0.0,0.25,0.25,0.375,0.25,0.1,0.0,0.0,0.0,0.0,0.25,0.25,0.0,0.0,0.0,0.0,0.25,0.25,0.0015
832,0.0,0.0,0.125,0.25,0.0,0.0,0.25,0.125,0.25,0.0,0.0,0.125,0.25,0.0,0.0,0.0,0.0,0.125,0.25,0.0015
840,0.0,0.0,0.125,0.25,0.0,0.0,0.25,0.0,0.0,0.0,0.0,0.125,0.25,0.0,0.0,0.1,0.1,0.0,0.0,0.0015
847,0.0,0.0,0.25,0.25,0.375,0.25,0.0,0.1,0.1,0.0,0.0,0.25,0.25,0.0,0.0,0.15,0.1,0.1,0.1,0.0015
855,0.0,0.0,0.25,0.25,0.15,0.1,0.0,0.25,0.25,0.0,0.0,0.25,0.25,0.0,0.0,0.15,0.1,0.0,0.0,0.0015
866,0.0,0.0,0.125,0.25,0.15,0.1,0.25,0.125,0.25,0.0,0.0,0.125,0.25,0.0,0.0,0.15,0.1,0.125,0.25,0.0015
875,0.15,0.1,0.25,0.25,0.15,0.1,0.1,0.25,0.25,0.0,0.0,0.25,0.25,0.0,0.0,0.15,0.1,0.25,0.25,0.0015
882,0.0,0.0,0.125,0.25,0.375,0.25,0.25,0.0,0.0,0.15,0.1,0.125,0.25,0.0,0.0,0.0,0.0,0.125,0.25,0.0015
889,0.0,0.0,0.25,0.25,0.1,0.1,0.25,0.1,0.1,0.1,0.1,0.25,0.25,0.0,0.0,0.0,0.0,0.25,0.25,0.0015
896,0.0,0.0,0.125,0.25,0.1,0.1,0.1,0.125,0.25,0.1,0.1,0.125,0.25,0.0,0.0,0.0,0.0,0.125,0.25,0.0015
907,0.0,0.0,0.25,0.25,0.0,0.0,0.0,0.25,0.25,0.15,0.1,0.25,0.25,0.0,0.0,0.15,0.1,0.1,0.1,0.0015
921,0.0,0.0,0.25,0.25,0.0,0.0,0.25,0.25,0.25,0.1,0.1,0.25,0.25,0.1,0.1,0.1,0.1,0.1,0.1,0.0015
929,0.0,0.0,0.25,0.25,0.25,0.25,0.1,0.1,0.1,0.25,0.25,0.25,0.25,0.0,0.0,0.0,0.0,0.1,0.1,0.0015
937,0.0,0.0,0.25,0.25,0.25,0.25,0.1,0.25,0.25,0.25,0.25,0.25,0.25,0.0,0.0,0.0,0.0,0.1,0.1,0.0015
947,0.0,0.0,0.25,0.25,0.375,0.25,0.25,0.25,0.25,0.375,0.25,0.25,0.25,0.15,0.1,0.0,0.0,0.25,0.25,0.0015
959,0.0,0.0,0.1,0.1,0.15,0.1,0.25,0.0,0.0,0.0,0.0,0.1,0.1,0.0,0.0,0.0,0.0,0.1,0.1,0.0015
968,0.0,0.0,0.05,0.1,0.0,0.0,0.25,0.125,0.25,0.0,0.0,0.05,0.1,0.1,0.1,0.1,0.1,0.125,0.25,0.0015
976,0.0,0.0,0.05,0.1,0.1,0.1,0.25,0.05,0.1,0.0,0.0,0.125,0.25,0.0,0.0,0.0,0.0,0.05,0.1,0.0015
983,0.0,0.0,0.1,0.1,0.0,0.0,0.25,0.1,0.1,0.0,0.0,0.25,0.25,0.0,0.0,0.0,0.0,0.25,0.25,0.0015
990,0.0,0.0,0.05,0.1,0.15,0.1,0.25,0.125,0.25,0.0,0.0,0.125,0.25,0.0,0.0,0.0,0.0,0.05,0.1,0.0015
999,0.0,0.0,0.1,0.1,0.375,0.25,0.1,0.25,0.25,0.0,0.0,0.25,0.25,0.0,0.0,0.15,0.1,0.25,0.25,0.0015
1009,0.0,0.0,0.25,0.25,0.25,0.25,0.0,0.1,0.1,0.0,0.0,0.0,0.0,0.0,0.0,0.0,0.0,0.1,0.1,0.0015
1017,0.0,0.0,0.25,0.25,0.25,0.25,0.25,0.25,0.25,0.0,0.0,0.0,0.0,0.0,0.0,0.0,0.0,0.0,0.0,0.0015
1023,0.0,0.0,0.25,0.25,0.15,0.1,0.25,0.25,0.25,0.0,0.0,0.0,0.0,0.0,0.0,0.0,0.0,0.1,0.1,0.0015
1030,0.0,0.0,0.125,0.25,0.375,0.25,0.25,0.125,0.25,0.0,0.0,0.0,0.0,0.15,0.1,0.0,0.0,0.125,0.25,0.0015
1039,0.0,0.0,0.25,0.25,0.375,0.25,0.25,0.1,0.1,0.15,0.1,0.0,0.0,0.0,0.0,0.0,0.0,0.25,0.25,0.0015
1054,0.0,0.0,0.125,0.25,0.0,0.0,0.1,0.05,0.1,0.375,0.25,0.0,0.0,0.0,0.0,0.0,0.0,0.0,0.0,0.0015
1060,0.0,0.0,0.125,0.25,0.0,0.0,0.25,0.0,0.0,0.0,0.0,0.05,0.1,0.0,0.0,0.0,0.0,0.0,0.0,0.0015
1068,0.0,0.0,0.125,0.25,0.25,0.25,0.25,0.05,0.1,0.0,0.0,0.05,0.1,0.0,0.0,0.0,0.0,0.125,0.25,0.0015
1074,0.0,0.0,0.125,0.25,0.15,0.1,0.25,0.05,0.1,0.0,0.0,0.05,0.1,0.15,0.1,0.0,0.0,0.0,0.0,0.0015
1081,0.0,0.0,0.25,0.25,0.25,0.25,0.25,0.25,0.25,0.0,0.0,0.1,0.1,0.0,0.0,0.0,0.0,0.0,0.0,0.0015
1087,0.0,0.0,0.25,0.25,0.15,0.1,0.25,0.25,0.25,0.0,0.0,0.1,0.1,0.0,0.0,0.0,0.0,0.1,0.1,0.0015
1094,0.0,0.0,0.125,0.25,0.15,0.1,0.25,0.0,0.0,0.0,0.0,0.05,0.1,0.0,0.0,0.15,0.1,0.125,0.25,0.0015
1106,0.0,0.0,0.125,0.25,0.0,0.0,0.25,0.125,0.25,0.0,0.0,0.05,0.1,0.0,0.0,0.15,0.1,0.125,0.25,0.0015
1113,0.0,0.0,0.25,0.25,0.1,0.1,0.25,0.1,0.1,0.1,0.1,0.1,0.1,0.0,0.0,0.0,0.0,0.0,0.0,0.0015
1120,0.0,0.0,0.125,0.25,0.25,0.25,0.1,0.05,0.1,0.1,0.1,0.05,0.1,0.0,0.0,0.0,0.0,0.125,0.25,0.0015
1129,0.0,0.0,0.25,0.25,0.25,0.25,0.25,0.25,0.25,0.1,0.1,0.1,0.1,0.0,0.0,0.1,0.1,0.1,0.1,0.0015
1141,0.0,0.0,0.25,0.25,0.1,0.1,0.1,0.1,0.1,0.25,0.25,0.1,0.1,0.0,0.0,0.0,0.0,0.0,0.0,0.0015
1151,0.0,0.0,0.25,0.25,0.375,0.25,0.25,0.1,0.1,0.375,0.25,0.1,0.1,0.0,0.0,0.0,0.0,0.25,0.25,0.0015
1158,0.0,0.0,0.125,0.25,0.0,0.0,0.1,0.0,0.0,0.0,0.0,0.125,0.25,0.0,0.0,0.0,0.0,0.125,0.25,0.0015
1165,0.0,0.0,0.25,0.25,0.25,0.25,0.25,0.1,0.1,0.0,0.0,0.25,0.25,0.1,0.1,0.0,0.0,0.0,0.0,0.0015
1178,0.15,0.1,0.125,0.25,0.15,0.1,0.25,0.125,0.25,0.0,0.0,0.125,0.25,0.0,0.0,0.0,0.0,0.125,0.25,0.0015
1186,0.0,0.0,0.125,0.25,0.375,0.25,0.1,0.05,0.1,0.0,0.0,0.125,0.25,0.0,0.0,0.15,0.1,0.05,0.1,0.0015
1195,0.0,0.0,0.25,0.25,0.15,0.1,0.25,0.25,0.25,0.0,0.0,0.25,0.25,0.0,0.0,0.15,0.1,0.0,0.0,0.0015
1206,0.0,0.0,0.125,0.25,0.0,0.0,0.25,0.125,0.25,0.0,0.0,0.125,0.25,0.15,0.1,0.15,0.1,0.125,0.25,0.0015
1213,0.0,0.0,0.25,0.25,0.0,0.0,0.25,0.0,0.0,0.1,0.1,0.25,0.25,0.0,0.0,0.0,0.0,0.25,0.25,0.0015
1221,0.0,0.0,0.25,0.25,0.1,0.1,0.25,0.1,0.1,0.1,0.1,0.25,0.25,0.0,0.0,0.0,0.0,0.1,0.1,0.0015
1228,0.0,0.0,0.125,0.25,0.25,0.25,0.25,0.125,0.25,0.1,0.1,0.125,0.25,0.0,0.0,0.0,0.0,0.05,0.1,0.0015
1235,0.0,0.0,0.25,0.25,0.15,0.1,0.25,0.25,0.25,0.15,0.1,0.25,0.25,0.0,0.0,0.0,0.0,0.25,0.25,0.0015
1253,0.0,0.0,0.25,0.25,0.1,0.1,0.1,0.1,0.1,0.25,0.25,0.25,0.25,0.0,0.0,0.0,0.0,0.1,0.1,0.0015
1266,0.0,0.0,0.05,0.1,0.0,0.0,0.25,0.0,0.0,0.0,0.0,0.05,0.1,0.0,0.0,0.0,0.0,0.05,0.1,0.0015
1273,0.0,0.0,0.1,0.1,0.0,0.0,0.25,0.25,0.25,0.0,0.0,0.1,0.1,0.0,0.0,0.0,0.0,0.25,0.25,0.0015
1281,0.0,0.0,0.1,0.1,0.1,0.1,0.25,0.1,0.1,0.0,0.0,0.25,0.25,0.0,0.0,0.0,0.0,0.0,0.0,0.0015
1288,0.0,0.0,0.05,0.1,0.1,0.1,0.1,0.125,0.25,0.0,0.0,0.125,0.25,0.0,0.0,0.0,0.0,0.125,0.25,0.0015
1298,0.0,0.0,0.05,0.1,0.375,0.25,0.25,0.125,0.25,0.15,0.1,0.125,0.25,0.0,0.0,0.15,0.1,0.05,0.1,0.0015
1306,0.0,0.0,0.05,0.1,0.0,0.0,0.1,0.125,0.25,0.375,0.25,0.125,0.25,0.0,0.0,0.0,0.0,0.125,0.25,0.0015
1313,0.0,0.0,0.25,0.25,0.1,0.1,0.1,0.1,0.1,0.0,0.0,0.0,0.0,0.0,0.0,0.0,0.0,0.0,0.0,0.0015
1323,0.0,0.0,0.25,0.25,0.15,0.1,0.25,0.25,0.25,0.0,0.0,0.0,0.0,0.0,0.0,0.0,0.0,0.0,0.0,0.0015
1330,0.0,0.0,0.125,0.25,0.375,0.25,0.25,0.05,0.1,0.15,0.1,0.0,0.0,0.0,0.0,0.15,0.1,0.05,0.1,0.0015
1341,0.0,0.0,0.25,0.25,0.25,0.25,0.1,0.25,0.25,0.1,0.1,0.0,0.0,0.0,0.0,0.1,0.1,0.25,0.25,0.0015
1348,0.0,0.0,0.125,0.25,0.25,0.25,0.1,0.05,0.1,0.25,0.25,0.0,0.0,0.0,0.0,0.0,0.0,0.125,0.25,0.0015
1356,0.0,0.0,0.125,0.25,0.0,0.0,0.25,0.125,0.25,0.25,0.25,0.0,0.0,0.0,0.0,0.0,0.0,0.05,0.1,0.0015
1364,0.0,0.0,0.125,0.25,0.25,0.25,0.0,0.05,0.1,0.0,0.0,0.05,0.1,0.0,0.0,0.0,0.0,0.0,0.0,0.0015
1372,0.0,0.0,0.125,0.25,0.0,0.0,0.25,0.125,0.25,0.0,0.0,0.05,0.1,0.0,0.0,0.0,0.0,0.0,0.0,0.0015
1386,0.0,0.0,0.125,0.25,0.375,0.25,0.1,0.0,0.0,0.15,0.1,0.05,0.1,0.0,0.0,0.0,0.0,0.125,0.25,0.0015
1393,0.0,0.0,0.25,0.25,0.0,0.0,0.25,0.1,0.1,0.1,0.1,0.1,0.1,0.0,0.0,0.1,0.1,0.0,0.0,0.0015
1405,0.0,0.0,0.25,0.25,0.25,0.25,0.25,0.1,0.1,0.25,0.25,0.1,0.1,0.0,0.0,0.0,0.0,0.1,0.1,0.0015
1412,0.0,0.0,0.125,0.25,0.0,0.0,0.25,0.125,0.25,0.25,0.25,0.05,0.1,0.0,0.0,0.0,0.0,0.0,0.0,0.0015
1422,0.0,0.0,0.125,0.25,0.375,0.25,0.25,0.0,0.0,0.0,0.0,0.125,0.25,0.0,0.0,0.0,0.0,0.0,0.0,0.0015
1429,0.0,0.0,0.25,0.25,0.25,0.25,0.1,0.1,0.1,0.0,0.0,0.25,0.25,0.0,0.0,0.0,0.0,0.1,0.1,0.0015
1435,0.0,0.0,0.25,0.25,0.15,0.1,0.25,0.25,0.25,0.0,0.0,0.25,0.25,0.0,0.0,0.0,0.0,0.0,0.0,0.0015
1444,0.1,0.1,0.125,0.25,0.25,0.25,0.25,0.125,0.25,0.0,0.0,0.125,0.25,0.0,0.0,0.0,0.0,0.125,0.25,0.0015
1456,0.0,0.0,0.125,0.25,0.1,0.1,0.1,0.05,0.1,0.0,0.0,0.125,0.25,0.0,0.0,0.1,0.1,0.0,0.0,0.0015
1464,0.0,0.0,0.125,0.25,0.0,0.0,0.1,0.125,0.25,0.0,0.0,0.125,0.25,0.0,0.0,0.1,0.1,0.0,0.0,0.0015
1471,0.0,0.0,0.25,0.25,0.0,0.0,0.1,0.25,0.25,0.0,0.0,0.25,0.25,0.0,0.0,0.15,0.1,0.1,0.1,0.0015
1483,0.0,0.0,0.25,0.25,0.0,0.0,0.25,0.0,0.0,0.15,0.1,0.25,0.25,0.0,0.0,0.0,0.0,0.1,0.1,0.0015
1490,0.0,0.0,0.125,0.25,0.375,0.25,0.25,0.05,0.1,0.15,0.1,0.125,0.25,0.0,0.0,0.0,0.0,0.125,0.25,0.0015
1508,0.0,0.0,0.125,0.25,0.0,0.0,0.1,0.125,0.25,0.1,0.1,0.125,0.25,0.0,0.0,0.25,0.25,0.05,0.1,0.0015
1518,0.0,0.0,0.125,0.25,0.15,0.1,0.25,0.05,0.1,0.375,0.25,0.125,0.25,0.0,0.0,0.0,0.0,0.0,0.0,0.0015
1526,0.0,0.0,0.125,0.25,0.375,0.25,0.25,0.125,0.25,0.375,0.25,0.125,0.25,0.0,0.0,0.0,0.0,0.0,0.0,0.0015
1534,0.0,0.0,0.125,0.25,0.0,0.0,0.25,0.125,0.25,0.375,0.25,0.125,0.25,0.0,0.0,0.0,0.0,0.125,0.25,0.0015
1545,0.0,0.0,0.1,0.1,0.0,0.0,0.25,0.25,0.25,0.0,0.0,0.0,0.0,0.0,0.0,0.0,0.0,0.1,0.1,0.0015
1551,0.0,0.0,0.1,0.1,0.375,0.25,0.25,0.1,0.1,0.0,0.0,0.1,0.1,0.0,0.0,0.0,0.0,0.25,0.25,0.0015
1559,0.0,0.0,0.1,0.1,0.375,0.25,0.25,0.25,0.25,0.0,0.0,0.25,0.25,0.0,0.0,0.0,0.0,0.1,0.1,0.0015
1567,0.0,0.0,0.1,0.1,0.15,0.1,0.25,0.25,0.25,0.15,0.1,0.25,0.25,0.0,0.0,0.15,0.1,0.1,0.1,0.0015
1573,0.0,0.0,0.25,0.25,0.1,0.1,0.0,0.1,0.1,0.0,0.0,0.0,0.0,0.0,0.0,0.0,0.0,0.0,0.0,0.0015
1580,0.0,0.0,0.125,0.25,0.1,0.1,0.25,0.05,0.1,0.0,0.0,0.0,0.0,0.0,0.0,0.0,0.0,0.125,0.25,0.0015
1587,0.0,0.0,0.25,0.25,0.375,0.25,0.1,0.25,0.25,0.0,0.0,0.0,0.0,0.0,0.0,0.0,0.0,0.0,0.0,0.0015
1595,0.0,0.0,0.25,0.25,0.375,0.25,0.25,0.25,0.25,0.0,0.0,0.0,0.0,0.15,0.1,0.0,0.0,0.1,0.1,0.0015
1603,0.0,0.0,0.25,0.25,0.15,0.1,0.1,0.1,0.1,0.0,0.0,0.0,0.0,0.0,0.0,0.15,0.1,0.25,0.25,0.0015
1610,0.0,0.0,0.125,0.25,0.0,0.0,0.1,0.05,0.1,0.15,0.1,0.0,0.0,0.0,0.0,0.0,0.0,0.125,0.25,0.0015
1624,0.0,0.0,0.125,0.25,0.0,0.0,0.25,0.05,0.1,0.25,0.25,0.0,0.0,0.0,0.0,0.0,0.0,0.125,0.25,0.0015
1631,0.0,0.0,0.25,0.25,0.375,0.25,0.25,0.0,0.0,0.0,0.0,0.1,0.1,0.0,0.0,0.0,0.0,0.0,0.0,0.0015
1640,0.0,0.0,0.125,0.25,0.25,0.25,0.25,0.05,0.1,0.0,0.0,0.05,0.1,0.1,0.1,0.0,0.0,0.0,0.0,0.0015
1647,0.0,0.0,0.25,0.25,0.15,0.1,0.25,0.1,0.1,0.0,0.0,0.1,0.1,0.15,0.1,0.0,0.0,0.1,0.1,0.0015
1661,0.0,0.0,0.25,0.25,0.1,0.1,0.1,0.1,0.1,0.0,0.0,0.1,0.1,0.0,0.0,0.1,0.1,0.0,0.0,0.0015
1671,0.0,0.0,0.25,0.25,0.0,0.0,0.0,0.25,0.25,0.0,0.0,0.1,0.1,0.0,0.0,0.15,0.1,0.25,0.25,0.0015
1679,0.0,0.0,0.25,0.25,0.0,0.0,0.1,0.0,0.0,0.15,0.1,0.1,0.1,0.0,0.0,0.0,0.0,0.25,0.25,0.0015
1686,0.0,0.0,0.125,0.25,0.15,0.1,0.25,0.05,0.1,0.15,0.1,0.05,0.1,0.0,0.0,0.0,0.0,0.05,0.1,0.0015
1695,0.0,0.0,0.25,0.25,0.375,0.25,0.25,0.1,0.1,0.15,0.1,0.1,0.1,0.0,0.0,0.15,0.1,0.1,0.1,0.0015
1708,0.0,0.0,0.125,0.25,0.0,0.0,0.25,0.125,0.25,0.1,0.1,0.05,0.1,0.0,0.0,0.1,0.1,0.125,0.25,0.0015
1717,0.0,0.0,0.25,0.25,0.1,0.1,0.1,0.1,0.1,0.25,0.25,0.1,0.1,0.0,0.0,0.0,0.0,0.1,0.1,0.0015
1725,0.0,0.0,0.25,0.25,0.25,0.25,0.25,0.25,0.25,0.25,0.25,0.1,0.1,0.0,0.0,0.0,0.0,0.25,0.25,0.0015
1734,0.0,0.0,0.125,0.25,0.0,0.0,0.1,0.0,0.0,0.0,0.0,0.125,0.25,0.0,0.0,0.0,0.0,0.0,0.0,0.0015
1741,0.0,0.0,0.25,0.25,0.1,0.1,0.25,0.1,0.1,0.0,0.0,0.25,0.25,0.0,0.0,0.0,0.0,0.1,0.1,0.0015
1747,0.0,0.0,0.25,0.25,0.0,0.0,0.25,0.1,0.1,0.0,0.0,0.25,0.25,0.0,0.0,0.0,0.0,0.25,0.25,0.0015
1756,0.0,0.0,0.125,0.25,0.25,0.25,0.1,0.05,0.1,0.0,0.0,0.125,0.25,0.0,0.0,0.1,0.1,0.0,0.0,0.0015
1764,0.0,0.0,0.125,0.25,0.25,0.25,0.25,0.05,0.1,0.0,0.0,0.125,0.25,0.0,0.0,0.1,0.1,0.125,0.25,0.0015
1772,0.0,0.0,0.125,0.25,0.25,0.25,0.0,0.125,0.25,0.0,0.0,0.125,0.25,0.0,0.0,0.1,0.1,0.0,0.0,0.0015
1782,0.0,0.0,0.125,0.25,0.375,0.25,0.0,0.125,0.25,0.0,0.0,0.125,0.25,0.0,0.0,0.15,0.1,0.125,0.25,0.0015
1788,0.0,0.0,0.125,0.25,0.1,0.1,0.1,0.05,0.1,0.1,0.1,0.125,0.25,0.0,0.0,0.0,0.0,0.05,0.1,0.0015
1796,0.0,0.0,0.125,0.25,0.25,0.25,0.25,0.125,0.25,0.1,0.1,0.125,0.25,0.0,0.0,0.0,0.0,0.125,0.25,0.0015
1803,0.0,0.0,0.25,0.25,0.0,0.0,0.25,0.25,0.25,0.15,0.1,0.25,0.25,0.15,0.1,0.0,0.0,0.1,0.1,0.0015
1812,0.0,0.0,0.125,0.25,0.25,0.25,0.1,0.0,0.0,0.25,0.25,0.125,0.25,0.0,0.0,0.0,0.0,0.125,0.25,0.0015
1820,0.0,0.0,0.125,0.25,0.25,0.25,0.25,0.125,0.25,0.25,0.25,0.125,0.25,0.0,0.0,0.25,0.25,0.0,0.0,0.0015
1827,0.0,0.0,0.0,0.0,0.15,0.1,0.25,0.1,0.1,0.0,0.0,0.25,0.25,0.0,0.0,0.0,0.0,0.25,0.25,0.0015
1834,0.0,0.0,0.05,0.1,0.375,0.25,0.25,0.125,0.25,0.0,0.0,0.05,0.1,0.0,0.0,0.0,0.0,0.125,0.25,0.0015
1845,0.0,0.0,0.1,0.1,0.1,0.1,0.25,0.25,0.25,0.1,0.1,0.25,0.25,0.0,0.0,0.1,0.1,0.0,0.0,0.0015
1855,0.0,0.0,0.25,0.25,0.375,0.25,0.25,0.1,0.1,0.0,0.0,0.0,0.0,0.0,0.0,0.0,0.0,0.0,0.0,0.0015
1862,0.0,0.0,0.125,0.25,0.0,0.0,0.25,0.05,0.1,0.0,0.0,0.0,0.0,0.0,0.0,0.0,0.0,0.125,0.25,0.0015
1871,0.0,0.0,0.25,0.25,0.15,0.1,0.0,0.25,0.25,0.0,0.0,0.0,0.0,0.0,0.0,0.0,0.0,0.25,0.25,0.0015
1878,0.0,0.0,0.125,0.25,0.15,0.1,0.25,0.125,0.25,0.0,0.0,0.0,0.0,0.15,0.1,0.0,0.0,0.0,0.0,0.0015
1885,0.0,0.0,0.25,0.25,0.0,0.0,0.25,0.25,0.25,0.0,0.0,0.0,0.0,0.1,0.1,0.0,0.0,0.25,0.25,0.0015
1894,0.0,0.0,0.125,0.25,0.0,0.0,0.25,0.05,0.1,0.15,0.1,0.0,0.0,0.0,0.0,0.0,0.0,0.05,0.1,0.0015
1901,0.0,0.0,0.25,0.25,0.1,0.1,0.25,0.25,0.25,0.1,0.1,0.0,0.0,0.0,0.0,0.0,0.0,0.25,0.25,0.0015
1907,0.0,0.0,0.25,0.25,0.15,0.1,0.25,0.1,0.1,0.15,0.1,0.0,0.0,0.0,0.0,0.15,0.1,0.0,0.0,0.0015
1917,0.0,0.0,0.25,0.25,0.0,0.0,0.25,0.25,0.25,0.1,0.1,0.0,0.0,0.0,0.0,0.1,0.1,0.25,0.25,0.0015
1925,0.0,0.0,0.25,0.25,0.25,0.25,0.25,0.1,0.1,0.25,0.25,0.0,0.0,0.0,0.0,0.0,0.0,0.25,0.25,0.0015
1935,0.0,0.0,0.25,0.25,0.15,0.1,0.25,0.25,0.25,0.375,0.25,0.0,0.0,0.0,0.0,0.0,0.0,0.1,0.1,0.0015
1942,0.0,0.0,0.125,0.25,0.375,0.25,0.25,0.0,0.0,0.0,0.0,0.05,0.1,0.0,0.0,0.0,0.0,0.05,0.1,0.0015
1954,0.0,0.0,0.125,0.25,0.375,0.25,0.25,0.125,0.25,0.0,0.0,0.05,0.1,0.0,0.0,0.0,0.0,0.125,0.25,0.0015
1962,0.0,0.0,0.125,0.25,0.0,0.0,0.25,0.125,0.25,0.0,0.0,0.05,0.1,0.15,0.1,0.0,0.0,0.05,0.1,0.0015
1970,0.0,0.0,0.125,0.25,0.0,0.0,0.1,0.05,0.1,0.0,0.0,0.05,0.1,0.0,0.0,0.15,0.1,0.125,0.25,0.0015
1978,0.0,0.0,0.125,0.25,0.15,0.1,0.0,0.125,0.25,0.0,0.0,0.05,0.1,0.0,0.0,0.15,0.1,0.05,0.1,0.0015
1987,0.0,0.0,0.25,0.25,0.15,0.1,0.1,0.0,0.0,0.15,0.1,0.1,0.1,0.0,0.0,0.0,0.0,0.25,0.25,0.0015
1996,0.0,0.0,0.125,0.25,0.25,0.25,0.25,0.05,0.1,0.1,0.1,0.05,0.1,0.0,0.0,0.1,0.1,0.0,0.0,0.0015
2008,0.0,0.0,0.125,0.25,0.0,0.0,0.0,0.125,0.25,0.1,0.1,0.05,0.1,0.0,0.0,0.1,0.1,0.05,0.1,0.0015
2026,0.0,0.0,0.125,0.25,0.15,0.1,0.1,0.0,0.0,0.375,0.25,0.05,0.1,0.0,0.0,0.0,0.0,0.125,0.25,0.0015
2034,0.0,0.0,0.125,0.25,0.15,0.1,0.25,0.125,0.25,0.375,0.25,0.05,0.1,0.0,0.0,0.0,0.0,0.05,0.1,0.0015
2042,0.0,0.0,0.125,0.25,0.15,0.1,0.25,0.0,0.0,0.0,0.0,0.125,0.25,0.0,0.0,0.0,0.0,0.0,0.0,0.0015
2049,0.0,0.0,0.25,0.25,0.1,0.1,0.25,0.1,0.1,0.0,0.0,0.25,0.25,0.0,0.0,0.0,0.0,0.0,0.0,0.0015
2056,0.0,0.0,0.125,0.25,0.25,0.25,0.1,0.05,0.1,0.0,0.0,0.125,0.25,0.0,0.0,0.0,0.0,0.125,0.25,0.0015
2063,0.0,0.0,0.25,0.25,0.375,0.25,0.25,0.25,0.25,0.0,0.0,0.25,0.25,0.0,0.0,0.0,0.0,0.1,0.1,0.0015
2069,0.0,0.0,0.25,0.25,0.0,0.0,0.25,0.25,0.25,0.0,0.0,0.25,0.25,0.1,0.1,0.0,0.0,0.0,0.0,0.0015
2078,0.0,0.0,0.125,0.25,0.0,0.0,0.0,0.05,0.1,0.0,0.0,0.125,0.25,0.0,0.0,0.15,0.1,0.0,0.0,0.0015
2087,0.0,0.0,0.25,0.25,0.0,0.0,0.25,0.1,0.1,0.0,0.0,0.25,0.25,0.0,0.0,0.15,0.1,0.1,0.1,0.0015
2102,0.0,0.0,0.125,0.25,0.0,0.0,0.25,0.125,0.25,0.0,0.0,0.125,0.25,0.0,0.0,0.15,0.1,0.125,0.25,0.0015
2109,0.0,0.0,0.25,0.25,0.1,0.1,0.1,0.0,0.0,0.1,0.1,0.25,0.25,0.0,0.0,0.0,0.0,0.1,0.1,0.0015
2118,0.0,0.0,0.125,0.25,0.0,0.0,0.25,0.05,0.1,0.15,0.1,0.125,0.25,0.0,0.0,0.0,0.0,0.0,0.0,0.0015
2125,0.0,0.0,0.25,0.25,0.0,0.0,0.1,0.1,0.1,0.1,0.1,0.25,0.25,0.0,0.0,0.0,0.0,0.25,0.25,0.0015
2144,0.0,0.0,0.125,0.25,0.25,0.25,0.25,0.125,0.25,0.1,0.1,0.125,0.25,0.1,0.1,0.1,0.1,0.0,0.0,0.0015
2155,0.15,0.1,0.25,0.25,0.0,0.0,0.25,0.25,0.25,0.15,0.1,0.25,0.25,0.0,0.0,0.15,0.1,0.25,0.25,0.0015
2167,0.0,0.0,0.25,0.25,0.15,0.1,0.25,0.1,0.1,0.375,0.25,0.25,0.25,0.0,0.0,0.0,0.0,0.25,0.25,0.0015
2175,0.0,0.0,0.25,0.25,0.15,0.1,0.1,0.25,0.25,0.375,0.25,0.25,0.25,0.0,0.0,0.0,0.0,0.25,0.25,0.0015
2184,0.0,0.0,0.05,0.1,0.1,0.1,0.25,0.125,0.25,0.0,0.0,0.0,0.0,0.0,0.0,0.0,0.0,0.125,0.25,0.0015
2191,0.0,0.0,0.1,0.1,0.15,0.1,0.25,0.1,0.1,0.0,0.0,0.1,0.1,0.0,0.0,0.0,0.0,0.1,0.1,0.0015
2198,0.0,0.0,0.05,0.1,0.15,0.1,0.25,0.125,0.25,0.15,0.1,0.05,0.1,0.0,0.0,0.15,0.1,0.125,0.25,0.0015
2206,0.0,0.0,0.05,0.1,0.15,0.1,0.1,0.125,0.25,0.0,0.0,0.125,0.25,0.0,0.0,0.0,0.0,0.05,0.1,0.0015
2213,0.0,0.0,0.1,0.1,0.0,0.0,0.25,0.25,0.25,0.0,0.0,0.25,0.25,0.1,0.1,0.1,0.1,0.0,0.0,0.0015
2220,0.0,0.0,0.125,0.25,0.0,0.0,0.25,0.05,0.1,0.0,0.0,0.0,0.0,0.0,0.0,0.0,0.0,0.0,0.0,0.0015
2236,0.0,0.0,0.125,0.25,0.0,0.0,0.1,0.125,0.25,0.0,0.0,0.0,0.0,0.0,0.0,0.1,0.1,0.125,0.25,0.0015
2243,0.0,0.0,0.25,0.25,0.0,0.0,0.1,0.0,0.0,0.15,0.1,0.0,0.0,0.0,0.0,0.0,0.0,0.25,0.25,0.0015
2249,0.0,0.0,0.25,0.25,0.1,0.1,0.25,0.1,0.1,0.1,0.1,0.0,0.0,0.0,0.0,0.0,0.0,0.1,0.1,0.0015
2257,0.0,0.0,0.25,0.25,0.25,0.25,0.25,0.25,0.25,0.1,0.1,0.0,0.0,0.0,0.0,0.0,0.0,0.0,0.0,0.0015
2261,0.0,0.0,0.25,0.25,0.1,0.1,0.25,0.25,0.25,0.1,0.1,0.0,0.0,0.0,0.0,0.0,0.0,0.1,0.1,0.0015
2270,0.0,0.0,0.125,0.25,0.375,0.25,0.1,0.125,0.25,0.15,0.1,0.0,0.0,0.0,0.0,0.15,0.1,0.0,0.0,0.0015
2286,0.0,0.0,0.125,0.25,0.0,0.0,0.25,0.125,0.25,0.15,0.1,0.0,0.0,0.15,0.1,0.15,0.1,0.125,0.25,0.0015
2293,0.0,0.0,0.25,0.25,0.1,0.1,0.1,0.1,0.1,0.25,0.25,0.0,0.0,0.0,0.0,0.0,0.0,0.25,0.25,0.0015
2300,0.0,0.0,0.125,0.25,0.1,0.1,0.25,0.125,0.25,0.25,0.25,0.0,0.0,0.0,0.0,0.0,0.0,0.125,0.25,0.0015
2308,0.0,0.0,0.125,0.25,0.0,0.0,0.25,0.05,0.1,0.0,0.0,0.05,0.1,0.0,0.0,0.0,0.0,0.05,0.1,0.0015
2316,0.0,0.0,0.125,0.25,0.25,0.25,0.25,0.125,0.25,0.0,0.0,0.05,0.1,0.1,0.1,0.0,0.0,0.0,0.0,0.0015
2323,0.0,0.0,0.25,0.25,0.15,0.1,0.25,0.25,0.25,0.0,0.0,0.1,0.1,0.15,0.1,0.0,0.0,0.1,0.1,0.0015
2331,0.0,0.0,0.25,0.25,0.0,0.0,0.1,0.1,0.1,0.0,0.0,0.1,0.1,0.0,0.0,0.15,0.1,0.1,0.1,0.0015
2340,0.0,0.0,0.125,0.25,0.1,0.1,0.25,0.125,0.25,0.0,0.0,0.05,0.1,0.0,0.0,0.1,0.1,0.125,0.25,0.0015
2347,0.0,0.0,0.25,0.25,0.0,0.0,0.25,0.25,0.25,0.0,0.0,0.1,0.1,0.15,0.1,0.15,0.1,0.0,0.0,0.0015
2354,0.0,0.0,0.125,0.25,0.375,0.25,0.1,0.05,0.1,0.15,0.1,0.05,0.1,0.0,0.0,0.0,0.0,0.05,0.1,0.0015
2362,0.0,0.0,0.125,0.25,0.375,0.25,0.25,0.125,0.25,0.15,0.1,0.05,0.1,0.0,0.0,0.0,0.0,0.125,0.25,0.0015
2370,0.0,0.0,0.125,0.25,0.0,0.0,0.25,0.05,0.1,0.15,0.1,0.05,0.1,0.0,0.0,0.15,0.1,0.05,0.1,0.0015
2379,0.0,0.0,0.25,0.25,0.375,0.25,0.1,0.25,0.25,0.15,0.1,0.1,0.1,0.0,0.0,0.15,0.1,0.1,0.1,0.0015
2393,0.0,0.0,0.25,0.25,0.0,0.0,0.25,0.1,0.1,0.25,0.25,0.1,0.1,0.0,0.0,0.0,0.0,0.1,0.1,0.0015
2400,0.0,0.0,0.125,0.25,0.1,0.1,0.1,0.125,0.25,0.25,0.25,0.05,0.1,0.0,0.0,0.0,0.0,0.05,0.1,0.0015
2407,0.0,0.0,0.25,0.25,0.0,0.0,0.1,0.25,0.25,0.375,0.25,0.1,0.1,0.0,0.0,0.0,0.0,0.25,0.25,0.0015
2415,0.0,0.0,0.25,0.25,0.375,0.25,0.25,0.1,0.1,0.0,0.0,0.25,0.25,0.0,0.0,0.0,0.0,0.1,0.1,0.0015
2422,0.0,0.0,0.125,0.25,0.0,0.0,0.25,0.05,0.1,0.0,0.0,0.125,0.25,0.15,0.1,0.0,0.0,0.0,0.0,0.0015
2429,0.0,0.0,0.25,0.25,0.0,0.0,0.1,0.1,0.1,0.0,0.0,0.25,0.25,0.0,0.0,0.1,0.1,0.0,0.0,0.0015
2441,0.0,0.0,0.25,0.25,0.1,0.1,0.25,0.1,0.1,0.0,0.0,0.25,0.25,0.0,0.0,0.1,0.1,0.25,0.25,0.0015
2450,0.0,0.0,0.125,0.25,0.375,0.25,0.0,0.125,0.25,0.0,0.0,0.125,0.25,0.0,0.0,0.15,0.1,0.05,0.1,0.0015
2462,0.0,0.0,0.125,0.25,0.15,0.1,0.25,0.125,0.25,0.0,0.0,0.125,0.25,0.15,0.1,0.15,0.1,0.125,0.25,0.0015
2471,0.0,0.0,0.25,0.25,0.15,0.1,0.25,0.1,0.1,0.15,0.1,0.25,0.25,0.0,0.0,0.0,0.0,0.0,0.0,0.0015
2478,0.0,0.0,0.125,0.25,0.375,0.25,0.1,0.05,0.1,0.15,0.1,0.125,0.25,0.0,0.0,0.0,0.0,0.125,0.25,0.0015
2485,0.0,0.0,0.25,0.25,0.0,0.0,0.25,0.25,0.25,0.1,0.1,0.25,0.25,0.0,0.0,0.0,0.0,0.1,0.1,0.0015
2497,0.0,0.0,0.25,0.25,0.25,0.25,0.25,0.25,0.25,0.1,0.1,0.25,0.25,0.0,0.0,0.1,0.1,0.0,0.0,0.0015
2510,0.0,0.0,0.125,0.25,0.375,0.25,0.25,0.05,0.1,0.375,0.25,0.125,0.25,0.0,0.0,0.0,0.0,0.05,0.1,0.0015
2517,0.0,0.0,0.25,0.25,0.25,0.25,0.25,0.25,0.25,0.25,0.25,0.25,0.25,0.0,0.0,0.0,0.0,0.1,0.1,0.0015
2522,0.0,0.0,0.125,0.25,0.15,0.1,0.25,0.125,0.25,0.375,0.25,0.125,0.25,0.0,0.0,0.0,0.0,0.125,0.25,0.0015
