43,0.0,0.0,0.25,0.25,0.0,0.0,0.25,0.0,0.0,0.0,0.0,0.0,0.0,0.0,0.0,0.0,0.0,0.1,0.1,0.0015
50,0.0,0.0,0.125,0.25,0.0,0.0,0.25,0.05,0.1,0.0,0.0,0.0,0.0,0.15,0.1,0.0,0.0,0.125,0.25,0.0015
57,0.0,0.0,0.25,0.25,0.25,0.25,0.1,0.25,0.25,0.0,0.0,0.0,0.0,0.0,0.0,0.0,0.0,0.1,0.1,0.0015
64,0.0,0.0,0.125,0.25,0.1,0.1,0.1,0.0,0.0,0.1,0.1,0.0,0.0,0.0,0.0,0.0,0.0,0.125,0.25,0.0015
71,0.0,0.0,0.25,0.25,0.15,0.1,0.25,0.25,0.25,0.15,0.1,0.0,0.0,0.0,0.0,0.0,0.0,0.0,0.0,0.0015
77,0.0,0.0,0.25,0.25,0.25,0.25,0.25,0.1,0.1,0.1,0.1,0.0,0.0,0.0,0.0,0.1,0.1,0.0,0.0,0.0015
91,0.0,0.0,0.25,0.25,0.0,0.0,0.25,0.25,0.25,0.15,0.1,0.0,0.0,0.0,0.0,0.15,0.1,0.0,0.0,0.0015
111,0.0,0.0,0.25,0.25,0.15,0.1,0.25,0.0,0.0,0.0,0.0,0.1,0.1,0.0,0.0,0.0,0.0,0.0,0.0,0.0015
118,0.0,0.0,0.125,0.25,0.375,0.25,0.25,0.05,0.1,0.0,0.0,0.05,0.1,0.0,0.0,0.0,0.0,0.05,0.1,0.0015
125,0.0,0.0,0.25,0.25,0.0,0.0,0.25,0.1,0.1,0.0,0.0,0.1,0.1,0.1,0.1,0.0,0.0,0.0,0.0,0.0015
132,0.0,0.0,0.125,0.25,0.1,0.1,0.25,0.125,0.25,0.0,0.0,0.05,0.1,0.0,0.0,0.0,0.0,0.125,0.25,0.0015
139,0.0,0.0,0.25,0.25,0.0,0.0,0.25,0.25,0.25,0.0,0.0,0.1,0.1,0.15,0.1,0.0,0.0,0.0,0.0,0.0015
146,0.0,0.0,0.125,0.25,0.15,0.1,0.25,0.05,0.1,0.0,0.0,0.05,0.1,0.0,0.0,0.15,0.1,0.125,0.25,0.0015
156,0.0,0.0,0.125,0.25,0.0,0.0,0.25,0.0,0.0,0.1,0.1,0.05,0.1,0.0,0.0,0.0,0.0,0.125,0.25,0.0015
163,0.0,0.0,0.25,0.25,0.375,0.25,0.25,0.1,0.1,0.15,0.1,0.1,0.1,0.0,0.0,0.0,0.0,0.25,0.25,0.0015
171,0.0,0.0,0.25,0.25,0.15,0.1,0.1,0.25,0.25,0.15,0.1,0.1,0.1,0.0,0.0,0.0,0.0,0.25,0.25,0.0015
177,0.0,0.0,0.25,0.25,0.1,0.1,0.25,0.1,0.1,0.25,0.25,0.1,0.1,0.0,0.0,0.0,0.0,0.1,0.1,0.0015
186,0.0,0.0,0.125,0.25,0.15,0.1,0.25,0.125,0.25,0.375,0.25,0.05,0.1,0.0,0.0,0.0,0.0,0.0,0.0,0.0015
193,0.0,0.0,0.25,0.25,0.25,0.25,0.1,0.25,0.25,0.25,0.25,0.1,0.1,0.0,0.0,0.0,0.0,0.25,0.25,0.0015
201,0.1,0.1,0.25,0.25,0.0,0.0,0.25,0.0,0.0,0.0,0.0,0.25,0.25,0.0,0.0,0.0,0.0,0.25,0.25,0.0015
208,0.0,0.0,0.125,0.25,0.1,0.1,0.25,0.05,0.1,0.0,0.0,0.125,0.25,0.1,0.1,0.0,0.0,0.0,0.0,0.0015
215,0.0,0.0,0.25,0.25,0.375,0.25,0.25,0.25,0.25,0.0,0.0,0.25,0.25,0.15,0.1,0.0,0.0,0.0,0.0,0.0015
222,0.0,0.0,0.125,0.25,0.0,0.0,0.25,0.0,0.0,0.0,0.0,0.125,0.25,0.0,0.0,0.15,0.1,0.05,0.1,0.0015
230,0.0,0.0,0.125,0.25,0.375,0.25,0.1,0.125,0.25,0.0,0.0,0.125,0.25,0.0,0.0,0.15,0.1,0.0,0.0,0.0015
238,0.0,0.0,0.125,0.25,0.15,0.1,0.0,0.125,0.25,0.0,0.0,0.125,0.25,0.0,0.0,0.15,0.1,0.125,0.25,0.0015
246,0.15,0.1,0.125,0.25,0.375,0.25,0.1,0.125,0.25,0.0,0.0,0.125,0.25,0.0,0.0,0.15,0.1,0.125,0.25,0.0015
254,0.0,0.0,0.125,0.25,0.375,0.25,0.25,0.125,0.25,0.15,0.1,0.125,0.25,0.0,0.0,0.0,0.0,0.0,0.0,0.0015
262,0.0,0.0,0.125,0.25,0.0,0.0,0.25,0.125,0.25,0.15,0.1,0.125,0.25,0.0,0.0,0.0,0.0,0.125,0.25,0.0015
271,0.0,0.0,0.25,0.25,0.15,0.1,0.25,0.25,0.25,0.15,0.1,0.25,0.25,0.0,0.0,0.15,0.1,0.25,0.25,0.0015
280,0.0,0.0,0.125,0.25,0.0,0.0,0.1,0.0,0.0,0.25,0.25,0.125,0.25,0.0,0.0,0.0,0.0,0.125,0.25,0.0015
289,0.0,0.0,0.25,0.25,0.1,0.1,0.25,0.1,0.1,0.25,0.25,0.25,0.25,0.0,0.0,0.0,0.0,0.1,0.1,0.0015
301,0.0,0.0,0.25,0.25,0.25,0.25,0.25,0.25,0.25,0.25,0.25,0.25,0.25,0.0,0.0,0.0,0.0,0.25,0.25,0.0015
307,0.0,0.0,0.0,0.0,0.15,0.1,0.25,0.25,0.25,0.0,0.0,0.25,0.25,0.0,0.0,0.0,0.0,0.1,0.1,0.0015
315,0.0,0.0,0.1,0.1,0.0,0.0,0.25,0.0,0.0,0.0,0.0,0.0,0.0,0.0,0.0,0.0,0.0,0.25,0.25,0.0015
324,0.0,0.0,0.05,0.1,0.1,0.1,0.25,0.125,0.25,0.0,0.0,0.05,0.1,0.0,0.0,0.0,0.0,0.0,0.0,0.0015
334,0.0,0.0,0.05,0.1,0.375,0.25,0.25,0.0,0.0,0.0,0.0,0.125,0.25,0.0,0.0,0.0,0.0,0.0,0.0,0.0015
341,0.0,0.0,0.1,0.1,0.1,0.1,0.25,0.25,0.25,0.0,0.0,0.25,0.25,0.1,0.1,0.0,0.0,0.0,0.0,0.0015
346,0.0,0.0,0.05,0.1,0.0,0.0,0.25,0.125,0.25,0.0,0.0,0.125,0.25,0.0,0.0,0.15,0.1,0.0,0.0,0.0015
354,0.0,0.0,0.05,0.1,0.0,0.0,0.25,0.125,0.25,0.15,0.1,0.125,0.25,0.0,0.0,0.0,0.0,0.125,0.25,0.0015
363,0.0,0.0,0.25,0.25,0.375,0.25,0.25,0.0,0.0,0.0,0.0,0.0,0.0,0.0,0.0,0.0,0.0,0.0,0.0,0.0015
370,0.0,0.0,0.125,0.25,0.0,0.0,0.25,0.0,0.0,0.0,0.0,0.0,0.0,0.0,0.0,0.0,0.0,0.125,0.25,0.0015
377,0.0,0.0,0.25,0.25,0.0,0.0,0.25,0.1,0.1,0.0,0.0,0.0,0.0,0.0,0.0,0.0,0.0,0.1,0.1,0.0015
385,0.0,0.0,0.25,0.25,0.1,0.1,0.0,0.25,0.25,0.0,0.0,0.0,0.0,0.0,0.0,0.0,0.0,0.0,0.0,0.0015
391,0.0,0.0,0.25,0.25,0.375,0.25,0.25,0.25,0.25,0.0,0.0,0.0,0.0,0.0,0.0,0.0,0.0,0.1,0.1,0.0015
398,0.0,0.0,0.125,0.25,0.0,0.0,0.25,0.125,0.25,0.0,0.0,0.0,0.0,0.15,0.1,0.0,0.0,0.0,0.0,0.0015
406,0.0,0.0,0.125,0.25,0.0,0.0,0.25,0.0,0.0,0.15,0.1,0.0,0.0,0.0,0.0,0.0,0.0,0.125,0.25,0.0015
413,0.0,0.0,0.25,0.25,0.1,0.1,0.1,0.1,0.1,0.1,0.1,0.0,0.0,0.0,0.0,0.0,0.0,0.25,0.25,0.0015
423,0.0,0.0,0.25,0.25,0.0,0.0,0.25,0.1,0.1,0.15,0.1,0.0,0.0,0.0,0.0,0.15,0.1,0.0,0.0,0.0015
432,0.0,0.0,0.125,0.25,0.1,0.1,0.25,0.05,0.1,0.25,0.25,0.0,0.0,0.0,0.0,0.0,0.0,0.05,0.1,0.0015
438,0.0,0.0,0.125,0.25,0.15,0.1,0.25,0.05,0.1,0.375,0.25,0.0,0.0,0.0,0.0,0.0,0.0,0.125,0.25,0.0015
446,0.0,0.0,0.125,0.25,0.15,0.1,0.1,0.125,0.25,0.375,0.25,0.0,0.0,0.0,0.0,0.0,0.0,0.125,0.25,0.0015
459,0.0,0.0,0.25,0.25,0.15,0.1,0.25,0.1,0.1,0.0,0.0,0.1,0.1,0.0,0.0,0.0,0.0,0.1,0.1,0.0015
468,0.1,0.1,0.125,0.25,0.1,0.1,0.1,0.125,0.25,0.0,0.0,0.05,0.1,0.0,0.0,0.0,0.0,0.05,0.1,0.0015
477,0.0,0.0,0.25,0.25,0.0,0.0,0.1,0.25,0.25,0.0,0.0,0.1,0.1,0.0,0.0,0.1,0.1,0.25,0.25,0.0015
485,0.0,0.0,0.25,0.25,0.25,0.25,0.25,0.25,0.25,0.1,0.1,0.1,0.1,0.0,0.0,0.0,0.0,0.0,0.0,0.0015
490,0.0,0.0,0.125,0.25,0.15,0.1,0.25,0.125,0.25,0.15,0.1,0.05,0.1,0.0,0.0,0.0,0.0,0.05,0.1,0.0015
508,0.0,0.0,0.125,0.25,0.25,0.25,0.1,0.0,0.0,0.25,0.25,0.05,0.1,0.0,0.0,0.0,0.0,0.125,0.25,0.0015
517,0.0,0.0,0.25,0.25,0.25,0.25,0.1,0.1,0.1,0.25,0.25,0.1,0.1,0.0,0.0,0.0,0.0,0.1,0.1,0.0015
528,0.0,0.0,0.125,0.25,0.1,0.1,0.25,0.125,0.25,0.25,0.25,0.05,0.1,0.0,0.0,0.0,0.0,0.125,0.25,0.0015
536,0.0,0.0,0.125,0.25,0.1,0.1,0.1,0.0,0.0,0.0,0.0,0.125,0.25,0.0,0.0,0.0,0.0,0.125,0.25,0.0015
543,0.0,0.0,0.25,0.25,0.0,0.0,0.25,0.1,0.1,0.0,0.0,0.25,0.25,0.0,0.0,0.0,0.0,0.0,0.0,0.0015
554,0.0,0.0,0.125,0.25,0.15,0.1,0.25,0.125,0.25,0.0,0.0,0.125,0.25,0.15,0.1,0.0,0.0,0.0,0.0,0.0015
561,0.0,0.0,0.25,0.25,0.1,0.1,0.25,0.0,0.0,0.0,0.0,0.25,0.25,0.0,0.0,0.1,0.1,0.1,0.1,0.0015
569,0.0,0.0,0.25,0.25,0.1,0.1,0.25,0.1,0.1,0.0,0.0,0.25,0.25,0.0,0.0,0.1,0.1,0.0,0.0,0.0015
577,0.0,0.0,0.25,0.25,0.0,0.0,0.25,0.1,0.1,0.0,0.0,0.25,0.25,0.0,0.0,0.1,0.1,0.25,0.25,0.0015
585,0.0,0.0,0.25,0.25,0.25,0.25,0.1,0.25,0.25,0.0,0.0,0.25,0.25,0.0,0.0,0.1,0.1,0.1,0.1,0.0015
592,0.0,0.0,0.125,0.25,0.25,0.25,0.1,0.0,0.0,0.1,0.1,0.125,0.25,0.0,0.0,0.0,0.0,0.05,0.1,0.0015
598,0.0,0.0,0.125,0.25,0.15,0.1,0.1,0.0,0.0,0.15,0.1,0.125,0.25,0.0,0.0,0.0,0.0,0.125,0.25,0.0015
604,0.0,0.0,0.125,0.25,0.25,0.25,0.1,0.125,0.25,0.1,0.1,0.125,0.25,0.0,0.0,0.1,0.1,0.0,0.0,0.0015
614,0.0,0.0,0.125,0.25,0.0,0.0,0.25,0.125,0.25,0.15,0.1,0.125,0.25,0.0,0.0,0.375,0.25,0.125,0.25,0.0015
625,0.0,0.0,0.25,0.25,0.25,0.25,0.1,0.25,0.25,0.25,0.25,0.25,0.25,0.0,0.0,0.0,0.0,0.25,0.25,0.0015
632,0.0,0.0,0.0,0.0,0.0,0.0,0.25,0.05,0.1,0.0,0.0,0.125,0.25,0.0,0.0,0.0,0.0,0.125,0.25,0.0015
640,0.0,0.0,0.05,0.1,0.0,0.0,0.25,0.05,0.1,0.0,0.0,0.0,0.0,0.0,0.0,0.0,0.0,0.125,0.25,0.0015
648,0.0,0.0,0.05,0.1,0.0,0.0,0.25,0.125,0.25,0.0,0.0,0.05,0.1,0.0,0.0,0.0,0.0,0.0,0.0,0.0015
656,0.0,0.0,0.05,0.1,0.25,0.25,0.25,0.05,0.1,0.0,0.0,0.125,0.25,0.0,0.0,0.0,0.0,0.125,0.25,0.0015
664,0.0,0.0,0.05,0.1,0.0,0.0,0.25,0.125,0.25,0.0,0.0,0.125,0.25,0.0,0.0,0.0,0.0,0.05,0.1,0.0015
673,0.0,0.0,0.1,0.1,0.25,0.25,0.25,0.25,0.25,0.1,0.1,0.25,0.25,0.0,0.0,0.1,0.1,0.25,0.25,0.0015
680,0.0,0.0,0.125,0.25,0.25,0.25,0.25,0.05,0.1,0.0,0.0,0.0,0.0,0.0,0.0,0.0,0.0,0.125,0.25,0.0015
687,0.0,0.0,0.25,0.25,0.0,0.0,0.25,0.1,0.1,0.0,0.0,0.0,0.0,0.15,0.1,0.0,0.0,0.1,0.1,0.0015
697,0.0,0.0,0.25,0.25,0.0,0.0,0.25,0.25,0.25,0.0,0.0,0.0,0.0,0.1,0.1,0.0,0.0,0.1,0.1,0.0015
701,0.0,0.0,0.25,0.25,0.1,0.1,0.25,0.1,0.1,0.1,0.1,0.0,0.0,0.0,0.0,0.0,0.0,0.25,0.25,0.0015
720,0.0,0.0,0.125,0.25,0.1,0.1,0.25,0.125,0.25,0.1,0.1,0.0,0.0,0.0,0.0,0.1,0.1,0.125,0.25,0.0015
727,0.0,0.0,0.25,0.25,0.15,0.1,0.1,0.1,0.1,0.375,0.25,0.0,0.0,0.0,0.0,0.0,0.0,0.1,0.1,0.0015
744,0.0,0.0,0.125,0.25,0.1,0.1,0.25,0.125,0.25,0.0,0.0,0.05,0.1,0.0,0.0,0.0,0.0,0.0,0.0,0.0015
748,0.0,0.0,0.125,0.25,0.0,0.0,0.25,0.125,0.25,0.0,0.0,0.05,0.1,0.0,0.0,0.0,0.0,0.05,0.1,0.0015
757,0.0,0.0,0.25,0.25,0.0,0.0,0.25,0.1,0.1,0.0,0.0,0.1,0.1,0.0,0.0,0.1,0.1,0.25,0.25,0.0015
767,0.0,0.0,0.25,0.25,0.375,0.25,0.25,0.1,0.1,0.15,0.1,0.1,0.1,0.0,0.0,0.0,0.0,0.1,0.1,0.0015
776,0.0,0.0,0.125,0.25,0.25,0.25,0.25,0.125,0.25,0.1,0.1,0.05,0.1,0.0,0.0,0.0,0.0,0.05,0.1,0.0015
783,0.0,0.0,0.25,0.25,0.15,0.1,0.25,0.25,0.25,0.15,0.1,0.1,0.1,0.0,0.0,0.0,0.0,0.25,0.25,0.0015
796,0.0,0.0,0.125,0.25,0.0,0.0,0.1,0.0,0.0,0.25,0.25,0.05,0.1,0.0,0.0,0.0,0.0,0.125,0.25,0.0015
806,0.0,0.0,0.125,0.25,0.15,0.1,0.1,0.05,0.1,0.375,0.25,0.05,0.1,0.0,0.0,0.0,0.0,0.125,0.25,0.0015
817,0.0,0.0,0.25,0.25,0.1,0.1,0.1,0.0,0.0,0.0,0.0,0.25,0.25,0.0,0.0,0.0,0.0,0.1,0.1,0.0015
825,0.0,0.0,0.25,0.25,0.25,0.25,0.25,0.25,0.25,0.0,0.0,0.25,0.25,0.0,0.0,0.0,0.0,0.0,0.0,0.0015
830,0.0,0.0,0.125,0.25,0.15,0.1,0.25,0.125,0.25,0.0,0.0,0.125,0.25,0.0,0.0,0.0,0.0,0.05,0.1,0.0015
838,0.15,0.1,0.125,0.25,0.0,0.0,0.25,0.125,0.25,0.0,0.0,0.125,0.25,0.0,0.0,0.0,0.0,0.125,0.25,0.0015
845,0.0,0.0,0.25,0.25,0.25,0.25,0.0,0.1,0.1,0.0,0.0,0.25,0.25,0.0,0.0,0.1,0.1,0.1,0.1,0.0015
853,0.0,0.0,0.25,0.25,0.1,0.1,0.0,0.25,0.25,0.0,0.0,0.25,0.25,0.0,0.0,0.1,0.1,0.0,0.0,0.0015
863,0.0,0.0,0.25,0.25,0.375,0.25,0.25,0.25,0.25,0.0,0.0,0.25,0.25,0.0,0.0,0.15,0.1,0.1,0.1,0.0015
873,0.1,0.1,0.25,0.25,0.1,0.1,0.1,0.25,0.25,0.0,0.0,0.25,0.25,0.0,0.0,0.1,0.1,0.25,0.25,0.0015
880,0.0,0.0,0.125,0.25,0.25,0.25,0.25,0.0,0.0,0.1,0.1,0.125,0.25,0.0,0.0,0.0,0.0,0.125,0.25,0.0015
887,0.0,0.0,0.25,0.25,0.375,0.25,0.25,0.1,0.1,0.15,0.1,0.25,0.25,0.0,0.0,0.0,0.0,0.1,0.1,0.0015
894,0.0,0.0,0.125,0.25,0.15,0.1,0.25,0.125,0.25,0.15,0.1,0.125,0.25,0.0,0.0,0.0,0.0,0.0,0.0,0.0015
901,0.0,0.0,0.25,0.25,0.25,0.25,0.25,0.1,0.1,0.1,0.1,0.25,0.25,0.0,0.0,0.1,0.1,0.0,0.0,0.0015
910,0.0,0.0,0.125,0.25,0.375,0.25,0.25,0.125,0.25,0.15,0.1,0.125,0.25,0.0,0.0,0.15,0.1,0.05,0.1,0.0015
923,0.0,0.0,0.25,0.25,0.0,0.0,0.25,0.25,0.25,0.15,0.1,0.25,0.25,0.15,0.1,0.15,0.1,0.1,0.1,0.0015
930,0.0,0.0,0.125,0.25,0.375,0.25,0.1,0.05,0.1,0.375,0.25,0.125,0.25,0.0,0.0,0.0,0.0,0.05,0.1,0.0015
938,0.0,0.0,0.125,0.25,0.375,0.25,0.1,0.125,0.25,0.375,0.25,0.125,0.25,0.0,0.0,0.0,0.0,0.05,0.1,0.0015
946,0.0,0.0,0.125,0.25,0.375,0.25,0.25,0.125,0.25,0.375,0.25,0.125,0.25,0.15,0.1,0.0,0.0,0.125,0.25,0.0015
958,0.0,0.0,0.05,0.1,0.15,0.1,0.25,0.0,0.0,0.0,0.0,0.05,0.1,0.0,0.0,0.0,0.0,0.05,0.1,0.0015
966,0.0,0.0,0.05,0.1,0.15,0.1,0.25,0.125,0.25,0.0,0.0,0.05,0.1,0.0,0.0,0.0,0.0,0.125,0.25,0.0015
974,0.0,0.0,0.05,0.1,0.375,0.25,0.25,0.05,0.1,0.0,0.0,0.125,0.25,0.0,0.0,0.0,0.0,0.0,0.0,0.0015
982,0.0,0.0,0.05,0.1,0.0,0.0,0.25,0.05,0.1,0.0,0.0,0.125,0.25,0.0,0.0,0.0,0.0,0.125,0.25,0.0015
989,0.0,0.0,0.1,0.1,0.1,0.1,0.25,0.25,0.25,0.0,0.0,0.25,0.25,0.0,0.0,0.0,0.0,0.1,0.1,0.0015
995,0.0,0.0,0.1,0.1,0.0,0.0,0.25,0.25,0.25,0.0,0.0,0.25,0.25,0.0,0.0,0.0,0.0,0.25,0.25,0.0015
1008,0.0,0.0,0.125,0.25,0.25,0.25,0.0,0.05,0.1,0.0,0.0,0.0,0.0,0.0,0.0,0.0,0.0,0.05,0.1,0.0015
1018,0.0,0.0,0.125,0.25,0.375,0.25,0.25,0.125,0.25,0.0,0.0,0.0,0.0,0.0,0.0,0.0,0.0,0.0,0.0,0.0015
1024,0.0,0.0,0.125,0.25,0.0,0.0,0.25,0.125,0.25,0.0,0.0,0.0,0.0,0.0,0.0,0.0,0.0,0.125,0.25,0.0015
1032,0.0,0.0,0.125,0.25,0.0,0.0,0.25,0.125,0.25,0.0,0.0,0.0,0.0,0.1,0.1,0.1,0.1,0.05,0.1,0.0015
1045,0.0,0.0,0.25,0.25,0.1,0.1,0.25,0.25,0.25,0.1,0.1,0.0,0.0,0.0,0.0,0.1,0.1,0.0,0.0,0.0015
1055,0.0,0.0,0.25,0.25,0.0,0.0,0.1,0.1,0.1,0.375,0.25,0.0,0.0,0.0,0.0,0.0,0.0,0.0,0.0,0.0015
1064,0.0,0.0,0.125,0.25,0.1,0.1,0.1,0.0,0.0,0.0,0.0,0.05,0.1,0.0,0.0,0.0,0.0,0.05,0.1,0.0015
1071,0.0,0.0,0.25,0.25,0.375,0.25,0.25,0.1,0.1,0.0,0.0,0.1,0.1,0.0,0.0,0.0,0.0,0.25,0.25,0.0015
1078,0.0,0.0,0.125,0.25,0.0,0.0,0.25,0.05,0.1,0.0,0.0,0.05,0.1,0.15,0.1,0.0,0.0,0.05,0.1,0.0015
1085,0.0,0.0,0.25,0.25,0.1,0.1,0.25,0.25,0.25,0.0,0.0,0.1,0.1,0.0,0.0,0.0,0.0,0.1,0.1,0.0015
1091,0.0,0.0,0.25,0.25,0.0,0.0,0.25,0.25,0.25,0.0,0.0,0.1,0.1,0.0,0.0,0.0,0.0,0.25,0.25,0.0015
1101,0.0,0.0,0.25,0.25,0.1,0.1,0.1,0.1,0.1,0.0,0.0,0.1,0.1,0.0,0.0,0.1,0.1,0.25,0.25,0.0015
1109,0.0,0.0,0.25,0.25,0.1,0.1,0.25,0.0,0.0,0.1,0.1,0.1,0.1,0.0,0.0,0.0,0.0,0.25,0.25,0.0015
1116,0.0,0.0,0.125,0.25,0.0,0.0,0.25,0.05,0.1,0.1,0.1,0.05,0.1,0.0,0.0,0.0,0.0,0.05,0.1,0.0015
1124,0.0,0.0,0.125,0.25,0.25,0.25,0.0,0.125,0.25,0.1,0.1,0.05,0.1,0.0,0.0,0.0,0.0,0.05,0.1,0.0015
1137,0.0,0.0,0.25,0.25,0.0,0.0,0.25,0.25,0.25,0.1,0.1,0.1,0.1,0.1,0.1,0.1,0.1,0.0,0.0,0.0015
1148,0.0,0.0,0.125,0.25,0.25,0.25,0.25,0.05,0.1,0.25,0.25,0.05,0.1,0.0,0.0,0.0,0.0,0.125,0.25,0.0015
1155,0.0,0.0,0.25,0.25,0.0,0.0,0.1,0.0,0.0,0.0,0.0,0.25,0.25,0.0,0.0,0.0,0.0,0.1,0.1,0.0015
1162,0.15,0.1,0.125,0.25,0.15,0.1,0.25,0.0,0.0,0.0,0.0,0.125,0.25,0.0,0.0,0.0,0.0,0.125,0.25,0.0015
1173,0.0,0.0,0.25,0.25,0.25,0.25,0.0,0.25,0.25,0.0,0.0,0.25,0.25,0.0,0.0,0.0,0.0,0.25,0.25,0.0015
1184,0.0,0.0,0.125,0.25,0.25,0.25,0.1,0.05,0.1,0.0,0.0,0.125,0.25,0.0,0.0,0.1,0.1,0.05,0.1,0.0015
1191,0.0,0.0,0.25,0.25,0.15,0.1,0.25,0.1,0.1,0.0,0.0,0.25,0.25,0.15,0.1,0.15,0.1,0.25,0.25,0.0015
1202,0.0,0.0,0.125,0.25,0.375,0.25,0.1,0.125,0.25,0.0,0.0,0.125,0.25,0.0,0.0,0.15,0.1,0.125,0.25,0.0015
1210,0.0,0.0,0.125,0.25,0.15,0.1,0.25,0.0,0.0,0.15,0.1,0.125,0.25,0.0,0.0,0.0,0.0,0.05,0.1,0.0015
1217,0.0,0.0,0.25,0.25,0.25,0.25,0.25,0.1,0.1,0.1,0.1,0.25,0.25,0.0,0.0,0.0,0.0,0.0,0.0,0.0015
1224,0.0,0.0,0.125,0.25,0.0,0.0,0.25,0.05,0.1,0.1,0.1,0.125,0.25,0.0,0.0,0.0,0.0,0.125,0.25,0.0015
1230,0.0,0.0,0.125,0.25,0.375,0.25,0.25,0.125,0.25,0.15,0.1,0.125,0.25,0.0,0.0,0.0,0.0,0.05,0.1,0.0015
1254,0.0,0.0,0.125,0.25,0.15,0.1,0.1,0.05,0.1,0.375,0.25,0.125,0.25,0.0,0.0,0.0,0.0,0.05,0.1,0.0015
1267,0.0,0.0,0.1,0.1,0.0,0.0,0.25,0.0,0.0,0.0,0.0,0.1,0.1,0.0,0.0,0.0,0.0,0.1,0.1,0.0015
1274,0.0,0.0,0.05,0.1,0.0,0.0,0.25,0.125,0.25,0.0,0.0,0.05,0.1,0.0,0.0,0.0,0.0,0.125,0.25,0.0015
1282,0.0,0.0,0.05,0.1,0.15,0.1,0.25,0.05,0.1,0.0,0.0,0.125,0.25,0.0,0.0,0.0,0.0,0.0,0.0,0.0015
1290,0.0,0.0,0.05,0.1,0.15,0.1,0.1,0.125,0.25,0.0,0.0,0.125,0.25,0.0,0.0,0.0,0.0,0.125,0.25,0.0015
1299,0.0,0.0,0.1,0.1,0.375,0.25,0.25,0.25,0.25,0.15,0.1,0.25,0.25,0.0,0.0,0.15,0.1,0.1,0.1,0.0015
1307,0.0,0.0,0.1,0.1,0.0,0.0,0.1,0.25,0.25,0.375,0.25,0.25,0.25,0.0,0.0,0.0,0.0,0.25,0.25,0.0015
1314,0.0,0.0,0.125,0.25,0.15,0.1,0.1,0.05,0.1,0.0,0.0,0.0,0.0,0.0,0.0,0.0,0.0,0.0,0.0,0.0015
1325,0.0,0.0,0.25,0.25,0.0,0.0,0.25,0.25,0.25,0.0,0.0,0.0,0.0,0.0,0.0,0.0,0.0,0.1,0.1,0.0015
1332,0.0,0.0,0.125,0.25,0.1,0.1,0.25,0.05,0.1,0.1,0.1,0.0,0.0,0.0,0.0,0.1,0.1,0.125,0.25,0.0015
1342,0.0,0.0,0.125,0.25,0.375,0.25,0.1,0.125,0.25,0.15,0.1,0.0,0.0,0.0,0.0,0.15,0.1,0.125,0.25,0.0015
1349,0.0,0.0,0.25,0.25,0.25,0.25,0.1,0.1,0.1,0.25,0.25,0.0,0.0,0.0,0.0,0.0,0.0,0.25,0.25,0.0015
1355,0.0,0.0,0.25,0.25,0.15,0.1,0.25,0.25,0.25,0.375,0.25,0.0,0.0,0.0,0.0,0.0,0.0,0.0,0.0,0.0015
1362,0.0,0.0,0.125,0.25,0.15,0.1,0.1,0.0,0.0,0.0,0.0,0.05,0.1,0.0,0.0,0.0,0.0,0.125,0.25,0.0015
1379,0.0,0.0,0.25,0.25,0.375,0.25,0.1,0.1,0.1,0.0,0.0,0.1,0.1,0.0,0.0,0.15,0.1,0.25,0.25,0.0015
1388,0.0,0.0,0.125,0.25,0.1,0.1,0.1,0.05,0.1,0.1,0.1,0.05,0.1,0.0,0.0,0.0,0.0,0.05,0.1,0.0015
1395,0.0,0.0,0.25,0.25,0.0,0.0,0.25,0.1,0.1,0.15,0.1,0.1,0.1,0.0,0.0,0.15,0.1,0.0,0.0,0.0015
1404,0.0,0.0,0.125,0.25,0.25,0.25,0.25,0.05,0.1,0.25,0.25,0.05,0.1,0.0,0.0,0.0,0.0,0.05,0.1,0.0015
1411,0.0,0.0,0.25,0.25,0.15,0.1,0.25,0.1,0.1,0.375,0.25,0.1,0.1,0.0,0.0,0.0,0.0,0.25,0.25,0.0015
1420,0.0,0.0,0.125,0.25,0.25,0.25,0.25,0.0,0.0,0.0,0.0,0.125,0.25,0.0,0.0,0.0,0.0,0.0,0.0,0.0015
1426,0.0,0.0,0.125,0.25,0.0,0.0,0.25,0.0,0.0,0.0,0.0,0.125,0.25,0.0,0.0,0.0,0.0,0.125,0.25,0.0015
1434,0.0,0.0,0.125,0.25,0.15,0.1,0.25,0.125,0.25,0.0,0.0,0.125,0.25,0.0,0.0,0.0,0.0,0.0,0.0,0.0015
1445,0.1,0.1,0.25,0.25,0.25,0.25,0.25,0.25,0.25,0.0,0.0,0.25,0.25,0.0,0.0,0.0,0.0,0.25,0.25,0.0015
1451,0.0,0.0,0.25,0.25,0.375,0.25,0.25,0.0,0.0,0.0,0.0,0.25,0.25,0.0,0.0,0.15,0.1,0.1,0.1,0.0015
1459,0.0,0.0,0.25,0.25,0.15,0.1,0.1,0.1,0.1,0.0,0.0,0.25,0.25,0.0,0.0,0.15,0.1,0.0,0.0,0.0015
1468,0.0,0.0,0.125,0.25,0.0,0.0,0.1,0.125,0.25,0.0,0.0,0.125,0.25,0.0,0.0,0.1,0.1,0.05,0.1,0.0015
1481,0.0,0.0,0.25,0.25,0.0,0.0,0.25,0.0,0.0,0.1,0.1,0.25,0.25,0.0,0.0,0.0,0.0,0.1,0.1,0.0015
1488,0.0,0.0,0.125,0.25,0.25,0.25,0.25,0.05,0.1,0.1,0.1,0.125,0.25,0.0,0.0,0.0,0.0,0.125,0.25,0.0015
1505,0.0,0.0,0.25,0.25,0.0,0.0,0.25,0.1,0.1,0.1,0.1,0.25,0.25,0.0,0.0,0.25,0.25,0.25,0.25,0.0015
1512,0.0,0.0,0.125,0.25,0.1,0.1,0.1,0.0,0.0,0.25,0.25,0.125,0.25,0.0,0.0,0.0,0.0,0.125,0.25,0.0015
1520,0.0,0.0,0.125,0.25,0.0,0.0,0.25,0.05,0.1,0.25,0.25,0.125,0.25,0.0,0.0,0.0,0.0,0.05,0.1,0.0015
1529,0.0,0.0,0.25,0.25,0.1,0.1,0.25,0.25,0.25,0.25,0.25,0.25,0.25,0.0,0.0,0.0,0.0,0.1,0.1,0.0015
1535,0.0,0.0,0.25,0.25,0.0,0.0,0.25,0.25,0.25,0.375,0.25,0.25,0.25,0.0,0.0,0.0,0.0,0.25,0.25,0.0015
1546,0.0,0.0,0.05,0.1,0.0,0.0,0.25,0.125,0.25,0.0,0.0,0.0,0.0,0.0,0.0,0.0,0.0,0.05,0.1,0.0015
1554,0.0,0.0,0.05,0.1,0.0,0.0,0.25,0.05,0.1,0.0,0.0,0.125,0.25,0.0,0.0,0.0,0.0,0.0,0.0,0.0015
1561,0.0,0.0,0.1,0.1,0.1,0.1,0.25,0.25,0.25,0.0,0.0,0.25,0.25,0.0,0.0,0.0,0.0,0.25,0.25,0.0015
1569,0.0,0.0,0.1,0.1,0.0,0.0,0.25,0.25,0.25,0.1,0.1,0.25,0.25,0.0,0.0,0.1,0.1,0.25,0.25,0.0015
1576,0.0,0.0,0.125,0.25,0.25,0.25,0.25,0.05,0.1,0.0,0.0,0.0,0.0,0.0,0.0,0.0,0.0,0.05,0.1,0.0015
1583,0.0,0.0,0.25,0.25,0.15,0.1,0.25,0.1,0.1,0.0,0.0,0.0,0.0,0.0,0.0,0.0,0.0,0.25,0.25,0.0015
1590,0.0,0.0,0.125,0.25,0.375,0.25,0.0,0.125,0.25,0.0,0.0,0.0,0.0,0.0,0.0,0.0,0.0,0.05,0.1,0.0015
1598,0.0,0.0,0.125,0.25,0.15,0.1,0.25,0.125,0.25,0.0,0.0,0.0,0.0,0.15,0.1,0.0,0.0,0.125,0.25,0.0015
1606,0.0,0.0,0.125,0.25,0.15,0.1,0.1,0.05,0.1,0.15,0.1,0.0,0.0,0.0,0.0,0.0,0.0,0.05,0.1,0.0015
1613,0.0,0.0,0.25,0.25,0.0,0.0,0.25,0.25,0.25,0.1,0.1,0.0,0.0,0.0,0.0,0.0,0.0,0.0,0.0,0.0015
1618,0.0,0.0,0.125,0.25,0.375,0.25,0.1,0.125,0.25,0.15,0.1,0.0,0.0,0.0,0.0,0.15,0.1,0.05,0.1,0.0015
1625,0.0,0.0,0.25,0.25,0.0,0.0,0.25,0.1,0.1,0.25,0.25,0.0,0.0,0.0,0.0,0.0,0.0,0.25,0.25,0.0015
1633,0.0,0.0,0.25,0.25,0.1,0.1,0.25,0.0,0.0,0.0,0.0,0.1,0.1,0.0,0.0,0.0,0.0,0.1,0.1,0.0015
1642,0.0,0.0,0.125,0.25,0.375,0.25,0.25,0.05,0.1,0.0,0.0,0.05,0.1,0.15,0.1,0.0,0.0,0.0,0.0,0.0015
1650,0.0,0.0,0.125,0.25,0.375,0.25,0.1,0.125,0.25,0.0,0.0,0.05,0.1,0.0,0.0,0.0,0.0,0.0,0.0,0.0015
1662,0.0,0.0,0.125,0.25,0.15,0.1,0.1,0.05,0.1,0.0,0.0,0.05,0.1,0.0,0.0,0.15,0.1,0.0,0.0,0.0015
1670,0.0,0.0,0.125,0.25,0.0,0.0,0.0,0.125,0.25,0.0,0.0,0.05,0.1,0.0,0.0,0.15,0.1,0.125,0.25,0.0015
1677,0.0,0.0,0.25,0.25,0.0,0.0,0.1,0.0,0.0,0.1,0.1,0.1,0.1,0.0,0.0,0.0,0.0,0.25,0.25,0.0015
1684,0.0,0.0,0.125,0.25,0.1,0.1,0.25,0.05,0.1,0.1,0.1,0.05,0.1,0.0,0.0,0.0,0.0,0.05,0.1,0.0015
1691,0.0,0.0,0.25,0.25,0.0,0.0,0.25,0.1,0.1,0.15,0.1,0.1,0.1,0.0,0.0,0.0,0.0,0.25,0.25,0.0015
1705,0.0,0.0,0.25,0.25,0.1,0.1,0.25,0.25,0.25,0.1,0.1,0.1,0.1,0.0,0.0,0.1,0.1,0.1,0.1,0.0015
1713,0.0,0.0,0.25,0.25,0.25,0.25,0.25,0.25,0.25,0.1,0.1,0.1,0.1,0.1,0.1,0.1,0.1,0.25,0.25,0.0015
1722,0.0,0.0,0.125,0.25,0.0,0.0,0.1,0.05,0.1,0.375,0.25,0.05,0.1,0.0,0.0,0.0,0.0,0.125,0.25,0.0015
1729,0.0,0.0,0.25,0.25,0.1,0.1,0.0,0.25,0.25,0.25,0.25,0.1,0.1,0.0,0.0,0.1,0.1,0.0,0.0,0.0015
1738,0.0,0.0,0.125,0.25,0.375,0.25,0.25,0.05,0.1,0.0,0.0,0.125,0.25,0.0,0.0,0.0,0.0,0.0,0.0,0.0015
1746,0.0,0.0,0.125,0.25,0.0,0.0,0.25,0.05,0.1,0.0,0.0,0.125,0.25,0.0,0.0,0.0,0.0,0.125,0.25,0.0015
1753,0.0,0.0,0.25,0.25,0.25,0.25,0.25,0.0,0.0,0.0,0.0,0.25,0.25,0.0,0.0,0.1,0.1,0.25,0.25,0.0015
1761,0.0,0.0,0.25,0.25,0.1,0.1,0.1,0.1,0.1,0.0,0.0,0.25,0.25,0.0,0.0,0.1,0.1,0.1,0.1,0.0015
1768,0.0,0.0,0.125,0.25,0.0,0.0,0.25,0.05,0.1,0.0,0.0,0.125,0.25,0.1,0.1,0.1,0.1,0.05,0.1,0.0015
1775,0.0,0.0,0.25,0.25,0.375,0.25,0.0,0.25,0.25,0.0,0.0,0.25,0.25,0.0,0.0,0.15,0.1,0.0,0.0,0.0015
1785,0.0,0.0,0.25,0.25,0.1,0.1,0.25,0.0,0.0,0.1,0.1,0.25,0.25,0.0,0.0,0.0,0.0,0.25,0.25,0.0015
1792,0.0,0.0,0.125,0.25,0.1,0.1,0.1,0.05,0.1,0.1,0.1,0.125,0.25,0.0,0.0,0.0,0.0,0.125,0.25,0.0015
1799,0.0,0.0,0.25,0.25,0.375,0.25,0.25,0.25,0.25,0.15,0.1,0.25,0.25,0.0,0.0,0.0,0.0,0.25,0.25,0.0015
1806,0.0,0.0,0.125,0.25,0.0,0.0,0.25,0.125,0.25,0.15,0.1,0.125,0.25,0.15,0.1,0.0,0.0,0.125,0.25,0.0015
1815,0.0,0.0,0.25,0.25,0.375,0.25,0.1,0.0,0.0,0.375,0.25,0.25,0.25,0.0,0.0,0.0,0.0,0.25,0.25,0.0015
1824,0.0,0.0,0.0,0.0,0.1,0.1,0.25,0.05,0.1,0.0,0.0,0.125,0.25,0.0,0.0,0.0,0.0,0.125,0.25,0.0015
1829,0.0,0.0,0.1,0.1,0.1,0.1,0.25,0.1,0.1,0.0,0.0,0.0,0.0,0.0,0.0,0.0,0.0,0.25,0.25,0.0015
1836,0.0,0.0,0.05,0.1,0.0,0.0,0.25,0.0,0.0,0.0,0.0,0.125,0.25,0.0,0.0,0.0,0.0,0.0,0.0,0.0015
1851,0.0,0.0,0.1,0.1,0.0,0.0,0.25,0.25,0.25,0.15,0.1,0.25,0.25,0.0,0.0,0.15,0.1,0.1,0.1,0.0015
1858,0.0,0.0,0.125,0.25,0.15,0.1,0.25,0.05,0.1,0.0,0.0,0.0,0.0,0.0,0.0,0.0,0.0,0.05,0.1,0.0015
1865,0.0,0.0,0.25,0.25,0.1,0.1,0.1,0.25,0.25,0.0,0.0,0.0,0.0,0.0,0.0,0.0,0.0,0.0,0.0,0.0015
1869,0.0,0.0,0.25,0.25,0.1,0.1,0.0,0.25,0.25,0.0,0.0,0.0,0.0,0.0,0.0,0.0,0.0,0.25,0.25,0.0015
1876,0.0,0.0,0.125,0.25,0.1,0.1,0.25,0.125,0.25,0.0,0.0,0.0,0.0,0.1,0.1,0.0,0.0,0.0,0.0,0.0015
1883,0.0,0.0,0.25,0.25,0.15,0.1,0.25,0.25,0.25,0.0,0.0,0.0,0.0,0.15,0.1,0.0,0.0,0.1,0.1,0.0015
1890,0.0,0.0,0.125,0.25,0.15,0.1,0.25,0.05,0.1,0.15,0.1,0.0,0.0,0.0,0.0,0.0,0.0,0.0,0.0,0.0015
1897,0.0,0.0,0.25,0.25,0.25,0.25,0.25,0.25,0.25,0.1,0.1,0.0,0.0,0.0,0.0,0.0,0.0,0.1,0.1,0.0015
1905,0.0,0.0,0.25,0.25,0.1,0.1,0.25,0.1,0.1,0.1,0.1,0.0,0.0,0.0,0.0,0.1,0.1,0.0,0.0,0.0015
1914,0.0,0.0,0.125,0.25,0.15,0.1,0.25,0.125,0.25,0.15,0.1,0.0,0.0,0.0,0.0,0.15,0.1,0.05,0.1,0.0015
1924,0.0,0.0,0.125,0.25,0.25,0.25,0.25,0.05,0.1,0.25,0.25,0.0,0.0,0.0,0.0,0.0,0.0,0.125,0.25,0.0015
1932,0.0,0.0,0.125,0.25,0.1,0.1,0.25,0.125,0.25,0.25,0.25,0.0,0.0,0.0,0.0,0.0,0.0,0.05,0.1,0.0015
1939,0.0,0.0,0.25,0.25,0.0,0.0,0.25,0.25,0.25,0.375,0.25,0.0,0.0,0.0,0.0,0.0,0.0,0.25,0.25,0.0015
1946,0.0,0.0,0.125,0.25,0.0,0.0,0.25,0.05,0.1,0.0,0.0,0.05,0.1,0.0,0.0,0.0,0.0,0.0,0.0,0.0015
1956,0.0,0.0,0.125,0.25,0.1,0.1,0.25,0.125,0.25,0.0,0.0,0.05,0.1,0.1,0.1,0.0,0.0,0.0,0.0,0.0015
1963,0.0,0.0,0.25,0.25,0.0,0.0,0.25,0.25,0.25,0.0,0.0,0.1,0.1,0.15,0.1,0.0,0.0,0.1,0.1,0.0015
1973,0.0,0.0,0.25,0.25,0.0,0.0,0.1,0.25,0.25,0.0,0.0,0.1,0.1,0.0,0.0,0.1,0.1,0.0,0.0,0.0015
1981,0.0,0.0,0.25,0.25,0.1,0.1,0.1,0.25,0.25,0.0,0.0,0.1,0.1,0.0,0.0,0.1,0.1,0.25,0.25,0.0015
1989,0.0,0.0,0.25,0.25,0.1,0.1,0.25,0.25,0.25,0.1,0.1,0.1,0.1,0.0,0.0,0.0,0.0,0.0,0.0,0.0015
1995,0.0,0.0,0.25,0.25,0.0,0.0,0.25,0.25,0.25,0.15,0.1,0.1,0.1,0.0,0.0,0.0,0.0,0.1,0.1,0.0015
2000,0.0,0.0,0.125,0.25,0.1,0.1,0.25,0.05,0.1,0.1,0.1,0.05,0.1,0.0,0.0,0.1,0.1,0.05,0.1,0.0015
2013,0.0,0.0,0.25,0.25,0.25,0.25,0.25,0.25,0.25,0.1,0.1,0.1,0.1,0.0,0.0,0.1,0.1,0.25,0.25,0.0015
2025,0.0,0.0,0.25,0.25,0.1,0.1,0.1,0.0,0.0,0.25,0.25,0.1,0.1,0.0,0.0,0.0,0.0,0.25,0.25,0.0015
2032,0.0,0.0,0.125,0.25,0.1,0.1,0.25,0.125,0.25,0.25,0.25,0.05,0.1,0.0,0.0,0.0,0.0,0.05,0.1,0.0015
2039,0.0,0.0,0.25,0.25,0.0,0.0,0.25,0.25,0.25,0.375,0.25,0.1,0.1,0.0,0.0,0.0,0.0,0.25,0.25,0.0015
2046,0.0,0.0,0.125,0.25,0.375,0.25,0.1,0.0,0.0,0.0,0.0,0.125,0.25,0.0,0.0,0.0,0.0,0.05,0.1,0.0015
2053,0.0,0.0,0.25,0.25,0.0,0.0,0.25,0.1,0.1,0.0,0.0,0.25,0.25,0.0,0.0,0.0,0.0,0.1,0.1,0.0015
2060,0.0,0.0,0.125,0.25,0.25,0.25,0.25,0.125,0.25,0.0,0.0,0.125,0.25,0.0,0.0,0.0,0.0,0.05,0.1,0.0015
2067,0.0,0.0,0.25,0.25,0.15,0.1,0.25,0.25,0.25,0.0,0.0,0.25,0.25,0.0,0.0,0.0,0.0,0.25,0.25,0.0015
2073,0.1,0.1,0.25,0.25,0.25,0.25,0.1,0.25,0.25,0.0,0.0,0.25,0.25,0.0,0.0,0.0,0.0,0.0,0.0,0.0015
2080,0.0,0.0,0.125,0.25,0.25,0.25,0.25,0.05,0.1,0.0,0.0,0.125,0.25,0.0,0.0,0.1,0.1,0.0,0.0,0.0015
2098,0.0,0.0,0.125,0.25,0.15,0.1,0.25,0.125,0.25,0.0,0.0,0.125,0.25,0.0,0.0,0.15,0.1,0.05,0.1,0.0015
2105,0.0,0.0,0.25,0.25,0.0,0.0,0.1,0.25,0.25,0.0,0.0,0.25,0.25,0.1,0.1,0.1,0.1,0.25,0.25,0.0015
2111,0.0,0.0,0.25,0.25,0.15,0.1,0.1,0.0,0.0,0.15,0.1,0.25,0.25,0.0,0.0,0.0,0.0,0.1,0.1,0.0015
2120,0.0,0.0,0.125,0.25,0.25,0.25,0.1,0.05,0.1,0.1,0.1,0.125,0.25,0.0,0.0,0.0,0.0,0.05,0.1,0.0015
2127,0.0,0.0,0.25,0.25,0.0,0.0,0.1,0.1,0.1,0.15,0.1,0.25,0.25,0.0,0.0,0.0,0.0,0.25,0.25,0.0015
2137,0.0,0.0,0.25,0.25,0.0,0.0,0.25,0.25,0.25,0.1,0.1,0.25,0.25,0.0,0.0,0.1,0.1,0.0,0.0,0.0015
2153,0.1,0.1,0.25,0.25,0.0,0.0,0.25,0.25,0.25,0.1,0.1,0.25,0.25,0.0,0.0,0.1,0.1,0.25,0.25,0.0015
2164,0.0,0.0,0.125,0.25,0.1,0.1,0.25,0.05,0.1,0.25,0.25,0.125,0.25,0.0,0.0,0.0,0.0,0.125,0.25,0.0015
2173,0.0,0.0,0.25,0.25,0.1,0.1,0.1,0.25,0.25,0.25,0.25,0.25,0.25,0.0,0.0,0.0,0.0,0.25,0.25,0.0015
2181,0.0,0.0,0.0,0.0,0.1,0.1,0.25,0.25,0.25,0.0,0.0,0.25,0.25,0.0,0.0,0.0,0.0,0.25,0.25,0.0015
2188,0.0,0.0,0.05,0.1,0.1,0.1,0.25,0.05,0.1,0.0,0.0,0.05,0.1,0.0,0.0,0.0,0.0,0.05,0.1,0.0015
2202,0.0,0.0,0.05,0.1,0.0,0.0,0.25,0.05,0.1,0.0,0.0,0.125,0.25,0.0,0.0,0.0,0.0,0.05,0.1,0.0015
2210,0.0,0.0,0.05,0.1,0.0,0.0,0.25,0.0,0.0,0.0,0.0,0.125,0.25,0.0,0.0,0.15,0.1,0.125,0.25,0.0015
2218,0.0,0.0,0.05,0.1,0.15,0.1,0.1,0.125,0.25,0.15,0.1,0.125,0.25,0.0,0.0,0.0,0.0,0.125,0.25,0.0015
2225,0.0,0.0,0.25,0.25,0.25,0.25,0.0,0.25,0.25,0.0,0.0,0.0,0.0,0.0,0.0,0.0,0.0,0.0,0.0,0.0015
2237,0.0,0.0,0.25,0.25,0.0,0.0,0.1,0.25,0.25,0.0,0.0,0.0,0.0,0.0,0.0,0.1,0.1,0.25,0.25,0.0015
2244,0.0,0.0,0.125,0.25,0.25,0.25,0.25,0.05,0.1,0.1,0.1,0.0,0.0,0.0,0.0,0.0,0.0,0.0,0.0,0.0015
2252,0.0,0.0,0.125,0.25,0.0,0.0,0.25,0.05,0.1,0.1,0.1,0.0,0.0,0.0,0.0,0.0,0.0,0.125,0.25,0.0015
2258,0.0,0.0,0.125,0.25,0.375,0.25,0.25,0.125,0.25,0.15,0.1,0.0,0.0,0.0,0.0,0.0,0.0,0.0,0.0,0.0015
2266,0.0,0.0,0.125,0.25,0.0,0.0,0.25,0.125,0.25,0.15,0.1,0.0,0.0,0.0,0.0,0.0,0.0,0.125,0.25,0.0015
2274,0.0,0.0,0.125,0.25,0.0,0.0,0.1,0.125,0.25,0.15,0.1,0.0,0.0,0.0,0.0,0.15,0.1,0.05,0.1,0.0015
2288,0.0,0.0,0.125,0.25,0.25,0.25,0.1,0.05,0.1,0.25,0.25,0.0,0.0,0.0,0.0,0.0,0.0,0.05,0.1,0.0015
2295,0.0,0.0,0.25,0.25,0.15,0.1,0.1,0.1,0.1,0.375,0.25,0.0,0.0,0.0,0.0,0.0,0.0,0.25,0.25,0.0015
2304,0.0,0.0,0.125,0.25,0.1,0.1,0.25,0.05,0.1,0.0,0.0,0.05,0.1,0.0,0.0,0.0,0.0,0.0,0.0,0.0015
2311,0.0,0.0,0.25,0.25,0.0,0.0,0.25,0.1,0.1,0.0,0.0,0.1,0.1,0.0,0.0,0.0,0.0,0.1,0.1,0.0015
2318,0.0,0.0,0.125,0.25,0.375,0.25,0.25,0.125,0.25,0.0,0.0,0.05,0.1,0.15,0.1,0.0,0.0,0.0,0.0,0.0015
2325,0.0,0.0,0.25,0.25,0.0,0.0,0.25,0.0,0.0,0.0,0.0,0.1,0.1,0.0,0.0,0.1,0.1,0.25,0.25,0.0015
2333,0.0,0.0,0.25,0.25,0.0,0.0,0.0,0.1,0.1,0.0,0.0,0.1,0.1,0.0,0.0,0.1,0.1,0.25,0.25,0.0015
2342,0.0,0.0,0.125,0.25,0.15,0.1,0.25,0.125,0.25,0.0,0.0,0.05,0.1,0.0,0.0,0.15,0.1,0.125,0.25,0.0015
2350,0.0,0.0,0.125,0.25,0.0,0.0,0.25,0.05,0.1,0.15,0.1,0.05,0.1,0.0,0.0,0.0,0.0,0.0,0.0,0.0015
2356,0.0,0.0,0.125,0.25,0.1,0.1,0.1,0.05,0.1,0.1,0.1,0.05,0.1,0.0,0.0,0.0,0.0,0.125,0.25,0.0015
2364,0.0,0.0,0.125,0.25,0.1,0.1,0.25,0.05,0.1,0.1,0.1,0.05,0.1,0.0,0.0,0.1,0.1,0.0,0.0,0.0015
2371,0.0,0.0,0.25,0.25,0.0,0.0,0.25,0.1,0.1,0.15,0.1,0.1,0.1,0.0,0.0,0.15,0.1,0.1,0.1,0.0015
2381,0.0,0.0,0.25,0.25,0.1,0.1,0.25,0.25,0.25,0.1,0.1,0.1,0.1,0.1,0.1,0.1,0.1,0.25,0.25,0.0015
2394,0.0,0.0,0.125,0.25,0.0,0.0,0.25,0.05,0.1,0.375,0.25,0.05,0.1,0.0,0.0,0.0,0.0,0.05,0.1,0.0015
2401,0.0,0.0,0.25,0.25,0.1,0.1,0.1,0.25,0.25,0.25,0.25,0.1,0.1,0.0,0.0,0.0,0.0,0.1,0.1,0.0015
2409,0.0,0.0,0.25,0.25,0.1,0.1,0.25,0.0,0.0,0.0,0.0,0.25,0.25,0.0,0.0,0.0,0.0,0.25,0.25,0.0015
2416,0.0,0.0,0.125,0.25,0.1,0.1,0.25,0.05,0.1,0.0,0.0,0.125,0.25,0.0,0.0,0.0,0.0,0.125,0.25,0.0015
2423,0.0,0.0,0.25,0.25,0.0,0.0,0.25,0.1,0.1,0.0,0.0,0.25,0.25,0.15,0.1,0.0,0.0,0.0,0.0,0.0015
2431,0.0,0.0,0.25,0.25,0.0,0.0,0.1,0.1,0.1,0.0,0.0,0.25,0.25,0.0,0.0,0.15,0.1,0.0,0.0,0.0015
2440,0.0,0.0,0.125,0.25,0.1,0.1,0.25,0.05,0.1,0.0,0.0,0.125,0.25,0.0,0.0,0.1,0.1,0.125,0.25,0.0015
2447,0.0,0.0,0.25,0.25,0.15,0.1,0.1,0.25,0.25,0.0,0.0,0.25,0.25,0.0,0.0,0.15,0.1,0.0,0.0,0.0015
2457,0.0,0.0,0.25,0.25,0.25,0.25,0.25,0.25,0.25,0.0,0.0,0.25,0.25,0.0,0.0,0.1,0.1,0.25,0.25,0.0015
2472,0.0,0.0,0.125,0.25,0.0,0.0,0.25,0.05,0.1,0.1,0.1,0.125,0.25,0.0,0.0,0.0,0.0,0.05,0.1,0.0015
2479,0.0,0.0,0.25,0.25,0.375,0.25,0.1,0.1,0.1,0.15,0.1,0.25,0.25,0.0,0.0,0.0,0.0,0.25,0.25,0.0015
2502,0.0,0.0,0.125,0.25,0.15,0.1,0.25,0.125,0.25,0.15,0.1,0.125,0.25,0.0,0.0,0.15,0.1,0.05,0.1,0.0015
2512,0.0,0.0,0.125,0.25,0.25,0.25,0.25,0.05,0.1,0.25,0.25,0.125,0.25,0.0,0.0,0.0,0.0,0.125,0.25,0.0015
2519,0.0,0.0,0.25,0.25,0.375,0.25,0.25,0.25,0.25,0.375,0.25,0.25,0.25,0.0,0.0,0.0,0.0,0.1,0.1,0.0015
2526,0.0,0.0,0.125,0.25,0.15,0.1,0.25,0.125,0.25,0.375,0.25,0.125,0.25,0.0,0.0,0.375,0.25,0.0,0.0,0.0015
