37,0.0,0.0,0.25,0.25,0.0,0.0,0.25,0.0,0.0,0.0,0.0,0.0,0.0,0.0,0.0,0.0,0.0,0.0,0.0,0.0015
44,0.0,0.0,0.125,0.25,0.25,0.25,0.1,0.05,0.1,0.0,0.0,0.0,0.0,0.0,0.0,0.0,0.0,0.0,0.0,0.0015
51,0.0,0.0,0.25,0.25,0.0,0.0,0.25,0.1,0.1,0.0,0.0,0.0,0.0,0.15,0.1,0.0,0.0,0.25,0.25,0.0015
58,0.0,0.0,0.125,0.25,0.375,0.25,0.1,0.125,0.25,0.0,0.0,0.0,0.0,0.0,0.0,0.0,0.0,0.05,0.1,0.0015
66,0.0,0.0,0.125,0.25,0.15,0.1,0.1,0.0,0.0,0.15,0.1,0.0,0.0,0.0,0.0,0.0,0.0,0.125,0.25,0.0015
73,0.0,0.0,0.25,0.25,0.0,0.0,0.25,0.25,0.25,0.1,0.1,0.0,0.0,0.0,0.0,0.0,0.0,0.1,0.1,0.0015
79,0.0,0.0,0.25,0.25,0.375,0.25,0.25,0.1,0.1,0.15,0.1,0.0,0.0,0.0,0.0,0.15,0.1,0.0,0.0,0.0015
89,0.0,0.0,0.25,0.25,0.0,0.0,0.25,0.25,0.25,0.1,0.1,0.0,0.0,0.0,0.0,0.1,0.1,0.0,0.0,0.0015
105,0.0,0.0,0.25,0.25,0.0,0.0,0.1,0.25,0.25,0.25,0.25,0.0,0.0,0.0,0.0,0.0,0.0,0.25,0.25,0.0015
113,0.0,0.0,0.25,0.25,0.0,0.0,0.25,0.0,0.0,0.0,0.0,0.1,0.1,0.0,0.0,0.0,0.0,0.1,0.1,0.0015
119,0.0,0.0,0.25,0.25,0.375,0.25,0.25,0.1,0.1,0.0,0.0,0.1,0.1,0.0,0.0,0.0,0.0,0.1,0.1,0.0015
126,0.0,0.0,0.125,0.25,0.0,0.0,0.25,0.05,0.1,0.0,0.0,0.05,0.1,0.15,0.1,0.0,0.0,0.0,0.0,0.0015
133,0.0,0.0,0.25,0.25,0.1,0.1,0.25,0.25,0.25,0.0,0.0,0.1,0.1,0.0,0.0,0.0,0.0,0.25,0.25,0.0015
140,0.0,0.0,0.125,0.25,0.0,0.0,0.1,0.05,0.1,0.0,0.0,0.05,0.1,0.0,0.0,0.1,0.1,0.0,0.0,0.0015
147,0.0,0.0,0.25,0.25,0.15,0.1,0.25,0.1,0.1,0.0,0.0,0.1,0.1,0.0,0.0,0.15,0.1,0.25,0.25,0.0015
157,0.0,0.0,0.25,0.25,0.0,0.0,0.25,0.0,0.0,0.1,0.1,0.1,0.1,0.0,0.0,0.0,0.0,0.25,0.25,0.0015
164,0.0,0.0,0.125,0.25,0.0,0.0,0.25,0.125,0.25,0.1,0.1,0.05,0.1,0.0,0.0,0.0,0.0,0.0,0.0,0.0015
170,0.0,0.0,0.125,0.25,0.15,0.1,0.1,0.125,0.25,0.15,0.1,0.05,0.1,0.0,0.0,0.0,0.0,0.125,0.25,0.0015
178,0.0,0.0,0.125,0.25,0.15,0.1,0.25,0.05,0.1,0.375,0.25,0.05,0.1,0.0,0.0,0.0,0.0,0.05,0.1,0.0015
185,0.0,0.0,0.25,0.25,0.1,0.1,0.25,0.25,0.25,0.25,0.25,0.1,0.1,0.0,0.0,0.0,0.0,0.0,0.0,0.0015
192,0.0,0.0,0.125,0.25,0.25,0.25,0.1,0.125,0.25,0.25,0.25,0.05,0.1,0.0,0.0,0.0,0.0,0.125,0.25,0.0015
200,0.1,0.1,0.125,0.25,0.0,0.0,0.25,0.0,0.0,0.0,0.0,0.125,0.25,0.0,0.0,0.0,0.0,0.125,0.25,0.0015
206,0.0,0.0,0.125,0.25,0.375,0.25,0.25,0.05,0.1,0.0,0.0,0.125,0.25,0.0,0.0,0.0,0.0,0.125,0.25,0.0015
213,0.0,0.0,0.25,0.25,0.25,0.25,0.25,0.25,0.25,0.0,0.0,0.25,0.25,0.1,0.1,0.0,0.0,0.0,0.0,0.0015
216,0.0,0.0,0.125,0.25,0.1,0.1,0.25,0.0,0.0,0.0,0.0,0.125,0.25,0.0,0.0,0.1,0.1,0.0,0.0,0.0015
223,0.0,0.0,0.25,0.25,0.0,0.0,0.25,0.0,0.0,0.0,0.0,0.25,0.25,0.0,0.0,0.15,0.1,0.1,0.1,0.0015
231,0.0,0.0,0.25,0.25,0.375,0.25,0.1,0.25,0.25,0.0,0.0,0.25,0.25,0.0,0.0,0.15,0.1,0.0,0.0,0.0015
241,0.0,0.0,0.25,0.25,0.25,0.25,0.1,0.25,0.25,0.0,0.0,0.25,0.25,0.1,0.1,0.1,0.1,0.25,0.25,0.0015
251,0.0,0.0,0.25,0.25,0.0,0.0,0.0,0.0,0.0,0.15,0.1,0.25,0.25,0.0,0.0,0.0,0.0,0.25,0.25,0.0015
256,0.0,0.0,0.125,0.25,0.1,0.1,0.25,0.125,0.25,0.1,0.1,0.125,0.25,0.0,0.0,0.0,0.0,0.05,0.1,0.0015
269,0.0,0.0,0.25,0.25,0.1,0.1,0.25,0.25,0.25,0.1,0.1,0.25,0.25,0.0,0.0,0.1,0.1,0.25,0.25,0.0015
277,0.0,0.0,0.25,0.25,0.0,0.0,0.1,0.0,0.0,0.25,0.25,0.25,0.25,0.0,0.0,0.0,0.0,0.1,0.1,0.0015
287,0.0,0.0,0.25,0.25,0.375,0.25,0.25,0.1,0.1,0.375,0.25,0.25,0.25,0.0,0.0,0.0,0.0,0.0,0.0,0.0015
300,0.0,0.0,0.125,0.25,0.25,0.25,0.25,0.125,0.25,0.25,0.25,0.125,0.25,0.0,0.0,0.0,0.0,0.125,0.25,0.0015
308,0.0,0.0,0.0,0.0,0.0,0.0,0.25,0.125,0.25,0.0,0.0,0.125,0.25,0.0,0.0,0.0,0.0,0.125,0.25,0.0015
314,0.0,0.0,0.05,0.1,0.0,0.0,0.25,0.0,0.0,0.0,0.0,0.0,0.0,0.0,0.0,0.0,0.0,0.125,0.25,0.0015
322,0.0,0.0,0.05,0.1,0.0,0.0,0.25,0.05,0.1,0.0,0.0,0.05,0.1,0.0,0.0,0.0,0.0,0.05,0.1,0.0015
329,0.0,0.0,0.1,0.1,0.0,0.0,0.25,0.25,0.25,0.0,0.0,0.1,0.1,0.1,0.1,0.1,0.1,0.1,0.1,0.0015
337,0.0,0.0,0.1,0.1,0.25,0.25,0.25,0.25,0.25,0.0,0.0,0.25,0.25,0.0,0.0,0.0,0.0,0.25,0.25,0.0015
342,0.0,0.0,0.05,0.1,0.15,0.1,0.25,0.125,0.25,0.0,0.0,0.125,0.25,0.15,0.1,0.0,0.0,0.0,0.0,0.0015
349,0.0,0.0,0.1,0.1,0.1,0.1,0.1,0.25,0.25,0.0,0.0,0.25,0.25,0.0,0.0,0.1,0.1,0.25,0.25,0.0015
356,0.0,0.0,0.05,0.1,0.0,0.0,0.25,0.05,0.1,0.1,0.1,0.125,0.25,0.0,0.0,0.1,0.1,0.0,0.0,0.0015
364,0.0,0.0,0.125,0.25,0.1,0.1,0.25,0.0,0.0,0.0,0.0,0.0,0.0,0.0,0.0,0.0,0.0,0.05,0.1,0.0015
371,0.0,0.0,0.25,0.25,0.0,0.0,0.25,0.0,0.0,0.0,0.0,0.0,0.0,0.0,0.0,0.0,0.0,0.25,0.25,0.0015
378,0.0,0.0,0.125,0.25,0.0,0.0,0.25,0.05,0.1,0.0,0.0,0.0,0.0,0.0,0.0,0.0,0.0,0.05,0.1,0.0015
383,0.0,0.0,0.25,0.25,0.375,0.25,0.25,0.1,0.1,0.0,0.0,0.0,0.0,0.15,0.1,0.0,0.0,0.25,0.25,0.0015
390,0.0,0.0,0.125,0.25,0.375,0.25,0.25,0.125,0.25,0.0,0.0,0.0,0.0,0.0,0.0,0.0,0.0,0.05,0.1,0.0015
396,0.0,0.0,0.125,0.25,0.0,0.0,0.25,0.125,0.25,0.0,0.0,0.0,0.0,0.1,0.1,0.0,0.0,0.0,0.0,0.0015
405,0.0,0.0,0.25,0.25,0.0,0.0,0.25,0.0,0.0,0.1,0.1,0.0,0.0,0.0,0.0,0.0,0.0,0.25,0.25,0.0015
412,0.0,0.0,0.125,0.25,0.1,0.1,0.1,0.05,0.1,0.1,0.1,0.0,0.0,0.0,0.0,0.0,0.0,0.125,0.25,0.0015
418,0.0,0.0,0.125,0.25,0.375,0.25,0.25,0.125,0.25,0.15,0.1,0.0,0.0,0.0,0.0,0.0,0.0,0.125,0.25,0.0015
425,0.0,0.0,0.25,0.25,0.1,0.1,0.1,0.25,0.25,0.1,0.1,0.0,0.0,0.0,0.0,0.1,0.1,0.0,0.0,0.0015
433,0.0,0.0,0.25,0.25,0.1,0.1,0.25,0.1,0.1,0.25,0.25,0.0,0.0,0.0,0.0,0.0,0.0,0.1,0.1,0.0015
439,0.0,0.0,0.25,0.25,0.15,0.1,0.25,0.1,0.1,0.375,0.25,0.0,0.0,0.0,0.0,0.0,0.0,0.25,0.25,0.0015
452,0.0,0.0,0.125,0.25,0.25,0.25,0.25,0.05,0.1,0.0,0.0,0.05,0.1,0.0,0.0,0.0,0.0,0.0,0.0,0.0015
458,0.0,0.0,0.125,0.25,0.15,0.1,0.25,0.05,0.1,0.0,0.0,0.05,0.1,0.0,0.0,0.0,0.0,0.05,0.1,0.0015
462,0.0,0.0,0.125,0.25,0.0,0.0,0.25,0.05,0.1,0.0,0.0,0.05,0.1,0.0,0.0,0.0,0.0,0.125,0.25,0.0015
471,0.15,0.1,0.25,0.25,0.15,0.1,0.1,0.25,0.25,0.0,0.0,0.1,0.1,0.0,0.0,0.0,0.0,0.1,0.1,0.0015
482,0.0,0.0,0.125,0.25,0.0,0.0,0.1,0.0,0.0,0.15,0.1,0.05,0.1,0.0,0.0,0.0,0.0,0.05,0.1,0.0015
489,0.0,0.0,0.25,0.25,0.1,0.1,0.25,0.25,0.25,0.1,0.1,0.1,0.1,0.0,0.0,0.0,0.0,0.1,0.1,0.0015
494,0.0,0.0,0.125,0.25,0.0,0.0,0.25,0.125,0.25,0.15,0.1,0.05,0.1,0.0,0.0,0.0,0.0,0.125,0.25,0.0015
509,0.0,0.0,0.25,0.25,0.25,0.25,0.1,0.0,0.0,0.25,0.25,0.1,0.1,0.0,0.0,0.0,0.0,0.25,0.25,0.0015
518,0.0,0.0,0.125,0.25,0.375,0.25,0.1,0.05,0.1,0.375,0.25,0.05,0.1,0.0,0.0,0.0,0.0,0.05,0.1,0.0015
529,0.0,0.0,0.25,0.25,0.1,0.1,0.25,0.25,0.25,0.25,0.25,0.1,0.1,0.0,0.0,0.0,0.0,0.25,0.25,0.0015
535,0.0,0.0,0.25,0.25,0.0,0.0,0.25,0.0,0.0,0.0,0.0,0.25,0.25,0.0,0.0,0.0,0.0,0.0,0.0,0.0015
542,0.0,0.0,0.125,0.25,0.0,0.0,0.25,0.05,0.1,0.0,0.0,0.125,0.25,0.0,0.0,0.0,0.0,0.0,0.0,0.0015
553,0.0,0.0,0.25,0.25,0.1,0.1,0.25,0.25,0.25,0.0,0.0,0.25,0.25,0.1,0.1,0.0,0.0,0.0,0.0,0.0015
558,0.0,0.0,0.125,0.25,0.375,0.25,0.25,0.0,0.0,0.0,0.0,0.125,0.25,0.0,0.0,0.15,0.1,0.0,0.0,0.0015
565,0.0,0.0,0.25,0.25,0.0,0.0,0.25,0.0,0.0,0.0,0.0,0.25,0.25,0.0,0.0,0.1,0.1,0.25,0.25,0.0015
571,0.0,0.0,0.25,0.25,0.15,0.1,0.25,0.1,0.1,0.0,0.0,0.25,0.25,0.0,0.0,0.15,0.1,0.0,0.0,0.0015
578,0.0,0.0,0.125,0.25,0.0,0.0,0.25,0.05,0.1,0.0,0.0,0.125,0.25,0.0,0.0,0.15,0.1,0.125,0.25,0.0015
586,0.0,0.0,0.125,0.25,0.375,0.25,0.1,0.125,0.25,0.0,0.0,0.125,0.25,0.0,0.0,0.15,0.1,0.05,0.1,0.0015
593,0.0,0.0,0.25,0.25,0.25,0.25,0.1,0.0,0.0,0.1,0.1,0.25,0.25,0.0,0.0,0.0,0.0,0.1,0.1,0.0015
600,0.0,0.0,0.125,0.25,0.1,0.1,0.25,0.05,0.1,0.1,0.1,0.125,0.25,0.0,0.0,0.1,0.1,0.0,0.0,0.0015
607,0.0,0.0,0.25,0.25,0.375,0.25,0.1,0.25,0.25,0.15,0.1,0.25,0.25,0.0,0.0,0.15,0.1,0.0,0.0,0.0015
616,0.0,0.0,0.125,0.25,0.1,0.1,0.25,0.0,0.0,0.25,0.25,0.125,0.25,0.0,0.0,0.0,0.0,0.125,0.25,0.0015
623,0.0,0.0,0.25,0.25,0.0,0.0,0.25,0.25,0.25,0.375,0.25,0.25,0.25,0.0,0.0,0.0,0.0,0.1,0.1,0.0015
630,0.0,0.0,0.0,0.0,0.0,0.0,0.25,0.05,0.1,0.0,0.0,0.125,0.25,0.0,0.0,0.0,0.0,0.05,0.1,0.0015
637,0.0,0.0,0.0,0.0,0.0,0.0,0.25,0.25,0.25,0.0,0.0,0.25,0.25,0.1,0.1,0.1,0.1,0.1,0.1,0.0015
646,0.0,0.0,0.05,0.1,0.0,0.0,0.25,0.125,0.25,0.0,0.0,0.0,0.0,0.0,0.0,0.0,0.0,0.125,0.25,0.0015
653,0.0,0.0,0.1,0.1,0.0,0.0,0.25,0.25,0.25,0.0,0.0,0.1,0.1,0.0,0.0,0.0,0.0,0.1,0.1,0.0015
658,0.0,0.0,0.05,0.1,0.375,0.25,0.25,0.05,0.1,0.0,0.0,0.125,0.25,0.0,0.0,0.0,0.0,0.125,0.25,0.0015
665,0.0,0.0,0.1,0.1,0.0,0.0,0.25,0.25,0.25,0.0,0.0,0.25,0.25,0.0,0.0,0.0,0.0,0.1,0.1,0.0015
671,0.0,0.0,0.1,0.1,0.0,0.0,0.25,0.25,0.25,0.15,0.1,0.25,0.25,0.0,0.0,0.15,0.1,0.0,0.0,0.0015
678,0.0,0.0,0.125,0.25,0.15,0.1,0.0,0.05,0.1,0.0,0.0,0.0,0.0,0.0,0.0,0.0,0.0,0.05,0.1,0.0015
685,0.0,0.0,0.25,0.25,0.0,0.0,0.25,0.1,0.1,0.0,0.0,0.0,0.0,0.1,0.1,0.0,0.0,0.1,0.1,0.0015
692,0.0,0.0,0.125,0.25,0.25,0.25,0.25,0.125,0.25,0.0,0.0,0.0,0.0,0.1,0.1,0.0,0.0,0.0,0.0,0.0015
699,0.0,0.0,0.25,0.25,0.0,0.0,0.25,0.25,0.25,0.0,0.0,0.0,0.0,0.15,0.1,0.0,0.0,0.1,0.1,0.0015
725,0.0,0.0,0.25,0.25,0.1,0.1,0.1,0.1,0.1,0.25,0.25,0.0,0.0,0.0,0.0,0.0,0.0,0.1,0.1,0.0015
740,0.0,0.0,0.125,0.25,0.25,0.25,0.1,0.05,0.1,0.0,0.0,0.05,0.1,0.0,0.0,0.0,0.0,0.0,0.0,0.0015
747,0.0,0.0,0.25,0.25,0.15,0.1,0.25,0.25,0.25,0.0,0.0,0.1,0.1,0.0,0.0,0.0,0.0,0.0,0.0,0.0015
754,0.0,0.0,0.125,0.25,0.375,0.25,0.25,0.125,0.25,0.0,0.0,0.05,0.1,0.15,0.1,0.0,0.0,0.05,0.1,0.0015
764,0.0,0.0,0.125,0.25,0.25,0.25,0.25,0.05,0.1,0.1,0.1,0.05,0.1,0.0,0.0,0.0,0.0,0.05,0.1,0.0015
769,0.0,0.0,0.25,0.25,0.1,0.1,0.25,0.1,0.1,0.1,0.1,0.1,0.1,0.0,0.0,0.0,0.0,0.25,0.25,0.0015
780,0.0,0.0,0.125,0.25,0.1,0.1,0.25,0.125,0.25,0.1,0.1,0.05,0.1,0.0,0.0,0.0,0.0,0.125,0.25,0.0015
793,0.0,0.0,0.25,0.25,0.0,0.0,0.25,0.25,0.25,0.1,0.1,0.1,0.1,0.1,0.1,0.1,0.1,0.25,0.25,0.0015
802,0.0,0.0,0.125,0.25,0.0,0.0,0.1,0.05,0.1,0.375,0.25,0.05,0.1,0.0,0.0,0.0,0.0,0.05,0.1,0.0015
813,0.0,0.0,0.25,0.25,0.1,0.1,0.1,0.0,0.0,0.0,0.0,0.25,0.25,0.0,0.0,0.0,0.0,0.0,0.0,0.0015
821,0.0,0.0,0.25,0.25,0.25,0.25,0.1,0.0,0.0,0.0,0.0,0.25,0.25,0.0,0.0,0.0,0.0,0.25,0.25,0.0015
827,0.0,0.0,0.25,0.25,0.375,0.25,0.25,0.25,0.25,0.0,0.0,0.25,0.25,0.0,0.0,0.0,0.0,0.0,0.0,0.0015
833,0.0,0.0,0.25,0.25,0.0,0.0,0.25,0.25,0.25,0.0,0.0,0.25,0.25,0.0,0.0,0.0,0.0,0.25,0.25,0.0015
839,0.15,0.1,0.25,0.25,0.0,0.0,0.25,0.25,0.25,0.0,0.0,0.25,0.25,0.0,0.0,0.0,0.0,0.25,0.25,0.0015
846,0.0,0.0,0.125,0.25,0.375,0.25,0.0,0.05,0.1,0.0,0.0,0.125,0.25,0.0,0.0,0.15,0.1,0.05,0.1,0.0015
854,0.0,0.0,0.125,0.25,0.15,0.1,0.0,0.125,0.25,0.0,0.0,0.125,0.25,0.0,0.0,0.15,0.1,0.0,0.0,0.0015
865,0.0,0.0,0.25,0.25,0.1,0.1,0.25,0.25,0.25,0.0,0.0,0.25,0.25,0.0,0.0,0.1,0.1,0.25,0.25,0.0015
874,0.15,0.1,0.125,0.25,0.15,0.1,0.1,0.125,0.25,0.0,0.0,0.125,0.25,0.0,0.0,0.15,0.1,0.125,0.25,0.0015
881,0.0,0.0,0.25,0.25,0.25,0.25,0.25,0.0,0.0,0.1,0.1,0.25,0.25,0.0,0.0,0.0,0.0,0.25,0.25,0.0015
888,0.0,0.0,0.125,0.25,0.1,0.1,0.25,0.05,0.1,0.1,0.1,0.125,0.25,0.0,0.0,0.0,0.0,0.125,0.25,0.0015
895,0.0,0.0,0.25,0.25,0.15,0.1,0.25,0.25,0.25,0.15,0.1,0.25,0.25,0.0,0.0,0.0,0.0,0.0,0.0,0.0015
899,0.0,0.0,0.25,0.25,0.15,0.1,0.1,0.25,0.25,0.15,0.1,0.25,0.25,0.0,0.0,0.0,0.0,0.25,0.25,0.0015
903,0.0,0.0,0.25,0.25,0.375,0.25,0.25,0.1,0.1,0.15,0.1,0.25,0.25,0.0,0.0,0.15,0.1,0.0,0.0,0.0015
914,0.0,0.0,0.125,0.25,0.375,0.25,0.25,0.125,0.25,0.15,0.1,0.125,0.25,0.0,0.0,0.15,0.1,0.125,0.25,0.0015
925,0.0,0.0,0.25,0.25,0.0,0.0,0.25,0.1,0.1,0.25,0.25,0.25,0.25,0.0,0.0,0.0,0.0,0.0,0.0,0.0015
932,0.0,0.0,0.125,0.25,0.1,0.1,0.1,0.05,0.1,0.25,0.25,0.125,0.25,0.0,0.0,0.0,0.0,0.125,0.25,0.0015
940,0.0,0.0,0.125,0.25,0.0,0.0,0.1,0.125,0.25,0.25,0.25,0.125,0.25,0.0,0.0,0.0,0.0,0.125,0.25,0.0015
953,0.0,0.0,0.0,0.0,0.0,0.0,0.25,0.25,0.25,0.0,0.0,0.25,0.25,0.0,0.0,0.0,0.0,0.1,0.1,0.0015
957,0.0,0.0,0.1,0.1,0.1,0.1,0.25,0.0,0.0,0.0,0.0,0.1,0.1,0.0,0.0,0.0,0.0,0.1,0.1,0.0015
965,0.0,0.0,0.1,0.1,0.1,0.1,0.25,0.25,0.25,0.0,0.0,0.1,0.1,0.0,0.0,0.0,0.0,0.25,0.25,0.0015
971,0.0,0.0,0.1,0.1,0.0,0.0,0.25,0.25,0.25,0.0,0.0,0.1,0.1,0.15,0.1,0.15,0.1,0.25,0.25,0.0015
979,0.0,0.0,0.1,0.1,0.15,0.1,0.25,0.1,0.1,0.0,0.0,0.25,0.25,0.0,0.0,0.0,0.0,0.1,0.1,0.0015
985,0.0,0.0,0.1,0.1,0.25,0.25,0.25,0.25,0.25,0.0,0.0,0.25,0.25,0.0,0.0,0.0,0.0,0.0,0.0,0.0015
992,0.0,0.0,0.05,0.1,0.0,0.0,0.25,0.125,0.25,0.0,0.0,0.125,0.25,0.0,0.0,0.0,0.0,0.125,0.25,0.0015
1000,0.0,0.0,0.125,0.25,0.1,0.1,0.25,0.0,0.0,0.0,0.0,0.0,0.0,0.0,0.0,0.0,0.0,0.0,0.0,0.0015
1010,0.0,0.0,0.125,0.25,0.375,0.25,0.0,0.05,0.1,0.0,0.0,0.0,0.0,0.0,0.0,0.0,0.0,0.05,0.1,0.0015
1016,0.0,0.0,0.125,0.25,0.25,0.25,0.25,0.125,0.25,0.0,0.0,0.0,0.0,0.0,0.0,0.0,0.0,0.0,0.0,0.0015
1022,0.0,0.0,0.125,0.25,0.15,0.1,0.25,0.125,0.25,0.0,0.0,0.0,0.0,0.0,0.0,0.0,0.0,0.05,0.1,0.0015
1029,0.0,0.0,0.25,0.25,0.25,0.25,0.25,0.25,0.25,0.0,0.0,0.0,0.0,0.1,0.1,0.0,0.0,0.25,0.25,0.0015
1037,0.0,0.0,0.25,0.25,0.25,0.25,0.25,0.1,0.1,0.1,0.1,0.0,0.0,0.0,0.0,0.0,0.0,0.25,0.25,0.0015
1050,0.0,0.0,0.125,0.25,0.0,0.0,0.25,0.125,0.25,0.15,0.1,0.0,0.0,0.0,0.0,0.15,0.1,0.05,0.1,0.0015
1057,0.0,0.0,0.25,0.25,0.25,0.25,0.25,0.25,0.25,0.25,0.25,0.0,0.0,0.0,0.0,0.0,0.0,0.25,0.25,0.0015
1062,0.0,0.0,0.125,0.25,0.0,0.0,0.25,0.0,0.0,0.0,0.0,0.05,0.1,0.0,0.0,0.0,0.0,0.0,0.0,0.0015
1069,0.0,0.0,0.25,0.25,0.25,0.25,0.25,0.1,0.1,0.0,0.0,0.1,0.1,0.0,0.0,0.0,0.0,0.25,0.25,0.0015
1076,0.0,0.0,0.125,0.25,0.0,0.0,0.25,0.05,0.1,0.0,0.0,0.05,0.1,0.1,0.1,0.0,0.0,0.05,0.1,0.0015
1083,0.0,0.0,0.25,0.25,0.375,0.25,0.25,0.25,0.25,0.0,0.0,0.1,0.1,0.0,0.0,0.0,0.0,0.0,0.0,0.0015
1089,0.0,0.0,0.25,0.25,0.0,0.0,0.25,0.25,0.25,0.0,0.0,0.1,0.1,0.0,0.0,0.0,0.0,0.25,0.25,0.0015
1095,0.0,0.0,0.25,0.25,0.15,0.1,0.25,0.0,0.0,0.0,0.0,0.1,0.1,0.0,0.0,0.15,0.1,0.25,0.25,0.0015
1102,0.0,0.0,0.125,0.25,0.15,0.1,0.1,0.05,0.1,0.0,0.0,0.05,0.1,0.0,0.0,0.15,0.1,0.125,0.25,0.0015
1110,0.0,0.0,0.125,0.25,0.15,0.1,0.25,0.0,0.0,0.15,0.1,0.05,0.1,0.0,0.0,0.0,0.0,0.125,0.25,0.0015
1117,0.0,0.0,0.25,0.25,0.0,0.0,0.25,0.1,0.1,0.1,0.1,0.1,0.1,0.0,0.0,0.0,0.0,0.1,0.1,0.0015
1123,0.0,0.0,0.25,0.25,0.375,0.25,0.1,0.1,0.1,0.15,0.1,0.1,0.1,0.0,0.0,0.0,0.0,0.25,0.25,0.0015
1133,0.0,0.0,0.25,0.25,0.1,0.1,0.25,0.25,0.25,0.1,0.1,0.1,0.1,0.0,0.0,0.1,0.1,0.25,0.25,0.0015
1142,0.0,0.0,0.125,0.25,0.15,0.1,0.1,0.05,0.1,0.375,0.25,0.05,0.1,0.0,0.0,0.0,0.0,0.0,0.0,0.0015
1152,0.0,0.0,0.125,0.25,0.0,0.0,0.1,0.0,0.0,0.0,0.0,0.125,0.25,0.0,0.0,0.0,0.0,0.05,0.1,0.0015
1159,0.0,0.0,0.25,0.25,0.0,0.0,0.1,0.0,0.0,0.0,0.0,0.25,0.25,0.0,0.0,0.0,0.0,0.25,0.25,0.0015
1176,0.1,0.1,0.125,0.25,0.1,0.1,0.25,0.125,0.25,0.0,0.0,0.125,0.25,0.0,0.0,0.0,0.0,0.125,0.25,0.0015
1183,0.0,0.0,0.25,0.25,0.0,0.0,0.25,0.1,0.1,0.0,0.0,0.25,0.25,0.0,0.0,0.15,0.1,0.0,0.0,0.0015
1190,0.0,0.0,0.125,0.25,0.15,0.1,0.25,0.05,0.1,0.0,0.0,0.125,0.25,0.15,0.1,0.15,0.1,0.125,0.25,0.0015
1199,0.0,0.0,0.25,0.25,0.0,0.0,0.25,0.25,0.25,0.0,0.0,0.25,0.25,0.0,0.0,0.15,0.1,0.1,0.1,0.0015
1208,0.0,0.0,0.125,0.25,0.1,0.1,0.25,0.0,0.0,0.1,0.1,0.125,0.25,0.0,0.0,0.0,0.0,0.05,0.1,0.0015
1219,0.0,0.0,0.25,0.25,0.375,0.25,0.25,0.1,0.1,0.15,0.1,0.25,0.25,0.0,0.0,0.0,0.0,0.0,0.0,0.0015
1227,0.0,0.0,0.25,0.25,0.0,0.0,0.25,0.1,0.1,0.15,0.1,0.25,0.25,0.0,0.0,0.0,0.0,0.25,0.25,0.0015
1234,0.0,0.0,0.125,0.25,0.15,0.1,0.25,0.125,0.25,0.15,0.1,0.125,0.25,0.0,0.0,0.0,0.0,0.125,0.25,0.0015
1252,0.0,0.0,0.125,0.25,0.1,0.1,0.1,0.05,0.1,0.25,0.25,0.125,0.25,0.0,0.0,0.0,0.0,0.05,0.1,0.0015
1265,0.0,0.0,0.1,0.1,0.0,0.0,0.25,0.0,0.0,0.0,0.0,0.1,0.1,0.0,0.0,0.0,0.0,0.1,0.1,0.0015
1272,0.0,0.0,0.05,0.1,0.0,0.0,0.25,0.125,0.25,0.0,0.0,0.05,0.1,0.0,0.0,0.0,0.0,0.125,0.25,0.0015
1280,0.0,0.0,0.05,0.1,0.1,0.1,0.25,0.05,0.1,0.0,0.0,0.125,0.25,0.0,0.0,0.0,0.0,0.0,0.0,0.0015
1286,0.0,0.0,0.05,0.1,0.0,0.0,0.25,0.125,0.25,0.0,0.0,0.125,0.25,0.0,0.0,0.0,0.0,0.0,0.0,0.0015
1293,0.0,0.0,0.1,0.1,0.0,0.0,0.1,0.25,0.25,0.0,0.0,0.25,0.25,0.0,0.0,0.1,0.1,0.25,0.25,0.0015
1303,0.0,0.0,0.1,0.1,0.15,0.1,0.25,0.25,0.25,0.15,0.1,0.25,0.25,0.0,0.0,0.15,0.1,0.25,0.25,0.0015
1310,0.0,0.0,0.125,0.25,0.375,0.25,0.25,0.0,0.0,0.0,0.0,0.0,0.0,0.0,0.0,0.0,0.0,0.05,0.1,0.0015
1324,0.0,0.0,0.125,0.25,0.0,0.0,0.25,0.125,0.25,0.0,0.0,0.0,0.0,0.0,0.0,0.0,0.0,0.05,0.1,0.0015
1339,0.0,0.0,0.25,0.25,0.0,0.0,0.1,0.25,0.25,0.15,0.1,0.0,0.0,0.0,0.0,0.15,0.1,0.0,0.0,0.0015
1346,0.0,0.0,0.125,0.25,0.0,0.0,0.25,0.05,0.1,0.375,0.25,0.0,0.0,0.0,0.0,0.0,0.0,0.05,0.1,0.0015
1353,0.0,0.0,0.25,0.25,0.1,0.1,0.25,0.25,0.25,0.25,0.25,0.0,0.0,0.0,0.0,0.0,0.0,0.0,0.0,0.0015
1358,0.0,0.0,0.125,0.25,0.0,0.0,0.25,0.125,0.25,0.375,0.25,0.0,0.0,0.0,0.0,0.0,0.0,0.05,0.1,0.0015
1365,0.0,0.0,0.25,0.25,0.25,0.25,0.0,0.1,0.1,0.0,0.0,0.1,0.1,0.0,0.0,0.0,0.0,0.0,0.0,0.0015
1373,0.0,0.0,0.25,0.25,0.0,0.0,0.25,0.25,0.25,0.0,0.0,0.1,0.1,0.0,0.0,0.0,0.0,0.0,0.0,0.0015
1382,0.0,0.0,0.125,0.25,0.375,0.25,0.1,0.125,0.25,0.0,0.0,0.05,0.1,0.0,0.0,0.15,0.1,0.125,0.25,0.0015
1389,0.0,0.0,0.25,0.25,0.1,0.1,0.1,0.1,0.1,0.1,0.1,0.1,0.1,0.0,0.0,0.0,0.0,0.1,0.1,0.0015
1397,0.0,0.0,0.25,0.25,0.1,0.1,0.25,0.25,0.25,0.1,0.1,0.1,0.1,0.0,0.0,0.1,0.1,0.0,0.0,0.0015
1407,0.0,0.0,0.25,0.25,0.375,0.25,0.25,0.1,0.1,0.375,0.25,0.1,0.1,0.0,0.0,0.0,0.0,0.1,0.1,0.0015
1413,0.0,0.0,0.25,0.25,0.0,0.0,0.25,0.25,0.25,0.25,0.25,0.1,0.1,0.0,0.0,0.0,0.0,0.0,0.0,0.0015
1419,0.0,0.0,0.25,0.25,0.15,0.1,0.1,0.25,0.25,0.375,0.25,0.1,0.1,0.0,0.0,0.0,0.0,0.25,0.25,0.0015
1427,0.0,0.0,0.25,0.25,0.0,0.0,0.25,0.0,0.0,0.0,0.0,0.25,0.25,0.0,0.0,0.0,0.0,0.25,0.25,0.0015
1433,0.0,0.0,0.25,0.25,0.1,0.1,0.25,0.25,0.25,0.0,0.0,0.25,0.25,0.0,0.0,0.0,0.0,0.0,0.0,0.0015
1439,0.0,0.0,0.25,0.25,0.0,0.0,0.25,0.25,0.25,0.0,0.0,0.25,0.25,0.0,0.0,0.0,0.0,0.1,0.1,0.0015
1449,0.0,0.0,0.25,0.25,0.25,0.25,0.25,0.0,0.0,0.0,0.0,0.25,0.25,0.0,0.0,0.1,0.1,0.1,0.1,0.0015
1457,0.0,0.0,0.25,0.25,0.1,0.1,0.1,0.1,0.1,0.0,0.0,0.25,0.25,0.0,0.0,0.1,0.1,0.0,0.0,0.0015
1466,0.0,0.0,0.125,0.25,0.0,0.0,0.1,0.125,0.25,0.0,0.0,0.125,0.25,0.0,0.0,0.15,0.1,0.0,0.0,0.0015
1472,0.0,0.0,0.125,0.25,0.0,0.0,0.0,0.125,0.25,0.0,0.0,0.125,0.25,0.0,0.0,0.1,0.1,0.125,0.25,0.0015
1482,0.0,0.0,0.125,0.25,0.0,0.0,0.25,0.0,0.0,0.15,0.1,0.125,0.25,0.0,0.0,0.0,0.0,0.05,0.1,0.0015
1489,0.0,0.0,0.25,0.25,0.25,0.25,0.25,0.1,0.1,0.1,0.1,0.25,0.25,0.0,0.0,0.0,0.0,0.25,0.25,0.0015
1504,0.0,0.0,0.125,0.25,0.0,0.0,0.25,0.05,0.1,0.1,0.1,0.125,0.25,0.0,0.0,0.25,0.25,0.125,0.25,0.0015
1513,0.0,0.0,0.25,0.25,0.1,0.1,0.1,0.0,0.0,0.25,0.25,0.25,0.25,0.0,0.0,0.0,0.0,0.25,0.25,0.0015
1521,0.0,0.0,0.25,0.25,0.0,0.0,0.25,0.1,0.1,0.25,0.25,0.25,0.25,0.0,0.0,0.0,0.0,0.1,0.1,0.0015
1528,0.0,0.0,0.125,0.25,0.1,0.1,0.25,0.125,0.25,0.25,0.25,0.125,0.25,0.0,0.0,0.0,0.0,0.05,0.1,0.0015
1540,0.0,0.0,0.0,0.0,0.25,0.25,0.25,0.125,0.25,0.0,0.0,0.125,0.25,0.0,0.0,0.0,0.0,0.125,0.25,0.0015
1547,0.0,0.0,0.1,0.1,0.0,0.0,0.25,0.25,0.25,0.0,0.0,0.0,0.0,0.0,0.0,0.0,0.0,0.1,0.1,0.0015
1553,0.0,0.0,0.1,0.1,0.0,0.0,0.25,0.1,0.1,0.0,0.0,0.25,0.25,0.0,0.0,0.0,0.0,0.0,0.0,0.0015
1558,0.0,0.0,0.05,0.1,0.375,0.25,0.25,0.125,0.25,0.0,0.0,0.125,0.25,0.0,0.0,0.0,0.0,0.05,0.1,0.0015
1565,0.0,0.0,0.1,0.1,0.1,0.1,0.25,0.25,0.25,0.1,0.1,0.25,0.25,0.0,0.0,0.1,0.1,0.1,0.1,0.0015
1572,0.0,0.0,0.125,0.25,0.1,0.1,0.0,0.05,0.1,0.0,0.0,0.0,0.0,0.0,0.0,0.0,0.0,0.0,0.0,0.0015
1579,0.0,0.0,0.25,0.25,0.375,0.25,0.25,0.1,0.1,0.0,0.0,0.0,0.0,0.0,0.0,0.0,0.0,0.1,0.1,0.0015
1586,0.0,0.0,0.125,0.25,0.375,0.25,0.1,0.125,0.25,0.0,0.0,0.0,0.0,0.0,0.0,0.0,0.0,0.0,0.0,0.0015
1594,0.0,0.0,0.125,0.25,0.375,0.25,0.25,0.125,0.25,0.0,0.0,0.0,0.0,0.15,0.1,0.0,0.0,0.05,0.1,0.0015
1601,0.0,0.0,0.25,0.25,0.1,0.1,0.1,0.1,0.1,0.0,0.0,0.0,0.0,0.0,0.0,0.1,0.1,0.25,0.25,0.0015
1608,0.0,0.0,0.125,0.25,0.0,0.0,0.1,0.05,0.1,0.1,0.1,0.0,0.0,0.0,0.0,0.0,0.0,0.125,0.25,0.0015
1615,0.0,0.0,0.25,0.25,0.0,0.0,0.25,0.25,0.25,0.15,0.1,0.0,0.0,0.0,0.0,0.0,0.0,0.0,0.0,0.0015
1623,0.0,0.0,0.25,0.25,0.15,0.1,0.1,0.0,0.0,0.375,0.25,0.0,0.0,0.0,0.0,0.0,0.0,0.25,0.25,0.0015
1630,0.0,0.0,0.125,0.25,0.375,0.25,0.25,0.0,0.0,0.0,0.0,0.05,0.1,0.0,0.0,0.0,0.0,0.0,0.0,0.0015
1635,0.0,0.0,0.25,0.25,0.15,0.1,0.25,0.0,0.0,0.0,0.0,0.1,0.1,0.0,0.0,0.0,0.0,0.1,0.1,0.0015
1643,0.0,0.0,0.25,0.25,0.375,0.25,0.25,0.1,0.1,0.0,0.0,0.1,0.1,0.15,0.1,0.0,0.0,0.0,0.0,0.0015
1649,0.0,0.0,0.25,0.25,0.25,0.25,0.1,0.25,0.25,0.0,0.0,0.1,0.1,0.0,0.0,0.0,0.0,0.0,0.0,0.0015
1659,0.0,0.0,0.25,0.25,0.375,0.25,0.25,0.0,0.0,0.0,0.0,0.1,0.1,0.0,0.0,0.15,0.1,0.25,0.25,0.0015
1665,0.0,0.0,0.25,0.25,0.0,0.0,0.1,0.25,0.25,0.0,0.0,0.1,0.1,0.0,0.0,0.1,0.1,0.1,0.1,0.0015
1674,0.0,0.0,0.125,0.25,0.15,0.1,0.1,0.0,0.0,0.15,0.1,0.05,0.1,0.0,0.0,0.0,0.0,0.05,0.1,0.0015
1681,0.0,0.0,0.25,0.25,0.25,0.25,0.25,0.1,0.1,0.1,0.1,0.1,0.1,0.0,0.0,0.0,0.0,0.0,0.0,0.0015
1688,0.0,0.0,0.125,0.25,0.0,0.0,0.25,0.05,0.1,0.1,0.1,0.05,0.1,0.0,0.0,0.0,0.0,0.125,0.25,0.0015
1701,0.0,0.0,0.25,0.25,0.25,0.25,0.25,0.25,0.25,0.1,0.1,0.1,0.1,0.0,0.0,0.1,0.1,0.0,0.0,0.0015
1714,0.0,0.0,0.125,0.25,0.375,0.25,0.25,0.125,0.25,0.15,0.1,0.05,0.1,0.15,0.1,0.15,0.1,0.125,0.25,0.0015
1721,0.0,0.0,0.25,0.25,0.0,0.0,0.1,0.1,0.1,0.25,0.25,0.1,0.1,0.0,0.0,0.0,0.0,0.25,0.25,0.0015
1732,0.0,0.0,0.125,0.25,0.0,0.0,0.1,0.0,0.0,0.0,0.0,0.125,0.25,0.0,0.0,0.0,0.0,0.0,0.0,0.0015
1739,0.0,0.0,0.25,0.25,0.375,0.25,0.25,0.1,0.1,0.0,0.0,0.25,0.25,0.0,0.0,0.0,0.0,0.0,0.0,0.0015
1745,0.0,0.0,0.25,0.25,0.0,0.0,0.25,0.1,0.1,0.0,0.0,0.25,0.25,0.0,0.0,0.0,0.0,0.25,0.25,0.0015
1754,0.0,0.0,0.125,0.25,0.375,0.25,0.25,0.0,0.0,0.0,0.0,0.125,0.25,0.0,0.0,0.15,0.1,0.125,0.25,0.0015
1762,0.0,0.0,0.125,0.25,0.15,0.1,0.1,0.05,0.1,0.0,0.0,0.125,0.25,0.0,0.0,0.15,0.1,0.05,0.1,0.0015
1770,0.0,0.0,0.125,0.25,0.0,0.0,0.25,0.05,0.1,0.0,0.0,0.125,0.25,0.15,0.1,0.15,0.1,0.05,0.1,0.0015
1779,0.0,0.0,0.25,0.25,0.15,0.1,0.0,0.25,0.25,0.0,0.0,0.25,0.25,0.0,0.0,0.15,0.1,0.1,0.1,0.0015
1787,0.0,0.0,0.25,0.25,0.15,0.1,0.25,0.0,0.0,0.15,0.1,0.25,0.25,0.0,0.0,0.0,0.0,0.25,0.25,0.0015
1794,0.0,0.0,0.125,0.25,0.15,0.1,0.1,0.05,0.1,0.15,0.1,0.125,0.25,0.0,0.0,0.0,0.0,0.125,0.25,0.0015
1800,0.0,0.0,0.125,0.25,0.0,0.0,0.25,0.125,0.25,0.1,0.1,0.125,0.25,0.1,0.1,0.0,0.0,0.05,0.1,0.0015
1807,0.0,0.0,0.25,0.25,0.0,0.0,0.25,0.25,0.25,0.15,0.1,0.25,0.25,0.15,0.1,0.0,0.0,0.25,0.25,0.0015
1816,0.0,0.0,0.125,0.25,0.0,0.0,0.1,0.05,0.1,0.25,0.25,0.125,0.25,0.0,0.0,0.0,0.0,0.125,0.25,0.0015
1822,0.0,0.0,0.125,0.25,0.375,0.25,0.25,0.125,0.25,0.375,0.25,0.125,0.25,0.0,0.0,0.375,0.25,0.0,0.0,0.0015
1830,0.0,0.0,0.05,0.1,0.15,0.1,0.25,0.05,0.1,0.0,0.0,0.0,0.0,0.0,0.0,0.0,0.0,0.125,0.25,0.0015
1837,0.0,0.0,0.1,0.1,0.0,0.0,0.25,0.0,0.0,0.0,0.0,0.25,0.25,0.0,0.0,0.0,0.0,0.0,0.0,0.0015
1847,0.0,0.0,0.1,0.1,0.15,0.1,0.25,0.25,0.25,0.15,0.1,0.25,0.25,0.0,0.0,0.15,0.1,0.0,0.0,0.0015
1854,0.0,0.0,0.125,0.25,0.375,0.25,0.25,0.05,0.1,0.0,0.0,0.0,0.0,0.0,0.0,0.0,0.0,0.0,0.0,0.0015
1861,0.0,0.0,0.25,0.25,0.0,0.0,0.25,0.1,0.1,0.0,0.0,0.0,0.0,0.0,0.0,0.0,0.0,0.25,0.25,0.0015
1868,0.0,0.0,0.125,0.25,0.1,0.1,0.0,0.125,0.25,0.0,0.0,0.0,0.0,0.0,0.0,0.0,0.0,0.125,0.25,0.0015
1875,0.0,0.0,0.25,0.25,0.375,0.25,0.25,0.25,0.25,0.0,0.0,0.0,0.0,0.0,0.0,0.0,0.0,0.25,0.25,0.0015
1882,0.0,0.0,0.125,0.25,0.15,0.1,0.25,0.125,0.25,0.0,0.0,0.0,0.0,0.15,0.1,0.0,0.0,0.05,0.1,0.0015
1889,0.0,0.0,0.25,0.25,0.1,0.1,0.25,0.1,0.1,0.1,0.1,0.0,0.0,0.0,0.0,0.0,0.0,0.0,0.0,0.0015
1896,0.0,0.0,0.125,0.25,0.25,0.25,0.25,0.125,0.25,0.1,0.1,0.0,0.0,0.0,0.0,0.0,0.0,0.05,0.1,0.0015
1902,0.0,0.0,0.125,0.25,0.15,0.1,0.25,0.125,0.25,0.15,0.1,0.0,0.0,0.0,0.0,0.0,0.0,0.125,0.25,0.0015
1911,0.0,0.0,0.25,0.25,0.0,0.0,0.25,0.1,0.1,0.15,0.1,0.0,0.0,0.0,0.0,0.15,0.1,0.1,0.1,0.0015
1920,0.0,0.0,0.125,0.25,0.0,0.0,0.1,0.05,0.1,0.25,0.25,0.0,0.0,0.0,0.0,0.0,0.0,0.05,0.1,0.0015
1927,0.0,0.0,0.25,0.25,0.375,0.25,0.25,0.1,0.1,0.375,0.25,0.0,0.0,0.0,0.0,0.0,0.0,0.25,0.25,0.0015
1934,0.0,0.0,0.125,0.25,0.15,0.1,0.25,0.125,0.25,0.375,0.25,0.0,0.0,0.0,0.0,0.0,0.0,0.05,0.1,0.0015
1941,0.0,0.0,0.25,0.25,0.25,0.25,0.25,0.0,0.0,0.0,0.0,0.1,0.1,0.0,0.0,0.0,0.0,0.1,0.1,0.0015
1948,0.0,0.0,0.125,0.25,0.25,0.25,0.0,0.125,0.25,0.0,0.0,0.05,0.1,0.0,0.0,0.0,0.0,0.0,0.0,0.0015
1958,0.0,0.0,0.125,0.25,0.15,0.1,0.25,0.125,0.25,0.0,0.0,0.05,0.1,0.15,0.1,0.0,0.0,0.0,0.0,0.0015
1968,0.0,0.0,0.125,0.25,0.0,0.0,0.1,0.05,0.1,0.0,0.0,0.05,0.1,0.0,0.0,0.1,0.1,0.125,0.25,0.0015
1979,0.0,0.0,0.25,0.25,0.15,0.1,0.0,0.25,0.25,0.0,0.0,0.1,0.1,0.0,0.0,0.15,0.1,0.1,0.1,0.0015
1986,0.0,0.0,0.125,0.25,0.15,0.1,0.1,0.0,0.0,0.15,0.1,0.05,0.1,0.0,0.0,0.0,0.0,0.125,0.25,0.0015
1994,0.0,0.0,0.125,0.25,0.0,0.0,0.25,0.125,0.25,0.15,0.1,0.05,0.1,0.0,0.0,0.0,0.0,0.05,0.1,0.0015
2003,0.0,0.0,0.25,0.25,0.15,0.1,0.25,0.1,0.1,0.15,0.1,0.1,0.1,0.0,0.0,0.15,0.1,0.1,0.1,0.0015
2015,0.0,0.0,0.25,0.25,0.375,0.25,0.25,0.25,0.25,0.15,0.1,0.1,0.1,0.0,0.0,0.15,0.1,0.25,0.25,0.0015
2024,0.0,0.0,0.125,0.25,0.1,0.1,0.1,0.0,0.0,0.25,0.25,0.05,0.1,0.0,0.0,0.0,0.0,0.125,0.25,0.0015
2033,0.0,0.0,0.25,0.25,0.1,0.1,0.25,0.25,0.25,0.25,0.25,0.1,0.1,0.0,0.0,0.0,0.0,0.1,0.1,0.0015
2040,0.0,0.0,0.125,0.25,0.1,0.1,0.25,0.0,0.0,0.0,0.0,0.125,0.25,0.0,0.0,0.0,0.0,0.0,0.0,0.0015
2047,0.0,0.0,0.25,0.25,0.375,0.25,0.1,0.0,0.0,0.0,0.0,0.25,0.25,0.0,0.0,0.0,0.0,0.1,0.1,0.0015
2054,0.0,0.0,0.125,0.25,0.0,0.0,0.25,0.05,0.1,0.0,0.0,0.125,0.25,0.0,0.0,0.0,0.0,0.05,0.1,0.0015
2061,0.0,0.0,0.25,0.25,0.25,0.25,0.25,0.25,0.25,0.0,0.0,0.25,0.25,0.0,0.0,0.0,0.0,0.1,0.1,0.0015
2065,0.0,0.0,0.25,0.25,0.1,0.1,0.25,0.25,0.25,0.0,0.0,0.25,0.25,0.0,0.0,0.0,0.0,0.25,0.25,0.0015
2071,0.0,0.0,0.25,0.25,0.0,0.0,0.25,0.25,0.25,0.0,0.0,0.25,0.25,0.15,0.1,0.0,0.0,0.0,0.0,0.0015
2081,0.0,0.0,0.25,0.25,0.25,0.25,0.25,0.1,0.1,0.0,0.0,0.25,0.25,0.0,0.0,0.1,0.1,0.0,0.0,0.0015
2094,0.0,0.0,0.125,0.25,0.0,0.0,0.0,0.125,0.25,0.0,0.0,0.125,0.25,0.0,0.0,0.15,0.1,0.0,0.0,0.0015
2103,0.0,0.0,0.25,0.25,0.0,0.0,0.25,0.25,0.25,0.0,0.0,0.25,0.25,0.0,0.0,0.15,0.1,0.25,0.25,0.0015
2110,0.0,0.0,0.125,0.25,0.15,0.1,0.1,0.0,0.0,0.15,0.1,0.125,0.25,0.0,0.0,0.0,0.0,0.05,0.1,0.0015
2117,0.0,0.0,0.25,0.25,0.0,0.0,0.25,0.1,0.1,0.1,0.1,0.25,0.25,0.0,0.0,0.0,0.0,0.0,0.0,0.0015
2123,0.0,0.0,0.25,0.25,0.375,0.25,0.1,0.1,0.1,0.15,0.1,0.25,0.25,0.0,0.0,0.0,0.0,0.1,0.1,0.0015
2134,0.0,0.0,0.125,0.25,0.0,0.0,0.25,0.05,0.1,0.15,0.1,0.125,0.25,0.0,0.0,0.15,0.1,0.0,0.0,0.0015
2154,0.15,0.1,0.125,0.25,0.0,0.0,0.25,0.125,0.25,0.15,0.1,0.125,0.25,0.0,0.0,0.15,0.1,0.125,0.25,0.0015
2165,0.0,0.0,0.25,0.25,0.1,0.1,0.25,0.1,0.1,0.25,0.25,0.25,0.25,0.0,0.0,0.0,0.0,0.25,0.25,0.0015
2177,0.0,0.0,0.25,0.25,0.0,0.0,0.25,0.25,0.25,0.25,0.25,0.25,0.25,0.0,0.0,0.25,0.25,0.0,0.0,0.0015
2182,0.0,0.0,0.0,0.0,0.15,0.1,0.25,0.125,0.25,0.0,0.0,0.125,0.25,0.0,0.0,0.0,0.0,0.125,0.25,0.0015
2189,0.0,0.0,0.1,0.1,0.1,0.1,0.25,0.1,0.1,0.0,0.0,0.1,0.1,0.0,0.0,0.0,0.0,0.1,0.1,0.0015
2195,0.0,0.0,0.1,0.1,0.0,0.0,0.25,0.1,0.1,0.0,0.0,0.1,0.1,0.0,0.0,0.0,0.0,0.25,0.25,0.0015
2203,0.0,0.0,0.1,0.1,0.0,0.0,0.25,0.1,0.1,0.0,0.0,0.25,0.25,0.0,0.0,0.0,0.0,0.1,0.1,0.0015
2208,0.0,0.0,0.05,0.1,0.0,0.0,0.25,0.0,0.0,0.0,0.0,0.125,0.25,0.0,0.0,0.1,0.1,0.125,0.25,0.0015
2216,0.0,0.0,0.05,0.1,0.1,0.1,0.1,0.125,0.25,0.1,0.1,0.125,0.25,0.0,0.0,0.0,0.0,0.125,0.25,0.0015
2222,0.0,0.0,0.125,0.25,0.0,0.0,0.25,0.05,0.1,0.0,0.0,0.0,0.0,0.0,0.0,0.0,0.0,0.0,0.0,0.0015
2235,0.0,0.0,0.25,0.25,0.0,0.0,0.25,0.25,0.25,0.0,0.0,0.0,0.0,0.0,0.0,0.15,0.1,0.1,0.1,0.0015
2241,0.0,0.0,0.25,0.25,0.0,0.0,0.1,0.0,0.0,0.1,0.1,0.0,0.0,0.0,0.0,0.0,0.0,0.25,0.25,0.0015
2250,0.0,0.0,0.125,0.25,0.15,0.1,0.25,0.05,0.1,0.15,0.1,0.0,0.0,0.0,0.0,0.0,0.0,0.05,0.1,0.0015
2256,0.0,0.0,0.125,0.25,0.25,0.25,0.25,0.125,0.25,0.1,0.1,0.0,0.0,0.0,0.0,0.0,0.0,0.0,0.0,0.0015
2263,0.0,0.0,0.25,0.25,0.15,0.1,0.25,0.25,0.25,0.15,0.1,0.0,0.0,0.0,0.0,0.0,0.0,0.1,0.1,0.0015
2269,0.0,0.0,0.25,0.25,0.25,0.25,0.1,0.25,0.25,0.1,0.1,0.0,0.0,0.0,0.0,0.1,0.1,0.0,0.0,0.0015
2285,0.0,0.0,0.25,0.25,0.0,0.0,0.25,0.25,0.25,0.1,0.1,0.0,0.0,0.1,0.1,0.1,0.1,0.25,0.25,0.0015
2292,0.0,0.0,0.125,0.25,0.1,0.1,0.1,0.05,0.1,0.25,0.25,0.0,0.0,0.0,0.0,0.0,0.0,0.125,0.25,0.0015
2299,0.0,0.0,0.25,0.25,0.375,0.25,0.25,0.25,0.25,0.375,0.25,0.0,0.0,0.0,0.0,0.0,0.0,0.1,0.1,0.0015
2305,0.0,0.0,0.25,0.25,0.1,0.1,0.25,0.1,0.1,0.0,0.0,0.1,0.1,0.0,0.0,0.0,0.0,0.0,0.0,0.0015
2312,0.0,0.0,0.125,0.25,0.25,0.25,0.25,0.05,0.1,0.0,0.0,0.05,0.1,0.1,0.1,0.0,0.0,0.05,0.1,0.0015
2319,0.0,0.0,0.25,0.25,0.375,0.25,0.25,0.25,0.25,0.0,0.0,0.1,0.1,0.15,0.1,0.0,0.0,0.0,0.0,0.0015
2327,0.0,0.0,0.25,0.25,0.0,0.0,0.25,0.0,0.0,0.0,0.0,0.1,0.1,0.0,0.0,0.15,0.1,0.25,0.25,0.0015
2334,0.0,0.0,0.125,0.25,0.0,0.0,0.0,0.05,0.1,0.0,0.0,0.05,0.1,0.0,0.0,0.15,0.1,0.125,0.25,0.0015
2343,0.0,0.0,0.25,0.25,0.15,0.1,0.25,0.25,0.25,0.0,0.0,0.1,0.1,0.0,0.0,0.15,0.1,0.25,0.25,0.0015
2351,0.0,0.0,0.25,0.25,0.0,0.0,0.25,0.1,0.1,0.15,0.1,0.1,0.1,0.0,0.0,0.0,0.0,0.0,0.0,0.0015
2358,0.0,0.0,0.125,0.25,0.15,0.1,0.1,0.05,0.1,0.15,0.1,0.05,0.1,0.0,0.0,0.0,0.0,0.125,0.25,0.0015
2363,0.0,0.0,0.25,0.25,0.375,0.25,0.25,0.25,0.25,0.15,0.1,0.1,0.1,0.0,0.0,0.0,0.0,0.25,0.25,0.0015
2369,0.0,0.0,0.25,0.25,0.0,0.0,0.25,0.1,0.1,0.1,0.1,0.1,0.1,0.0,0.0,0.1,0.1,0.1,0.1,0.0015
2377,0.0,0.0,0.25,0.25,0.25,0.25,0.1,0.25,0.25,0.1,0.1,0.1,0.1,0.0,0.0,0.1,0.1,0.1,0.1,0.0015
2390,0.0,0.0,0.125,0.25,0.15,0.1,0.25,0.05,0.1,0.375,0.25,0.05,0.1,0.0,0.0,0.0,0.0,0.0,0.0,0.0015
2396,0.0,0.0,0.125,0.25,0.25,0.25,0.1,0.05,0.1,0.25,0.25,0.05,0.1,0.0,0.0,0.0,0.0,0.125,0.25,0.0015
2404,0.0,0.0,0.125,0.25,0.0,0.0,0.1,0.125,0.25,0.25,0.25,0.05,0.1,0.0,0.0,0.0,0.0,0.125,0.25,0.0015
2410,0.0,0.0,0.125,0.25,0.15,0.1,0.25,0.0,0.0,0.0,0.0,0.125,0.25,0.0,0.0,0.0,0.0,0.125,0.25,0.0015
2417,0.0,0.0,0.25,0.25,0.1,0.1,0.25,0.1,0.1,0.0,0.0,0.25,0.25,0.0,0.0,0.0,0.0,0.25,0.25,0.0015
2424,0.0,0.0,0.125,0.25,0.0,0.0,0.25,0.125,0.25,0.0,0.0,0.125,0.25,0.0,0.0,0.0,0.0,0.0,0.0,0.0015
2430,0.0,0.0,0.125,0.25,0.0,0.0,0.1,0.05,0.1,0.0,0.0,0.125,0.25,0.0,0.0,0.15,0.1,0.0,0.0,0.0015
2439,0.0,0.0,0.25,0.25,0.375,0.25,0.25,0.1,0.1,0.0,0.0,0.25,0.25,0.0,0.0,0.15,0.1,0.1,0.1,0.0015
2445,0.0,0.0,0.25,0.25,0.1,0.1,0.1,0.25,0.25,0.0,0.0,0.25,0.25,0.0,0.0,0.1,0.1,0.0,0.0,0.0015
2461,0.0,0.0,0.25,0.25,0.1,0.1,0.25,0.25,0.25,0.0,0.0,0.25,0.25,0.1,0.1,0.1,0.1,0.25,0.25,0.0015
2470,0.0,0.0,0.125,0.25,0.15,0.1,0.25,0.05,0.1,0.15,0.1,0.125,0.25,0.0,0.0,0.0,0.0,0.0,0.0,0.0015
2476,0.0,0.0,0.125,0.25,0.25,0.25,0.1,0.05,0.1,0.1,0.1,0.125,0.25,0.0,0.0,0.0,0.0,0.125,0.25,0.0015
2482,0.0,0.0,0.125,0.25,0.0,0.0,0.25,0.125,0.25,0.15,0.1,0.125,0.25,0.0,0.0,0.0,0.0,0.0,0.0,0.0015
2488,0.0,0.0,0.125,0.25,0.25,0.25,0.25,0.125,0.25,0.1,0.1,0.125,0.25,0.1,0.1,0.0,0.0,0.125,0.25,0.0015
2499,0.0,0.0,0.25,0.25,0.375,0.25,0.25,0.25,0.25,0.15,0.1,0.25,0.25,0.0,0.0,0.15,0.1,0.0,0.0,0.0015
2508,0.0,0.0,0.125,0.25,0.25,0.25,0.25,0.05,0.1,0.25,0.25,0.125,0.25,0.0,0.0,0.0,0.0,0.05,0.1,0.0015
2514,0.0,0.0,0.125,0.25,0.375,0.25,0.25,0.05,0.1,0.375,0.25,0.125,0.25,0.0,0.0,0.0,0.0,0.125,0.25,0.0015
2521,0.0,0.0,0.25,0.25,0.1,0.1,0.25,0.25,0.25,0.25,0.25,0.25,0.25,0.0,0.0,0.0,0.0,0.25,0.25,0.0015
