1,0,0,0,0,0,0
5,0,0,0,0,0,0
11,0,0,0,0,0,0
20,0,0,0,0,0,0
28,0,0,0,0,0,0
34,0,0,0,0,0,0
42,0,0,0,0,0,0
49,0,0,0,2,0,0
57,0,0,0,0,0,0
65,0,0,0,0,0,0
74,0,0,0,0,0,0
81,0,0,0,1,0,0
89,0,0,0,0,0,0
96,0,0,0,0,0,0
104,0,0,0,1,0,0
113,0,0,0,1,0,0
120,0,0,0,0,0,0
129,0,0,0,0,0,0
136,0,0,0,1,0,0
142,0,0,0,1,1,0
150,0,0,0,0,1,0
158,0,0,0,0,0,0
166,0,0,0,0,0,0
174,0,0,0,0,0,0
182,0,0,0,1,0,0
190,0,0,0,0,0,0
208,0,0,0,1,0,0
221,0,0,0,1,0,0
228,0,0,0,0,0,0
236,0,0,0,0,0,0
244,0,0,0,0,0,0
252,0,0,0,0,0,0
260,0,0,0,0,0,0
267,0,0,0,2,1,0
277,0,1,0,0,0,1
285,0,0,0,0,0,0
294,0,0,0,2,0,0
302,0,0,0,2,0,0
310,0,0,0,2,0,0
318,0,0,0,1,2,0
330,0,0,0,0,1,0
346,0,0,0,1,0,0
355,0,0,0,0,0,0
361,0,0,0,0,0,0
368,0,0,0,0,0,0
376,0,0,0,1,0,0
395,0,0,0,0,0,0
403,0,0,0,0,0,0
411,0,0,0,2,1,0
418,0,0,0,0,0,0
425,0,0,0,0,0,0
431,0,0,0,0,0,0
439,0,0,0,0,0,0
447,0,0,0,2,0,0
457,0,0,0,2,0,0
465,0,0,0,2,0,0
473,0,0,0,1,0,0
485,0,0,0,2,0,0
492,0,0,0,0,0,0
500,0,0,0,0,0,0
510,0,0,0,1,1,0
518,0,0,0,1,2,0
527,0,0,0,2,2,0
533,0,0,0,2,0,0
540,0,0,0,0,0,0
548,0,0,0,0,0,0
568,0,0,0,0,0,0
573,0,0,0,0,0,0
581,0,0,0,0,0,0
602,0,0,0,1,2,0
608,0,0,0,0,0,0
615,0,0,0,0,0,0
621,0,0,0,0,0,0
630,0,0,0,0,0,0
636,0,0,0,0,0,0
646,0,0,0,0,0,0
652,0,0,0,0,0,0
663,0,0,0,1,0,0
671,0,0,0,0,0,0
680,0,0,0,0,0,0
689,0,0,0,1,0,0
696,0,0,0,0,0,0
704,0,0,0,0,0,0
712,0,0,0,0,0,0
723,0,0,0,0,0,0
731,0,0,0,1,1,0
739,0,0,0,0,0,0
747,0,0,0,2,1,0
755,0,0,0,2,1,0
762,0,0,0,0,0,0
770,0,0,0,0,0,0
778,0,0,0,1,1,0
787,0,0,0,1,1,0
794,0,0,0,0,0,0
802,0,0,0,0,0,0
810,0,0,0,0,0,0
817,0,0,0,0,0,0
827,0,0,0,1,1,0
834,0,0,0,1,1,0
841,0,0,0,1,0,0
849,0,0,0,0,0,0
857,0,0,0,0,0,0
868,0,0,0,0,0,0
876,0,0,0,0,0,0
884,0,0,0,0,0,0
890,0,0,0,1,1,0
905,0,0,0,1,0,0
915,0,0,0,0,1,0
921,0,0,0,2,0,0
938,0,0,0,0,0,0
945,0,0,0,2,0,0
954,0,0,0,1,1,0
962,0,0,0,0,0,0
970,0,0,0,1,1,0
979,0,0,0,2,1,0
987,0,0,0,2,1,0
994,0,0,0,0,0,0
1012,0,0,0,0,0,0
1026,0,0,0,0,0,0
1033,0,0,0,0,0,0
1048,0,0,0,0,0,0
1056,0,0,0,1,0,0
1065,0,0,0,0,0,0
1073,0,0,0,0,0,0
1081,0,0,0,2,0,0
1095,0,0,0,0,0,0
1103,0,0,0,2,1,0
1109,0,0,0,0,0,0
1116,0,0,0,1,0,0
1124,0,0,0,1,0,0
1132,0,0,0,0,0,0
1140,0,0,0,2,0,0
1153,0,0,0,2,0,0
1161,0,0,0,0,0,0
1169,0,0,0,2,0,0
1176,0,0,0,1,0,0
1184,0,0,0,0,0,0
1193,0,0,0,0,0,0
1200,0,0,0,0,0,0
1204,0,0,0,0,0,0
1213,0,0,0,0,0,0
1221,0,0,0,2,0,0
1231,0,0,0,2,0,0
1239,0,0,0,0,0,0
1253,0,0,0,0,0,0
1268,0,0,0,0,0,0
1277,0,0,0,1,0,0
1286,0,0,0,0,0,0
1294,0,0,0,0,0,0
1302,0,0,0,0,0,0
1310,0,0,0,0,0,0
1318,0,0,0,0,0,0
1326,0,0,0,0,0,0
1334,0,0,0,0,2,0
1342,0,0,0,0,0,0
1350,0,0,0,0,0,0
1357,0,0,0,0,0,0
1366,0,0,0,0,0,0
1375,0,0,0,0,0,0
1383,0,0,0,0,0,0
1391,0,0,0,0,0,0
1398,0,0,0,0,0,0
1406,0,0,0,1,1,0
1436,0,0,0,1,0,0
1444,0,0,0,0,0,0
1453,0,0,0,0,0,0
1461,0,0,0,0,0,0
1484,0,0,0,0,0,0
1492,0,0,0,2,0,0
1502,0,0,0,2,1,0
1510,0,0,0,0,0,0
1518,0,0,0,2,0,0
1526,0,0,0,2,0,0
1534,0,0,0,0,1,0
1541,0,0,0,0,0,0
1552,0,0,0,1,0,0
1560,0,0,0,1,0,0
1568,0,0,0,0,0,0
1576,0,0,0,0,0,0
1584,0,0,0,0,0,0
1592,0,0,0,0,0,0
1608,0,0,0,0,0,0
1626,0,0,0,0,0,0
1634,0,0,0,1,0,0
1645,0,0,0,0,0,0
1654,0,0,0,1,1,0
1664,0,0,0,2,2,0
1672,0,0,0,0,0,0
1683,0,0,0,2,1,0
1691,0,0,0,0,0,0
1699,0,0,0,1,0,0
1708,0,0,0,0,0,0
1718,0,0,0,0,1,0
1726,0,0,0,2,1,0
1734,0,0,0,2,0,0
1742,0,0,0,0,0,0
1751,0,0,0,0,0,0
1759,0,0,0,0,0,0
1773,0,0,0,0,0,0
1780,0,0,0,0,0,0
1789,0,0,0,1,0,0
1797,0,0,0,2,0,0
1804,0,0,0,0,0,0
1815,0,0,0,1,0,0
1822,0,0,0,1,0,0
1829,0,0,0,2,0,0
1837,0,0,0,2,0,0
1846,0,0,0,0,0,0
1855,0,0,0,0,0,0
1865,0,0,0,0,0,0
1880,0,0,0,2,0,0
1895,0,0,0,0,1,0
1911,0,0,0,0,0,0
1919,0,0,0,0,0,0
1927,0,0,0,1,0,0
1935,0,0,0,0,0,0
1944,0,0,0,0,0,0
1951,0,0,0,1,0,0
1960,0,0,0,0,0,0
1967,0,0,0,0,0,0
1975,0,0,0,1,0,0
1983,0,0,0,0,0,0
1991,0,0,0,0,1,0
2001,0,0,0,1,0,0
2012,0,0,0,0,0,0
2026,0,0,0,0,0,0
2029,0,0,0,0,0,0
2040,0,0,0,2,0,0
2048,0,0,0,2,0,0
2056,0,0,0,0,0,0
2064,0,0,0,0,0,0
2069,0,0,0,1,0,0
2092,0,0,0,1,0,0
2101,0,0,0,2,0,0
2112,0,0,0,0,0,0
2119,0,0,0,1,1,0
2130,0,0,0,0,0,0
2137,0,0,0,0,0,0
2145,0,0,0,0,0,0
2155,0,0,0,0,0,0
2162,0,0,0,1,1,0
2169,0,0,0,3,0,0
2178,0,0,0,0,2,0
2184,0,0,0,0,0,0
2191,0,0,0,1,0,0
2201,0,0,0,0,0,0
2209,0,0,0,0,0,0
2218,0,0,0,0,0,0
2227,0,0,0,0,0,0
2236,0,0,0,0,0,0
2245,0,0,0,0,0,0
2257,0,0,0,2,0,0
2265,0,0,0,2,0,0
2274,0,0,0,0,0,0
2280,0,0,0,0,0,0
2296,0,0,0,0,0,0
2305,0,0,0,0,0,0
2312,0,0,0,0,0,0
2318,0,0,0,1,1,0
2326,0,0,0,0,0,0
2334,0,0,0,0,0,0
2357,0,0,0,1,0,0
2366,0,0,0,2,0,0
2374,0,0,0,1,0,0
2382,0,0,0,0,0,0
2390,0,0,0,2,1,0
2398,0,0,0,3,1,0
2406,0,0,0,1,0,0
2414,0,0,0,2,0,0
2420,0,0,0,0,0,0
2428,0,0,0,0,0,0
2435,0,0,0,0,0,0
2441,0,0,0,0,0,0
2449,0,0,0,1,0,0
2457,0,0,0,0,0,0
2468,0,0,0,2,1,0
2477,0,0,0,0,0,0
2508,0,0,0,0,0,0
2527,0,0,0,1,0,0
2535,0,0,0,0,0,0
2541,0,0,0,1,0,0
2549,0,0,0,1,0,0
2558,0,0,0,0,0,0
2566,0,0,0,0,0,0
2574,0,0,0,0,1,0
2581,0,0,0,0,0,0
2590,0,0,0,1,0,0
2597,0,0,0,2,0,0
2605,0,0,0,1,0,0
2613,0,0,0,0,0,0
2623,0,0,0,1,0,0
2631,0,0,0,0,0,0
2647,0,0,0,2,1,0
2655,0,0,0,2,3,0
2664,0,0,0,0,0,0
2672,0,0,0,0,0,0
2681,0,0,0,0,0,0
2688,0,0,0,0,0,0
2696,0,0,0,0,0,0
2710,0,0,0,1,1,0
2718,0,0,0,1,1,0
2726,0,0,0,0,0,0
2747,0,0,0,3,3,0
2758,0,0,0,1,0,0
2766,0,0,0,2,0,0
2773,0,0,0,0,0,0
2782,0,0,0,0,1,0
2791,0,0,0,2,0,0
2799,0,0,0,2,1,0
2807,0,0,0,2,0,0
2815,0,0,0,0,0,0
2819,0,0,0,1,1,0
2826,0,0,0,0,1,0
2841,0,0,0,0,0,0
2849,0,0,0,0,0,0
2856,0,0,0,0,0,0
2865,0,0,0,3,0,0
2874,0,0,0,2,2,0
2888,0,0,0,0,0,0
2899,0,0,0,1,0,0
2907,0,0,0,0,0,0
2914,0,0,0,0,0,0
2924,0,0,0,0,0,0
2935,0,0,0,3,1,0
2943,0,0,0,2,1,0
2957,0,0,0,1,0,0
2964,0,0,0,0,0,0
2971,0,0,0,0,1,0
2980,0,0,0,0,0,0
3003,0,0,0,0,0,0
3011,0,0,0,0,0,0
3020,0,0,0,0,0,0
3029,0,0,0,0,0,0
3037,0,0,0,0,0,0
3044,0,0,0,0,0,0
3053,0,0,0,0,0,0
3061,0,0,0,0,0,0
3067,0,0,0,2,2,0
3082,0,0,0,0,0,0
3088,0,0,0,0,0,0
3096,0,0,0,0,0,0
3103,0,0,0,0,0,0
3111,0,0,0,1,0,0
3121,0,0,0,0,0,0
3128,0,0,0,0,0,0
3135,0,0,0,2,0,0
3143,0,0,0,0,0,0
3151,0,0,0,0,0,0
3162,0,0,0,1,1,0
3170,0,0,0,0,0,0
3180,0,0,0,1,0,0
3189,0,0,0,1,0,0
3197,0,0,0,0,0,0
3205,0,0,0,2,0,0
3213,0,0,0,0,0,0
3222,0,0,0,1,0,0
3229,0,0,0,1,0,0
3237,0,0,0,0,0,0
3245,0,0,0,0,0,0
3252,0,0,0,0,0,0
3261,0,0,0,1,0,0
3268,0,0,0,0,0,0
3277,0,0,0,0,0,0
3287,0,0,0,0,0,0
3292,0,0,0,0,0,0
3300,0,0,0,0,0,0
3316,0,0,0,0,0,0
3323,0,0,0,0,1,0
3332,0,0,0,2,0,0
3346,0,0,0,0,0,0
3356,0,0,0,0,0,0
3365,0,0,0,0,0,0
3373,0,0,0,0,0,0
3381,0,0,0,0,0,0
3388,0,0,0,0,0,0
3403,0,0,0,2,2,0
3411,0,0,0,2,2,0
3417,0,0,0,2,0,0
3426,0,0,0,0,0,0
3435,0,0,0,0,1,0
3449,0,0,0,0,0,0
3466,0,0,0,0,0,0
3475,0,0,0,3,2,0
3484,0,0,0,0,0,0
3492,0,0,0,2,0,0
3504,0,0,0,0,0,0
3512,0,0,0,0,0,0
3520,0,0,0,0,0,0
3528,0,0,0,0,0,0
3536,0,0,0,0,0,0
3544,0,0,0,0,0,0
3553,0,0,0,1,0,0
3567,0,0,0,0,1,0
3575,0,0,0,0,0,0
3596,0,0,0,0,0,0
3605,0,0,0,0,0,0
3613,0,0,0,0,0,0
3625,0,0,0,0,0,0
3639,0,0,0,2,2,0
3649,0,0,0,0,0,0
3657,0,0,0,1,0,0
3665,0,0,0,0,0,0
3674,0,0,0,0,0,0
3681,0,0,0,2,0,0
3689,0,0,0,2,0,0
3698,0,0,0,0,0,0
3706,0,0,0,0,0,0
3712,0,0,0,0,0,0
3721,0,0,0,2,0,0
3729,0,0,0,1,0,0
3737,0,0,0,0,0,0
3744,0,0,0,1,0,0
3749,0,0,0,2,0,0
3759,0,0,0,0,0,0
3766,0,0,0,0,0,0
3773,1,1,0,0,0,0
3782,0,0,0,0,0,0
3788,0,0,0,0,0,0
3799,0,0,0,1,1,0
3806,0,0,0,1,1,0
3814,0,0,0,0,0,0
3822,0,0,0,0,0,0
3830,0,0,0,1,0,0
3838,0,0,0,0,0,0
3851,0,0,0,1,1,0
3860,0,0,0,0,0,0
3869,0,0,0,0,0,0
3875,0,0,0,1,1,0
3883,0,0,0,0,0,0
3891,0,0,0,2,2,0
3906,0,0,0,1,1,0
3913,0,0,0,2,0,0
3922,0,0,0,0,0,0
3930,0,0,0,0,0,0
3938,0,0,0,0,0,0
3946,0,0,0,2,1,0
3954,0,0,0,0,1,0
3962,0,0,0,1,1,0
3970,0,0,0,0,0,0
3979,0,0,0,2,1,0
3987,0,0,0,2,1,0
3995,0,0,0,1,1,0
4004,0,0,0,0,0,0
4017,0,0,0,0,0,0
4029,0,0,0,2,0,0
4038,0,0,0,0,0,0
4051,0,0,0,0,0,0
4066,0,0,0,1,1,0
4075,0,0,0,2,1,0
4083,0,0,0,0,0,0
4090,0,0,0,0,0,0
4098,0,0,0,1,1,0
4106,0,0,0,2,2,0
4117,0,0,0,0,0,0
4125,0,0,0,3,0,0
4133,0,0,0,2,0,0
4144,0,0,0,0,0,0
4150,0,0,0,0,0,0
4168,0,0,0,0,0,0
4176,0,0,0,0,0,0
4182,0,0,0,0,0,0
4192,0,0,0,2,0,0
4200,0,0,0,2,0,0
4208,0,0,0,0,0,0
4217,0,0,0,0,0,0
4223,0,0,0,0,0,0
4231,0,0,0,2,2,0
4242,0,0,0,0,0,0
4252,0,0,0,2,0,0
4268,0,0,0,0,0,0
4276,0,0,0,0,0,0
4289,0,0,0,2,0,0
4294,0,0,0,0,0,0
4303,0,0,0,1,0,0
4311,0,0,0,0,0,0
4333,0,0,0,0,0,0
4337,0,0,0,1,0,0
4347,0,0,0,1,2,0
4356,0,0,0,0,0,0
4367,0,0,0,0,0,0
4375,0,0,0,0,0,0
4383,0,0,0,0,0,0
4392,0,0,0,0,0,0
4400,0,0,0,0,0,0
4408,0,0,0,0,0,0
4416,0,0,0,0,0,0
4424,0,0,0,0,0,0
4429,0,0,0,1,0,0
4438,0,0,0,0,0,0
4447,0,0,0,1,1,0
4461,0,0,0,1,0,0
4469,0,0,0,1,0,0
4477,0,0,0,2,0,0
4485,0,0,0,0,0,0
4495,0,0,0,0,0,0
4502,0,0,0,1,1,0
4509,0,0,0,0,0,0
4516,0,0,0,0,0,0
4525,0,0,0,0,0,0
4534,0,0,0,1,1,0
4542,0,0,0,1,0,0
4549,0,0,0,0,0,0
4565,0,0,0,2,0,0
4575,0,0,0,2,0,0
4583,0,0,0,0,0,0
4592,0,0,0,0,0,0
4601,0,0,0,0,0,0
4609,0,0,0,1,0,0
4616,0,0,0,1,0,0
4624,0,0,0,0,0,0
4632,0,0,0,0,0,0
4640,0,0,0,0,0,0
4647,0,0,0,0,0,0
4655,0,0,0,1,0,0
4663,0,0,0,2,0,0
4681,0,0,0,0,0,0
4690,0,0,0,0,0,0
4693,0,0,0,1,0,0
4702,0,0,0,1,1,0
4710,0,0,0,0,1,0
4719,0,0,0,1,1,0
4726,0,0,0,1,1,0
4735,0,0,0,2,0,0
4743,0,0,0,0,0,0
4750,0,0,0,1,0,0
4758,0,0,0,1,0,0
4777,0,0,0,0,0,0
4785,0,0,0,0,0,0
4796,0,0,0,0,0,0
4804,0,0,0,0,0,0
4813,0,0,0,2,0,0
4825,0,0,0,0,0,0
4833,0,0,0,2,0,0
4840,0,0,0,0,0,0
4848,0,0,0,2,1,0
4859,0,0,0,0,0,0
4872,0,0,0,1,0,0
4881,0,0,0,1,0,0
4891,0,0,0,2,3,0
4899,0,0,0,1,2,0
4908,0,0,0,1,0,0
4916,0,0,0,2,0,0
4924,0,0,0,2,0,0
4938,0,0,0,1,1,0
4944,0,0,0,1,0,0
4955,0,0,0,1,2,0
4962,0,0,0,0,1,0
4969,0,0,0,2,0,0
4977,0,0,0,0,0,0
4991,0,0,0,0,0,0
5001,0,0,0,2,0,0
5009,0,0,0,0,0,0
5018,0,0,0,0,0,0
5025,0,0,0,0,0,0
5031,0,0,0,2,0,0
5040,0,0,0,1,1,0
5049,0,0,0,0,0,0
