9,0.1,0.1,0.05,0.1,0.05,0.1,0.12,0.25,0.0,0.0,0.0,0.0,0.05,0.1,0.25,0.0,0.0,0.0,0.0
17,0.25,0.25,0.05,0.1,0.05,0.1,0.0,0.0,0.0,0.0,0.0,0.0,0.12,0.25,0.1,0.0,0.0,0.0,0.0
25,0.1,0.1,0.12,0.25,0.05,0.1,0.0,0.0,0.0,0.0,0.0,0.0,0.0,0.0,0.25,0.0,0.0,0.0,0.0
35,0.25,0.25,0.25,0.25,0.1,0.1,0.1,0.1,0.0,0.0,0.0,0.0,0.1,0.1,0.25,0.0,0.0,0.0,0.0
44,0.15,0.1,0.12,0.25,0.05,0.1,0.12,0.25,0.0,0.0,0.0,0.0,0.05,0.1,0.12,0.0,0.0,0.0,0.0
52,0.15,0.1,0.12,0.25,0.05,0.1,0.05,0.1,0.0,0.0,0.15,0.1,0.12,0.25,0.05,0.0,0.0,0.0,0.0
60,0.0,0.0,0.12,0.25,0.05,0.1,0.12,0.25,0.0,0.0,0.0,0.0,0.12,0.25,0.05,0.0,0.0,0.15,0.1
67,0.0,0.0,0.25,0.25,0.1,0.1,0.25,0.25,0.0,0.0,0.0,0.0,0.25,0.25,0.25,0.0,0.0,0.25,0.25
77,0.0,0.0,0.0,0.0,0.12,0.25,0.0,0.0,0.0,0.0,0.0,0.0,0.0,0.0,0.25,0.0,0.0,0.0,0.0
85,0.0,0.0,0.0,0.0,0.12,0.25,0.05,0.1,0.0,0.0,0.0,0.0,0.0,0.0,0.25,0.0,0.0,0.0,0.0
93,0.38,0.25,0.0,0.0,0.12,0.25,0.0,0.0,0.0,0.0,0.0,0.0,0.05,0.1,0.1,0.0,0.0,0.0,0.0
101,0.0,0.0,0.0,0.0,0.12,0.25,0.12,0.25,0.0,0.0,0.0,0.0,0.05,0.1,0.25,0.15,0.1,0.0,0.0
109,0.0,0.0,0.0,0.0,0.12,0.25,0.0,0.0,0.0,0.0,0.0,0.0,0.12,0.25,0.25,0.0,0.0,0.0,0.0
117,0.38,0.25,0.0,0.0,0.12,0.25,0.05,0.1,0.0,0.0,0.0,0.0,0.12,0.25,0.1,0.0,0.0,0.0,0.0
128,0.1,0.1,0.0,0.0,0.12,0.25,0.12,0.25,0.0,0.0,0.0,0.0,0.0,0.0,0.05,0.0,0.0,0.1,0.1
139,0.1,0.1,0.0,0.0,0.25,0.25,0.0,0.0,0.0,0.0,0.0,0.0,0.25,0.25,0.25,0.0,0.0,0.1,0.1
146,0.0,0.0,0.0,0.0,0.25,0.25,0.1,0.1,0.0,0.0,0.0,0.0,0.25,0.25,0.12,0.0,0.0,0.1,0.1
153,0.25,0.25,0.0,0.0,0.12,0.25,0.0,0.0,0.0,0.0,0.1,0.1,0.05,0.1,0.25,0.0,0.0,0.1,0.1
161,0.1,0.1,0.0,0.0,0.12,0.25,0.05,0.1,0.0,0.0,0.1,0.1,0.05,0.1,0.25,0.0,0.0,0.1,0.1
169,0.0,0.0,0.0,0.0,0.12,0.25,0.12,0.25,0.0,0.0,0.1,0.1,0.05,0.1,0.25,0.0,0.0,0.1,0.1
177,0.0,0.0,0.0,0.0,0.12,0.25,0.0,0.0,0.0,0.0,0.1,0.1,0.12,0.25,0.25,0.0,0.0,0.1,0.1
186,0.1,0.1,0.0,0.0,0.25,0.25,0.1,0.1,0.0,0.0,0.1,0.1,0.25,0.25,0.05,0.0,0.0,0.1,0.1
217,0.1,0.1,0.05,0.1,0.12,0.25,0.0,0.0,0.0,0.0,0.0,0.0,0.0,0.0,0.25,0.0,0.0,0.0,0.0
223,0.15,0.1,0.1,0.1,0.25,0.25,0.0,0.0,0.0,0.0,0.0,0.0,0.0,0.0,0.25,0.0,0.0,0.0,0.0
231,0.0,0.0,0.1,0.1,0.25,0.25,0.1,0.1,0.0,0.0,0.0,0.0,0.0,0.0,0.25,0.0,0.0,0.0,0.0
240,0.1,0.1,0.05,0.1,0.12,0.25,0.12,0.25,0.0,0.0,0.0,0.0,0.05,0.1,0.12,0.0,0.0,0.0,0.0
247,0.15,0.1,0.1,0.1,0.25,0.25,0.25,0.25,0.0,0.0,0.0,0.0,0.1,0.1,0.25,0.0,0.0,0.0,0.0
254,0.0,0.0,0.1,0.1,0.25,0.25,0.0,0.0,0.0,0.0,0.0,0.0,0.1,0.1,0.12,0.15,0.1,0.0,0.0
262,0.38,0.25,0.1,0.1,0.25,0.25,0.1,0.1,0.0,0.0,0.0,0.0,0.25,0.25,0.12,0.0,0.0,0.0,0.0
269,0.15,0.1,0.05,0.1,0.12,0.25,0.12,0.25,0.0,0.0,0.0,0.0,0.12,0.25,0.25,0.0,0.0,0.0,0.0
275,0.0,0.0,0.1,0.1,0.25,0.25,0.0,0.0,0.0,0.0,0.0,0.0,0.25,0.25,0.25,0.1,0.1,0.0,0.0
283,0.0,0.0,0.1,0.1,0.25,0.25,0.0,0.0,0.0,0.0,0.1,0.1,0.1,0.1,0.1,0.0,0.0,0.0,0.0
292,0.15,0.1,0.05,0.1,0.12,0.25,0.12,0.25,0.0,0.0,0.15,0.1,0.05,0.1,0.12,0.0,0.0,0.0,0.0
301,0.38,0.25,0.05,0.1,0.12,0.25,0.0,0.0,0.0,0.0,0.15,0.1,0.12,0.25,0.1,0.0,0.0,0.0,0.0
309,0.38,0.25,0.05,0.1,0.12,0.25,0.05,0.1,0.0,0.0,0.15,0.1,0.12,0.25,0.1,0.0,0.0,0.0,0.0
317,0.0,0.0,0.05,0.1,0.12,0.25,0.12,0.25,0.0,0.0,0.0,0.0,0.0,0.0,0.25,0.0,0.0,0.15,0.1
324,0.38,0.25,0.05,0.1,0.12,0.25,0.12,0.25,0.0,0.0,0.0,0.0,0.05,0.1,0.12,0.0,0.0,0.15,0.1
332,0.0,0.0,0.05,0.1,0.12,0.25,0.0,0.0,0.0,0.0,0.0,0.0,0.12,0.25,0.12,0.0,0.0,0.15,0.1
340,0.15,0.1,0.05,0.1,0.12,0.25,0.12,0.25,0.0,0.0,0.0,0.0,0.12,0.25,0.05,0.0,0.0,0.15,0.1
347,0.25,0.25,0.1,0.1,0.25,0.25,0.0,0.0,0.0,0.0,0.1,0.1,0.25,0.25,0.1,0.0,0.0,0.1,0.1
354,0.1,0.1,0.1,0.1,0.25,0.25,0.1,0.1,0.0,0.0,0.0,0.0,0.1,0.1,0.12,0.0,0.0,0.25,0.25
362,0.0,0.0,0.1,0.1,0.25,0.25,0.25,0.25,0.0,0.0,0.0,0.0,0.1,0.1,0.12,0.0,0.0,0.25,0.25
372,0.15,0.1,0.05,0.1,0.12,0.25,0.0,0.0,0.0,0.0,0.0,0.0,0.12,0.25,0.12,0.0,0.0,0.38,0.25
381,0.0,0.0,0.05,0.1,0.12,0.25,0.05,0.1,0.0,0.0,0.0,0.0,0.12,0.25,0.25,0.0,0.0,0.38,0.25
392,0.25,0.25,0.12,0.25,0.12,0.25,0.12,0.25,0.0,0.0,0.0,0.0,0.0,0.0,0.12,0.0,0.0,0.0,0.0
400,0.0,0.0,0.12,0.25,0.12,0.25,0.12,0.25,0.1,0.1,0.0,0.0,0.0,0.0,0.12,0.0,0.0,0.0,0.0
408,0.25,0.25,0.12,0.25,0.12,0.25,0.12,0.25,0.0,0.0,0.0,0.0,0.05,0.1,0.12,0.0,0.0,0.0,0.0
417,0.1,0.1,0.12,0.25,0.12,0.25,0.0,0.0,0.0,0.0,0.0,0.0,0.05,0.1,0.25,0.1,0.1,0.0,0.0
424,0.25,0.25,0.12,0.25,0.12,0.25,0.0,0.0,0.0,0.0,0.0,0.0,0.12,0.25,0.12,0.1,0.1,0.0,0.0
433,0.1,0.1,0.12,0.25,0.12,0.25,0.0,0.0,0.0,0.0,0.1,0.1,0.0,0.0,0.25,0.0,0.0,0.0,0.0
441,0.0,0.0,0.12,0.25,0.12,0.25,0.05,0.1,0.0,0.0,0.1,0.1,0.0,0.0,0.25,0.0,0.0,0.0,0.0
453,0.15,0.1,0.12,0.25,0.12,0.25,0.05,0.1,0.0,0.0,0.15,0.1,0.05,0.1,0.0,0.0,0.0,0.0,0.0
463,0.38,0.25,0.25,0.25,0.25,0.25,0.0,0.0,0.0,0.0,0.15,0.1,0.25,0.25,0.1,0.0,0.0,0.0,0.0
470,0.15,0.1,0.25,0.25,0.25,0.25,0.1,0.1,0.0,0.0,0.15,0.1,0.25,0.25,0.05,0.0,0.0,0.0,0.0
483,0.25,0.25,0.25,0.25,0.25,0.25,0.25,0.25,0.0,0.0,0.1,0.1,0.25,0.25,0.1,0.1,0.1,0.0,0.0
486,0.38,0.25,0.25,0.25,0.25,0.25,0.25,0.25,0.0,0.0,0.15,0.1,0.25,0.25,0.05,0.15,0.1,0.0,0.0
501,0.0,0.0,0.12,0.25,0.12,0.25,0.12,0.25,0.0,0.0,0.0,0.0,0.0,0.0,0.0,0.0,0.0,0.15,0.1
511,0.38,0.25,0.25,0.25,0.25,0.25,0.0,0.0,0.0,0.0,0.0,0.0,0.25,0.25,0.25,0.0,0.0,0.15,0.1
519,0.15,0.1,0.25,0.25,0.25,0.25,0.1,0.1,0.0,0.0,0.0,0.0,0.25,0.25,0.25,0.0,0.0,0.15,0.1
526,0.0,0.0,0.25,0.25,0.25,0.25,0.25,0.25,0.0,0.0,0.0,0.0,0.25,0.25,0.12,0.0,0.0,0.15,0.1
535,0.15,0.1,0.25,0.25,0.25,0.25,0.0,0.0,0.0,0.0,0.15,0.1,0.25,0.25,0.25,0.0,0.0,0.15,0.1
543,0.15,0.1,0.25,0.25,0.25,0.25,0.25,0.25,0.0,0.0,0.15,0.1,0.25,0.25,0.25,0.0,0.0,0.15,0.1
551,0.0,0.0,0.25,0.25,0.25,0.25,0.0,0.0,0.0,0.0,0.15,0.1,0.25,0.25,0.25,0.15,0.1,0.15,0.1
567,0.0,0.0,0.25,0.25,0.25,0.25,0.25,0.25,0.0,0.0,0.0,0.0,0.0,0.0,0.1,0.0,0.0,0.38,0.25
576,0.1,0.1,0.12,0.25,0.12,0.25,0.05,0.1,0.0,0.0,0.0,0.0,0.05,0.1,0.12,0.0,0.0,0.25,0.25
587,0.25,0.25,0.25,0.25,0.25,0.25,0.25,0.25,0.0,0.0,0.0,0.0,0.1,0.1,0.1,0.0,0.0,0.25,0.25
605,0.38,0.25,0.12,0.25,0.12,0.25,0.12,0.25,0.0,0.0,0.0,0.0,0.12,0.25,0.25,0.0,0.0,0.38,0.25
612,0.15,0.1,0.12,0.25,0.0,0.0,0.05,0.1,0.0,0.0,0.0,0.0,0.12,0.25,0.12,0.0,0.0,0.0,0.0
622,0.0,0.0,0.25,0.25,0.0,0.0,0.25,0.25,0.0,0.0,0.0,0.0,0.25,0.25,0.12,0.0,0.0,0.0,0.0
629,0.0,0.0,0.0,0.0,0.05,0.1,0.12,0.25,0.0,0.0,0.0,0.0,0.0,0.0,0.25,0.0,0.0,0.0,0.0
638,0.38,0.25,0.0,0.0,0.1,0.1,0.25,0.25,0.0,0.0,0.0,0.0,0.25,0.25,0.12,0.0,0.0,0.0,0.0
644,0.0,0.0,0.05,0.1,0.05,0.1,0.05,0.1,0.0,0.0,0.0,0.0,0.05,0.1,0.12,0.0,0.0,0.0,0.0
653,0.15,0.1,0.05,0.1,0.05,0.1,0.0,0.0,0.0,0.0,0.0,0.0,0.12,0.25,0.25,0.0,0.0,0.0,0.0
662,0.0,0.0,0.1,0.1,0.1,0.1,0.1,0.1,0.0,0.0,0.15,0.1,0.25,0.25,0.12,0.15,0.1,0.0,0.0
669,0.38,0.25,0.12,0.25,0.05,0.1,0.0,0.0,0.0,0.0,0.0,0.0,0.0,0.0,0.25,0.0,0.0,0.0,0.0
676,0.38,0.25,0.12,0.25,0.05,0.1,0.12,0.25,0.0,0.0,0.0,0.0,0.12,0.25,0.12,0.0,0.0,0.0,0.0
684,0.15,0.1,0.12,0.25,0.05,0.1,0.0,0.0,0.0,0.0,0.0,0.0,0.12,0.25,0.12,0.15,0.1,0.0,0.0
692,0.0,0.0,0.12,0.25,0.05,0.1,0.0,0.0,0.0,0.0,0.15,0.1,0.12,0.25,0.12,0.0,0.0,0.0,0.0
700,0.15,0.1,0.12,0.25,0.05,0.1,0.12,0.25,0.0,0.0,0.15,0.1,0.12,0.25,0.05,0.0,0.0,0.0,0.0
709,0.0,0.0,0.12,0.25,0.05,0.1,0.12,0.25,0.0,0.0,0.0,0.0,0.12,0.25,0.25,0.0,0.0,0.15,0.1
717,0.0,0.0,0.12,0.25,0.05,0.1,0.0,0.0,0.0,0.0,0.15,0.1,0.05,0.1,0.25,0.0,0.0,0.15,0.1
726,0.38,0.25,0.0,0.0,0.25,0.25,0.0,0.0,0.0,0.0,0.0,0.0,0.0,0.0,0.12,0.0,0.0,0.0,0.0
734,0.15,0.1,0.0,0.0,0.25,0.25,0.1,0.1,0.0,0.0,0.0,0.0,0.0,0.0,0.12,0.0,0.0,0.0,0.0
742,0.0,0.0,0.0,0.0,0.25,0.25,0.25,0.25,0.0,0.0,0.0,0.0,0.0,0.0,0.12,0.0,0.0,0.0,0.0
752,0.0,0.0,0.0,0.0,0.12,0.25,0.05,0.1,0.0,0.0,0.0,0.0,0.05,0.1,0.12,0.0,0.0,0.0,0.0
760,0.25,0.25,0.0,0.0,0.12,0.25,0.12,0.25,0.0,0.0,0.0,0.0,0.05,0.1,0.12,0.1,0.1,0.0,0.0
767,0.38,0.25,0.0,0.0,0.25,0.25,0.25,0.25,0.0,0.0,0.0,0.0,0.1,0.1,0.25,0.15,0.1,0.0,0.0
775,0.15,0.1,0.0,0.0,0.25,0.25,0.0,0.0,0.0,0.0,0.0,0.0,0.25,0.25,0.0,0.0,0.0,0.0,0.0
785,0.1,0.1,0.0,0.0,0.12,0.25,0.12,0.25,0.0,0.0,0.0,0.0,0.12,0.25,0.25,0.0,0.0,0.0,0.0
793,0.0,0.0,0.0,0.0,0.12,0.25,0.0,0.0,0.0,0.0,0.0,0.0,0.12,0.25,0.25,0.1,0.1,0.0,0.0
801,0.0,0.0,0.0,0.0,0.12,0.25,0.0,0.0,0.0,0.0,0.1,0.1,0.05,0.1,0.25,0.1,0.1,0.0,0.0
812,0.0,0.0,0.0,0.0,0.12,0.25,0.12,0.25,0.0,0.0,0.0,0.0,0.0,0.0,0.12,0.0,0.0,0.15,0.1
821,0.0,0.0,0.0,0.0,0.12,0.25,0.0,0.0,0.0,0.0,0.0,0.0,0.05,0.1,0.25,0.0,0.0,0.15,0.1
830,0.15,0.1,0.0,0.0,0.25,0.25,0.25,0.25,0.0,0.0,0.0,0.0,0.1,0.1,0.05,0.0,0.0,0.15,0.1
843,0.0,0.0,0.0,0.0,0.25,0.25,0.0,0.0,0.0,0.0,0.1,0.1,0.1,0.1,0.25,0.0,0.0,0.1,0.1
851,0.1,0.1,0.0,0.0,0.25,0.25,0.0,0.0,0.0,0.0,0.1,0.1,0.25,0.25,0.1,0.0,0.0,0.1,0.1
859,0.0,0.0,0.0,0.0,0.25,0.25,0.25,0.25,0.0,0.0,0.0,0.0,0.0,0.0,0.1,0.0,0.0,0.25,0.25
870,0.15,0.1,0.0,0.0,0.25,0.25,0.1,0.1,0.0,0.0,0.0,0.0,0.1,0.1,0.12,0.0,0.0,0.38,0.25
882,0.0,0.0,0.0,0.0,0.25,0.25,0.0,0.0,0.0,0.0,0.0,0.0,0.25,0.25,0.12,0.0,0.0,0.25,0.25
891,0.1,0.1,0.0,0.0,0.25,0.25,0.25,0.25,0.0,0.0,0.0,0.0,0.25,0.25,0.1,0.0,0.0,0.25,0.25
907,0.25,0.25,0.1,0.1,0.25,0.25,0.0,0.0,0.0,0.0,0.0,0.0,0.1,0.1,0.25,0.0,0.0,0.0,0.0
917,0.15,0.1,0.05,0.1,0.12,0.25,0.05,0.1,0.0,0.0,0.0,0.0,0.05,0.1,0.25,0.0,0.0,0.0,0.0
926,0.0,0.0,0.1,0.1,0.25,0.25,0.25,0.25,0.0,0.0,0.0,0.0,0.1,0.1,0.12,0.0,0.0,0.0,0.0
936,0.1,0.1,0.05,0.1,0.12,0.25,0.05,0.1,0.1,0.1,0.0,0.0,0.12,0.25,0.05,0.0,0.0,0.0,0.0
944,0.1,0.1,0.05,0.1,0.12,0.25,0.0,0.0,0.0,0.0,0.1,0.1,0.12,0.25,0.05,0.0,0.0,0.0,0.0
951,0.15,0.1,0.1,0.1,0.25,0.25,0.0,0.0,0.0,0.0,0.15,0.1,0.25,0.25,0.1,0.0,0.0,0.0,0.0
961,0.0,0.0,0.05,0.1,0.12,0.25,0.05,0.1,0.0,0.0,0.0,0.0,0.0,0.0,0.1,0.0,0.0,0.1,0.1
968,0.25,0.25,0.05,0.1,0.12,0.25,0.0,0.0,0.0,0.0,0.0,0.0,0.12,0.25,0.12,0.0,0.0,0.1,0.1
974,0.38,0.25,0.1,0.1,0.25,0.25,0.0,0.0,0.0,0.0,0.0,0.0,0.25,0.25,0.12,0.0,0.0,0.15,0.1
982,0.15,0.1,0.1,0.1,0.25,0.25,0.1,0.1,0.0,0.0,0.0,0.0,0.25,0.25,0.12,0.0,0.0,0.15,0.1
991,0.0,0.0,0.1,0.1,0.25,0.25,0.25,0.25,0.0,0.0,0.0,0.0,0.25,0.25,0.25,0.0,0.0,0.15,0.1
999,0.0,0.0,0.1,0.1,0.25,0.25,0.0,0.0,0.0,0.0,0.15,0.1,0.25,0.25,0.1,0.0,0.0,0.15,0.1
1019,0.25,0.25,0.1,0.1,0.25,0.25,0.25,0.25,0.0,0.0,0.0,0.0,0.0,0.0,0.1,0.0,0.0,0.25,0.25
1030,0.0,0.0,0.1,0.1,0.25,0.25,0.0,0.0,0.0,0.0,0.0,0.0,0.1,0.1,0.12,0.0,0.0,0.38,0.25
1050,0.25,0.25,0.1,0.1,0.25,0.25,0.1,0.1,0.0,0.0,0.0,0.0,0.25,0.25,0.12,0.0,0.0,0.25,0.25
1057,0.1,0.1,0.05,0.1,0.12,0.25,0.12,0.25,0.0,0.0,0.0,0.0,0.12,0.25,0.25,0.0,0.0,0.25,0.25
1064,0.0,0.0,0.12,0.25,0.12,0.25,0.0,0.0,0.0,0.0,0.0,0.0,0.0,0.0,0.12,0.0,0.0,0.0,0.0
1069,0.0,0.0,0.12,0.25,0.12,0.25,0.0,0.0,0.0,0.0,0.0,0.0,0.0,0.0,0.25,0.0,0.0,0.0,0.0
1077,0.15,0.1,0.12,0.25,0.12,0.25,0.12,0.25,0.0,0.0,0.0,0.0,0.0,0.0,0.1,0.0,0.0,0.0,0.0
1084,0.0,0.0,0.12,0.25,0.12,0.25,0.0,0.0,0.0,0.0,0.0,0.0,0.05,0.1,0.12,0.0,0.0,0.0,0.0
1094,0.38,0.25,0.25,0.25,0.25,0.25,0.0,0.0,0.0,0.0,0.0,0.0,0.25,0.25,0.0,0.0,0.0,0.0,0.0
1102,0.38,0.25,0.25,0.25,0.25,0.25,0.25,0.25,0.0,0.0,0.0,0.0,0.25,0.25,0.12,0.0,0.0,0.0,0.0
1114,0.25,0.25,0.25,0.25,0.25,0.25,0.0,0.0,0.0,0.0,0.1,0.1,0.0,0.0,0.12,0.0,0.0,0.0,0.0
1122,0.1,0.1,0.25,0.25,0.25,0.25,0.1,0.1,0.0,0.0,0.1,0.1,0.0,0.0,0.12,0.0,0.0,0.0,0.0
1128,0.0,0.0,0.12,0.25,0.12,0.25,0.12,0.25,0.0,0.0,0.1,0.1,0.0,0.0,0.12,0.0,0.0,0.0,0.0
1136,0.1,0.1,0.12,0.25,0.12,0.25,0.0,0.0,0.0,0.0,0.1,0.1,0.05,0.1,0.12,0.0,0.0,0.0,0.0
1145,0.1,0.1,0.12,0.25,0.12,0.25,0.05,0.1,0.0,0.0,0.1,0.1,0.05,0.1,0.25,0.0,0.0,0.0,0.0
1152,0.0,0.0,0.12,0.25,0.12,0.25,0.12,0.25,0.0,0.0,0.1,0.1,0.05,0.1,0.12,0.0,0.0,0.0,0.0
1160,0.0,0.0,0.12,0.25,0.12,0.25,0.0,0.0,0.0,0.0,0.1,0.1,0.12,0.25,0.12,0.0,0.0,0.0,0.0
1168,0.25,0.25,0.12,0.25,0.12,0.25,0.05,0.1,0.0,0.0,0.1,0.1,0.12,0.25,0.05,0.0,0.0,0.0,0.0
1177,0.1,0.1,0.12,0.25,0.12,0.25,0.12,0.25,0.0,0.0,0.1,0.1,0.12,0.25,0.1,0.0,0.0,0.0,0.0
1185,0.25,0.25,0.12,0.25,0.12,0.25,0.05,0.1,0.0,0.0,0.0,0.0,0.0,0.0,0.1,0.0,0.0,0.1,0.1
1192,0.1,0.1,0.12,0.25,0.12,0.25,0.12,0.25,0.0,0.0,0.0,0.0,0.0,0.0,0.05,0.0,0.0,0.1,0.1
1202,0.1,0.1,0.25,0.25,0.25,0.25,0.0,0.0,0.0,0.0,0.1,0.1,0.1,0.1,0.12,0.0,0.0,0.1,0.1
1212,0.38,0.25,0.12,0.25,0.12,0.25,0.0,0.0,0.0,0.0,0.15,0.1,0.12,0.25,0.05,0.0,0.0,0.15,0.1
1220,0.0,0.0,0.12,0.25,0.12,0.25,0.05,0.1,0.0,0.0,0.15,0.1,0.12,0.25,0.12,0.0,0.0,0.15,0.1
1230,0.0,0.0,0.25,0.25,0.25,0.25,0.25,0.25,0.0,0.0,0.38,0.25,0.25,0.25,0.12,0.0,0.0,0.15,0.1
1238,0.15,0.1,0.25,0.25,0.25,0.25,0.25,0.25,0.0,0.0,0.0,0.0,0.0,0.0,0.12,0.0,0.0,0.38,0.25
1257,0.0,0.0,0.12,0.25,0.0,0.0,0.05,0.1,0.0,0.0,0.0,0.0,0.05,0.1,0.25,0.0,0.0,0.0,0.0
1265,0.0,0.0,0.12,0.25,0.0,0.0,0.12,0.25,0.0,0.0,0.0,0.0,0.05,0.1,0.25,0.0,0.0,0.0,0.0
1273,0.0,0.0,0.12,0.25,0.0,0.0,0.05,0.1,0.0,0.0,0.1,0.1,0.12,0.25,0.25,0.1,0.1,0.0,0.0
1282,0.0,0.0,0.0,0.0,0.1,0.1,0.25,0.25,0.0,0.0,0.0,0.0,0.1,0.1,0.12,0.0,0.0,0.0,0.0
1290,0.0,0.0,0.0,0.0,0.1,0.1,0.25,0.25,0.0,0.0,0.0,0.0,0.25,0.25,0.12,0.0,0.0,0.0,0.0
1298,0.0,0.0,0.1,0.1,0.1,0.1,0.0,0.0,0.0,0.0,0.0,0.0,0.25,0.25,0.12,0.0,0.0,0.0,0.0
1306,0.0,0.0,0.1,0.1,0.1,0.1,0.1,0.1,0.0,0.0,0.0,0.0,0.25,0.25,0.12,0.0,0.0,0.0,0.0
1314,0.25,0.25,0.25,0.25,0.1,0.1,0.25,0.25,0.0,0.0,0.0,0.0,0.1,0.1,0.12,0.0,0.0,0.0,0.0
1321,0.1,0.1,0.12,0.25,0.05,0.1,0.0,0.0,0.0,0.0,0.0,0.0,0.12,0.25,0.25,0.0,0.0,0.0,0.0
1330,0.0,0.0,0.25,0.25,0.1,0.1,0.1,0.1,0.0,0.0,0.0,0.0,0.25,0.25,0.12,0.0,0.0,0.0,0.0
1338,0.0,0.0,0.25,0.25,0.1,0.1,0.0,0.0,0.0,0.0,0.1,0.1,0.25,0.25,0.12,0.0,0.0,0.1,0.1
1347,0.25,0.25,0.25,0.25,0.1,0.1,0.25,0.25,0.0,0.0,0.1,0.1,0.25,0.25,0.25,0.0,0.0,0.1,0.1
1354,0.1,0.1,0.0,0.0,0.25,0.25,0.1,0.1,0.0,0.0,0.0,0.0,0.1,0.1,0.0,0.0,0.0,0.0,0.0
1362,0.25,0.25,0.0,0.0,0.25,0.25,0.25,0.25,0.0,0.0,0.0,0.0,0.1,0.1,0.12,0.0,0.0,0.0,0.0
1369,0.0,0.0,0.0,0.0,0.12,0.25,0.05,0.1,0.0,0.0,0.0,0.0,0.05,0.1,0.25,0.1,0.1,0.0,0.0
1379,0.1,0.1,0.0,0.0,0.25,0.25,0.1,0.1,0.0,0.0,0.0,0.0,0.25,0.25,0.0,0.0,0.0,0.0,0.0
1387,0.25,0.25,0.0,0.0,0.25,0.25,0.0,0.0,0.0,0.0,0.0,0.0,0.25,0.25,0.25,0.1,0.1,0.0,0.0
1392,0.0,0.0,0.0,0.0,0.12,0.25,0.05,0.1,0.0,0.0,0.0,0.0,0.12,0.25,0.12,0.1,0.1,0.0,0.0
1400,0.1,0.1,0.0,0.0,0.12,0.25,0.12,0.25,0.0,0.0,0.0,0.0,0.05,0.1,0.12,0.0,0.0,0.1,0.1
1438,0.38,0.25,0.0,0.0,0.25,0.25,0.1,0.1,0.0,0.0,0.15,0.1,0.25,0.25,0.12,0.0,0.0,0.15,0.1
1446,0.15,0.1,0.0,0.0,0.25,0.25,0.25,0.25,0.0,0.0,0.15,0.1,0.25,0.25,0.12,0.0,0.0,0.15,0.1
1454,0.15,0.1,0.0,0.0,0.25,0.25,0.1,0.1,0.0,0.0,0.0,0.0,0.1,0.1,0.05,0.0,0.0,0.38,0.25
1463,0.0,0.0,0.0,0.0,0.25,0.25,0.25,0.25,0.0,0.0,0.0,0.0,0.1,0.1,0.1,0.0,0.0,0.38,0.25
1485,0.38,0.25,0.05,0.1,0.12,0.25,0.0,0.0,0.0,0.0,0.0,0.0,0.05,0.1,0.1,0.0,0.0,0.0,0.0
1493,0.15,0.1,0.05,0.1,0.12,0.25,0.0,0.0,0.0,0.0,0.0,0.0,0.12,0.25,0.25,0.0,0.0,0.0,0.0
1500,0.0,0.0,0.05,0.1,0.12,0.25,0.05,0.1,0.0,0.0,0.0,0.0,0.12,0.25,0.12,0.0,0.0,0.0,0.0
1506,0.25,0.25,0.1,0.1,0.25,0.25,0.1,0.1,0.0,0.0,0.0,0.0,0.25,0.25,0.12,0.1,0.1,0.0,0.0
1513,0.0,0.0,0.05,0.1,0.12,0.25,0.12,0.25,0.0,0.0,0.1,0.1,0.05,0.1,0.25,0.0,0.0,0.0,0.0
1522,0.1,0.1,0.1,0.1,0.25,0.25,0.1,0.1,0.0,0.0,0.1,0.1,0.25,0.25,0.05,0.0,0.0,0.0,0.0
1529,0.25,0.25,0.05,0.1,0.12,0.25,0.05,0.1,0.0,0.0,0.0,0.0,0.05,0.1,0.25,0.0,0.0,0.1,0.1
1537,0.1,0.1,0.05,0.1,0.12,0.25,0.12,0.25,0.0,0.0,0.0,0.0,0.05,0.1,0.25,0.0,0.0,0.1,0.1
1553,0.25,0.25,0.05,0.1,0.12,0.25,0.05,0.1,0.0,0.0,0.0,0.0,0.12,0.25,0.25,0.0,0.0,0.1,0.1
1561,0.1,0.1,0.05,0.1,0.12,0.25,0.12,0.25,0.0,0.0,0.0,0.0,0.12,0.25,0.25,0.0,0.0,0.1,0.1
1569,0.1,0.1,0.05,0.1,0.12,0.25,0.0,0.0,0.0,0.0,0.1,0.1,0.12,0.25,0.1,0.0,0.0,0.1,0.1
1577,0.1,0.1,0.05,0.1,0.12,0.25,0.05,0.1,0.0,0.0,0.1,0.1,0.12,0.25,0.25,0.1,0.1,0.1,0.1
1585,0.0,0.0,0.05,0.1,0.12,0.25,0.12,0.25,0.0,0.0,0.1,0.1,0.12,0.25,0.25,0.1,0.1,0.1,0.1
1593,0.0,0.0,0.05,0.1,0.12,0.25,0.12,0.25,0.0,0.0,0.0,0.0,0.0,0.0,0.1,0.0,0.0,0.25,0.25
1613,0.15,0.1,0.05,0.1,0.12,0.25,0.12,0.25,0.0,0.0,0.0,0.0,0.05,0.1,0.1,0.0,0.0,0.38,0.25
1630,0.15,0.1,0.25,0.25,0.25,0.25,0.0,0.0,0.0,0.0,0.0,0.0,0.0,0.0,0.05,0.0,0.0,0.0,0.0
1641,0.25,0.25,0.12,0.25,0.12,0.25,0.12,0.25,0.0,0.0,0.0,0.0,0.0,0.0,0.1,0.0,0.0,0.0,0.0
1649,0.25,0.25,0.12,0.25,0.12,0.25,0.0,0.0,0.0,0.0,0.0,0.0,0.12,0.25,0.25,0.0,0.0,0.0,0.0
1657,0.1,0.1,0.12,0.25,0.12,0.25,0.05,0.1,0.0,0.0,0.0,0.0,0.12,0.25,0.25,0.0,0.0,0.0,0.0
1665,0.0,0.0,0.12,0.25,0.12,0.25,0.12,0.25,0.0,0.0,0.0,0.0,0.12,0.25,0.25,0.0,0.0,0.0,0.0
1670,0.0,0.0,0.25,0.25,0.25,0.25,0.25,0.25,0.0,0.0,0.0,0.0,0.25,0.25,0.12,0.0,0.0,0.0,0.0
1682,0.0,0.0,0.25,0.25,0.25,0.25,0.0,0.0,0.0,0.0,0.1,0.1,0.0,0.0,0.12,0.0,0.0,0.0,0.0
1690,0.25,0.25,0.25,0.25,0.25,0.25,0.1,0.1,0.0,0.0,0.1,0.1,0.1,0.1,0.0,0.0,0.0,0.0,0.0
1698,0.0,0.0,0.25,0.25,0.25,0.25,0.25,0.25,0.0,0.0,0.1,0.1,0.1,0.1,0.12,0.1,0.1,0.0,0.0
1703,0.0,0.0,0.25,0.25,0.25,0.25,0.25,0.25,0.0,0.0,0.15,0.1,0.1,0.1,0.25,0.15,0.1,0.0,0.0
1711,0.15,0.1,0.25,0.25,0.25,0.25,0.0,0.0,0.0,0.0,0.15,0.1,0.25,0.25,0.0,0.0,0.0,0.0,0.0
1721,0.25,0.25,0.12,0.25,0.12,0.25,0.05,0.1,0.0,0.0,0.1,0.1,0.12,0.25,0.25,0.0,0.0,0.0,0.0
1729,0.1,0.1,0.12,0.25,0.12,0.25,0.12,0.25,0.0,0.0,0.1,0.1,0.12,0.25,0.25,0.0,0.0,0.0,0.0
1737,0.1,0.1,0.12,0.25,0.12,0.25,0.12,0.25,0.0,0.0,0.1,0.1,0.12,0.25,0.1,0.1,0.1,0.0,0.0
1746,0.1,0.1,0.25,0.25,0.25,0.25,0.25,0.25,0.1,0.1,0.1,0.1,0.25,0.25,0.05,0.0,0.0,0.0,0.0
1754,0.0,0.0,0.25,0.25,0.25,0.25,0.1,0.1,0.0,0.0,0.0,0.0,0.0,0.0,0.05,0.0,0.0,0.1,0.1
1760,0.25,0.25,0.12,0.25,0.12,0.25,0.12,0.25,0.0,0.0,0.0,0.0,0.0,0.0,0.12,0.0,0.0,0.1,0.1
1770,0.25,0.25,0.25,0.25,0.25,0.25,0.1,0.1,0.0,0.0,0.0,0.0,0.1,0.1,0.12,0.0,0.0,0.1,0.1
1777,0.1,0.1,0.12,0.25,0.12,0.25,0.12,0.25,0.0,0.0,0.0,0.0,0.05,0.1,0.25,0.0,0.0,0.1,0.1
1785,0.1,0.1,0.12,0.25,0.12,0.25,0.0,0.0,0.0,0.0,0.0,0.0,0.12,0.25,0.25,0.0,0.0,0.1,0.1
1795,0.1,0.1,0.25,0.25,0.25,0.25,0.25,0.25,0.0,0.0,0.0,0.0,0.25,0.25,0.1,0.0,0.0,0.1,0.1
1807,0.38,0.25,0.25,0.25,0.25,0.25,0.0,0.0,0.0,0.0,0.15,0.1,0.1,0.1,0.25,0.0,0.0,0.15,0.1
1818,0.25,0.25,0.25,0.25,0.25,0.25,0.1,0.1,0.0,0.0,0.1,0.1,0.25,0.25,0.12,0.0,0.0,0.1,0.1
1824,0.25,0.25,0.12,0.25,0.12,0.25,0.12,0.25,0.0,0.0,0.1,0.1,0.12,0.25,0.12,0.0,0.0,0.1,0.1
1832,0.1,0.1,0.12,0.25,0.12,0.25,0.0,0.0,0.0,0.0,0.1,0.1,0.12,0.25,0.12,0.1,0.1,0.1,0.1
1838,0.15,0.1,0.25,0.25,0.25,0.25,0.0,0.0,0.0,0.0,0.15,0.1,0.25,0.25,0.12,0.15,0.1,0.15,0.1
1848,0.0,0.0,0.12,0.25,0.12,0.25,0.0,0.0,0.0,0.0,0.0,0.0,0.05,0.1,0.12,0.0,0.0,0.25,0.25
1860,0.38,0.25,0.12,0.25,0.12,0.25,0.05,0.1,0.0,0.0,0.0,0.0,0.05,0.1,0.05,0.0,0.0,0.38,0.25
1872,0.25,0.25,0.12,0.25,0.12,0.25,0.05,0.1,0.0,0.0,0.0,0.0,0.12,0.25,0.05,0.0,0.0,0.25,0.25
1891,0.25,0.25,0.25,0.25,0.25,0.25,0.25,0.25,0.0,0.0,0.0,0.0,0.25,0.25,0.25,0.1,0.1,0.25,0.25
1906,0.0,0.0,0.25,0.25,0.0,0.0,0.1,0.1,0.0,0.0,0.0,0.0,0.25,0.25,0.12,0.0,0.0,0.0,0.0
1913,0.1,0.1,0.05,0.1,0.05,0.1,0.05,0.1,0.0,0.0,0.0,0.0,0.0,0.0,0.25,0.0,0.0,0.0,0.0
1923,0.25,0.25,0.1,0.1,0.1,0.1,0.1,0.1,0.0,0.0,0.0,0.0,0.25,0.25,0.25,0.0,0.0,0.0,0.0
1931,0.1,0.1,0.1,0.1,0.1,0.1,0.25,0.25,0.0,0.0,0.0,0.0,0.25,0.25,0.25,0.0,0.0,0.0,0.0
1939,0.0,0.0,0.1,0.1,0.1,0.1,0.25,0.25,0.0,0.0,0.1,0.1,0.25,0.25,0.25,0.1,0.1,0.0,0.0
1949,0.38,0.25,0.12,0.25,0.05,0.1,0.0,0.0,0.0,0.0,0.0,0.0,0.05,0.1,0.25,0.0,0.0,0.0,0.0
1957,0.15,0.1,0.12,0.25,0.05,0.1,0.05,0.1,0.0,0.0,0.0,0.0,0.05,0.1,0.25,0.0,0.0,0.0,0.0
1966,0.0,0.0,0.25,0.25,0.1,0.1,0.25,0.25,0.0,0.0,0.0,0.0,0.1,0.1,0.12,0.0,0.0,0.0,0.0
1973,0.38,0.25,0.12,0.25,0.05,0.1,0.0,0.0,0.0,0.0,0.0,0.0,0.12,0.25,0.25,0.0,0.0,0.0,0.0
1981,0.15,0.1,0.12,0.25,0.05,0.1,0.05,0.1,0.0,0.0,0.0,0.0,0.12,0.25,0.25,0.0,0.0,0.0,0.0
1990,0.0,0.0,0.25,0.25,0.1,0.1,0.25,0.25,0.0,0.0,0.0,0.0,0.25,0.25,0.12,0.0,0.0,0.0,0.0
1997,0.38,0.25,0.12,0.25,0.05,0.1,0.12,0.25,0.0,0.0,0.15,0.1,0.12,0.25,0.1,0.0,0.0,0.0,0.0
2005,0.15,0.1,0.0,0.0,0.12,0.25,0.0,0.0,0.0,0.0,0.0,0.0,0.0,0.0,0.25,0.0,0.0,0.0,0.0
2016,0.25,0.25,0.0,0.0,0.12,0.25,0.05,0.1,0.0,0.0,0.0,0.0,0.05,0.1,0.0,0.0,0.0,0.0,0.0
2020,0.38,0.25,0.0,0.0,0.12,0.25,0.05,0.1,0.0,0.0,0.0,0.0,0.05,0.1,0.0,0.0,0.0,0.0,0.0
2030,0.15,0.1,0.0,0.0,0.25,0.25,0.25,0.25,0.0,0.0,0.0,0.0,0.1,0.1,0.12,0.15,0.1,0.0,0.0
2036,0.38,0.25,0.0,0.0,0.12,0.25,0.0,0.0,0.0,0.0,0.0,0.0,0.12,0.25,0.12,0.0,0.0,0.0,0.0
2044,0.15,0.1,0.0,0.0,0.12,0.25,0.05,0.1,0.0,0.0,0.0,0.0,0.12,0.25,0.12,0.0,0.0,0.0,0.0
2052,0.0,0.0,0.0,0.0,0.12,0.25,0.12,0.25,0.0,0.0,0.0,0.0,0.12,0.25,0.12,0.0,0.0,0.0,0.0
2060,0.38,0.25,0.0,0.0,0.12,0.25,0.12,0.25,0.0,0.0,0.0,0.0,0.12,0.25,0.12,0.15,0.1,0.0,0.0
2068,0.0,0.0,0.0,0.0,0.12,0.25,0.05,0.1,0.0,0.0,0.15,0.1,0.12,0.25,0.12,0.15,0.1,0.0,0.0
2074,0.25,0.25,0.0,0.0,0.25,0.25,0.25,0.25,0.0,0.0,0.0,0.0,0.1,0.1,0.12,0.0,0.0,0.1,0.1
2090,0.1,0.1,0.0,0.0,0.25,0.25,0.0,0.0,0.0,0.0,0.1,0.1,0.25,0.25,0.12,0.0,0.0,0.1,0.1
2097,0.0,0.0,0.0,0.0,0.12,0.25,0.05,0.1,0.0,0.0,0.1,0.1,0.12,0.25,0.25,0.0,0.0,0.1,0.1
2109,0.0,0.0,0.0,0.0,0.12,0.25,0.0,0.0,0.0,0.0,0.0,0.0,0.05,0.1,0.1,0.0,0.0,0.38,0.25
2118,0.38,0.25,0.0,0.0,0.25,0.25,0.25,0.25,0.0,0.0,0.0,0.0,0.25,0.25,0.12,0.0,0.0,0.38,0.25
2129,0.1,0.1,0.05,0.1,0.12,0.25,0.05,0.1,0.0,0.0,0.0,0.0,0.0,0.0,0.1,0.0,0.0,0.0,0.0
2138,0.25,0.25,0.1,0.1,0.25,0.25,0.25,0.25,0.0,0.0,0.0,0.0,0.1,0.1,0.12,0.0,0.0,0.0,0.0
2146,0.1,0.1,0.1,0.1,0.25,0.25,0.0,0.0,0.0,0.0,0.0,0.0,0.1,0.1,0.12,0.1,0.1,0.0,0.0
2153,0.0,0.0,0.05,0.1,0.12,0.25,0.05,0.1,0.0,0.0,0.0,0.0,0.05,0.1,0.25,0.1,0.1,0.0,0.0
2161,0.25,0.25,0.05,0.1,0.12,0.25,0.0,0.0,0.0,0.0,0.0,0.0,0.12,0.25,0.25,0.0,0.0,0.0,0.0
2167,0.38,0.25,0.1,0.1,0.25,0.25,0.0,0.0,0.0,0.0,0.0,0.0,0.25,0.25,0.25,0.0,0.0,0.0,0.0
2175,0.15,0.1,0.1,0.1,0.25,0.25,0.1,0.1,0.0,0.0,0.0,0.0,0.25,0.25,0.25,0.0,0.0,0.0,0.0
2185,0.1,0.1,0.05,0.1,0.12,0.25,0.12,0.25,0.0,0.0,0.1,0.1,0.0,0.0,0.25,0.0,0.0,0.0,0.0
2194,0.25,0.25,0.1,0.1,0.25,0.25,0.1,0.1,0.0,0.0,0.1,0.1,0.1,0.1,0.05,0.0,0.0,0.0,0.0
2205,0.15,0.1,0.05,0.1,0.12,0.25,0.12,0.25,0.0,0.0,0.15,0.1,0.05,0.1,0.1,0.0,0.0,0.0,0.0
2212,0.0,0.0,0.05,0.1,0.12,0.25,0.12,0.25,0.0,0.0,0.15,0.1,0.12,0.25,0.12,0.0,0.0,0.0,0.0
2220,0.15,0.1,0.05,0.1,0.12,0.25,0.12,0.25,0.0,0.0,0.0,0.0,0.0,0.0,0.12,0.0,0.0,0.15,0.1
2230,0.15,0.1,0.1,0.1,0.25,0.25,0.0,0.0,0.0,0.0,0.0,0.0,0.1,0.1,0.12,0.0,0.0,0.15,0.1
2237,0.0,0.0,0.05,0.1,0.12,0.25,0.05,0.1,0.0,0.0,0.0,0.0,0.05,0.1,0.25,0.0,0.0,0.15,0.1
2243,0.25,0.25,0.1,0.1,0.25,0.25,0.25,0.25,0.0,0.0,0.0,0.0,0.1,0.1,0.1,0.0,0.0,0.1,0.1
2261,0.38,0.25,0.05,0.1,0.12,0.25,0.05,0.1,0.0,0.0,0.15,0.1,0.12,0.25,0.25,0.0,0.0,0.15,0.1
2268,0.15,0.1,0.05,0.1,0.12,0.25,0.12,0.25,0.0,0.0,0.15,0.1,0.12,0.25,0.12,0.0,0.0,0.15,0.1
2276,0.0,0.0,0.05,0.1,0.12,0.25,0.0,0.0,0.0,0.0,0.15,0.1,0.12,0.25,0.12,0.15,0.1,0.15,0.1
2289,0.1,0.1,0.05,0.1,0.12,0.25,0.12,0.25,0.0,0.0,0.0,0.0,0.05,0.1,0.0,0.0,0.0,0.25,0.25
2303,0.38,0.25,0.1,0.1,0.25,0.25,0.25,0.25,0.0,0.0,0.0,0.0,0.1,0.1,0.25,0.0,0.0,0.38,0.25
2310,0.0,0.0,0.25,0.25,0.25,0.25,0.1,0.1,0.0,0.0,0.0,0.0,0.0,0.0,0.05,0.0,0.0,0.0,0.0
2319,0.0,0.0,0.25,0.25,0.25,0.25,0.25,0.25,0.0,0.0,0.0,0.0,0.0,0.0,0.1,0.0,0.0,0.0,0.0
2331,0.25,0.25,0.25,0.25,0.25,0.25,0.0,0.0,0.0,0.0,0.0,0.0,0.1,0.1,0.25,0.1,0.1,0.0,0.0
2347,0.25,0.25,0.25,0.25,0.25,0.25,0.25,0.25,0.0,0.0,0.0,0.0,0.25,0.25,0.0,0.0,0.0,0.0,0.0
2359,0.15,0.1,0.25,0.25,0.25,0.25,0.25,0.25,0.15,0.1,0.0,0.0,0.25,0.25,0.25,0.0,0.0,0.0,0.0
2368,0.25,0.25,0.12,0.25,0.12,0.25,0.05,0.1,0.0,0.0,0.1,0.1,0.05,0.1,0.05,0.0,0.0,0.0,0.0
2376,0.1,0.1,0.12,0.25,0.12,0.25,0.12,0.25,0.0,0.0,0.1,0.1,0.05,0.1,0.12,0.1,0.1,0.0,0.0
2386,0.1,0.1,0.25,0.25,0.25,0.25,0.0,0.0,0.0,0.0,0.1,0.1,0.25,0.25,0.12,0.0,0.0,0.0,0.0
2395,0.0,0.0,0.25,0.25,0.25,0.25,0.1,0.1,0.0,0.0,0.1,0.1,0.25,0.25,0.25,0.0,0.0,0.0,0.0
2400,0.25,0.25,0.12,0.25,0.12,0.25,0.12,0.25,0.0,0.0,0.1,0.1,0.12,0.25,0.05,0.0,0.0,0.0,0.0
2408,0.0,0.0,0.12,0.25,0.12,0.25,0.12,0.25,0.0,0.0,0.1,0.1,0.12,0.25,0.12,0.1,0.1,0.0,0.0
2419,0.1,0.1,0.25,0.25,0.25,0.25,0.1,0.1,0.0,0.0,0.0,0.0,0.0,0.0,0.25,0.0,0.0,0.1,0.1
2429,0.0,0.0,0.12,0.25,0.12,0.25,0.12,0.25,0.0,0.0,0.0,0.0,0.0,0.0,0.25,0.0,0.0,0.15,0.1
2437,0.38,0.25,0.12,0.25,0.12,0.25,0.0,0.0,0.0,0.0,0.0,0.0,0.05,0.1,0.25,0.0,0.0,0.15,0.1
2445,0.15,0.1,0.12,0.25,0.12,0.25,0.05,0.1,0.0,0.0,0.0,0.0,0.05,0.1,0.25,0.0,0.0,0.15,0.1
2453,0.0,0.0,0.12,0.25,0.12,0.25,0.12,0.25,0.0,0.0,0.0,0.0,0.05,0.1,0.25,0.0,0.0,0.15,0.1
2463,0.38,0.25,0.25,0.25,0.25,0.25,0.1,0.1,0.0,0.0,0.0,0.0,0.25,0.25,0.25,0.0,0.0,0.15,0.1
2470,0.15,0.1,0.25,0.25,0.25,0.25,0.25,0.25,0.0,0.0,0.0,0.0,0.25,0.25,0.12,0.0,0.0,0.15,0.1
2485,0.38,0.25,0.12,0.25,0.12,0.25,0.05,0.1,0.0,0.0,0.15,0.1,0.12,0.25,0.1,0.0,0.0,0.15,0.1
2506,0.1,0.1,0.25,0.25,0.25,0.25,0.1,0.1,0.0,0.0,0.0,0.0,0.1,0.1,0.05,0.0,0.0,0.25,0.25
2525,0.0,0.0,0.0,0.0,0.05,0.1,0.12,0.25,0.0,0.0,0.15,0.1,0.12,0.25,0.25,0.15,0.1,0.0,0.0
2534,0.0,0.0,0.1,0.1,0.1,0.1,0.1,0.1,0.0,0.0,0.0,0.0,0.0,0.0,0.12,0.0,0.0,0.0,0.0
2543,0.15,0.1,0.1,0.1,0.1,0.1,0.1,0.1,0.0,0.0,0.0,0.0,0.25,0.25,0.25,0.0,0.0,0.0,0.0
2551,0.0,0.0,0.1,0.1,0.1,0.1,0.25,0.25,0.0,0.0,0.0,0.0,0.25,0.25,0.25,0.0,0.0,0.0,0.0
2559,0.0,0.0,0.1,0.1,0.1,0.1,0.25,0.25,0.0,0.0,0.15,0.1,0.25,0.25,0.25,0.0,0.0,0.15,0.1
2567,0.15,0.1,0.25,0.25,0.1,0.1,0.0,0.0,0.0,0.0,0.0,0.0,0.1,0.1,0.25,0.0,0.0,0.0,0.0
2575,0.0,0.0,0.25,0.25,0.1,0.1,0.0,0.0,0.0,0.0,0.0,0.0,0.25,0.25,0.25,0.0,0.0,0.0,0.0
2583,0.15,0.1,0.25,0.25,0.1,0.1,0.25,0.25,0.0,0.0,0.0,0.0,0.25,0.25,0.1,0.0,0.0,0.0,0.0
2593,0.25,0.25,0.12,0.25,0.05,0.1,0.05,0.1,0.0,0.0,0.1,0.1,0.12,0.25,0.25,0.0,0.0,0.1,0.1
2602,0.1,0.1,0.25,0.25,0.1,0.1,0.25,0.25,0.0,0.0,0.1,0.1,0.25,0.25,0.12,0.0,0.0,0.1,0.1
2611,0.0,0.0,0.25,0.25,0.1,0.1,0.25,0.25,0.0,0.0,0.0,0.0,0.25,0.25,0.1,0.0,0.0,0.25,0.25
2621,0.38,0.25,0.0,0.0,0.12,0.25,0.05,0.1,0.0,0.0,0.0,0.0,0.0,0.0,0.25,0.0,0.0,0.0,0.0
2626,0.1,0.1,0.0,0.0,0.25,0.25,0.0,0.0,0.0,0.0,0.0,0.0,0.1,0.1,0.05,0.0,0.0,0.0,0.0
2644,0.15,0.1,0.0,0.0,0.12,0.25,0.0,0.0,0.0,0.0,0.0,0.0,0.12,0.25,0.12,0.0,0.0,0.0,0.0
2650,0.0,0.0,0.0,0.0,0.25,0.25,0.1,0.1,0.0,0.0,0.0,0.0,0.25,0.25,0.12,0.0,0.0,0.0,0.0
2658,0.25,0.25,0.0,0.0,0.25,0.25,0.1,0.1,0.0,0.0,0.1,0.1,0.1,0.1,0.12,0.0,0.0,0.1,0.1
2667,0.1,0.1,0.0,0.0,0.25,0.25,0.25,0.25,0.0,0.0,0.1,0.1,0.1,0.1,0.25,0.0,0.0,0.1,0.1
2675,0.0,0.0,0.0,0.0,0.25,0.25,0.0,0.0,0.0,0.0,0.1,0.1,0.25,0.25,0.1,0.0,0.0,0.1,0.1
2682,0.25,0.25,0.0,0.0,0.25,0.25,0.25,0.25,0.0,0.0,0.1,0.1,0.25,0.25,0.05,0.0,0.0,0.1,0.1
2690,0.0,0.0,0.0,0.0,0.25,0.25,0.1,0.1,0.0,0.0,0.0,0.0,0.1,0.1,0.12,0.0,0.0,0.25,0.25
2699,0.25,0.25,0.0,0.0,0.25,0.25,0.25,0.25,0.0,0.0,0.0,0.0,0.1,0.1,0.1,0.0,0.0,0.25,0.25
2709,0.15,0.1,0.0,0.0,0.12,0.25,0.0,0.0,0.0,0.0,0.0,0.0,0.12,0.25,0.25,0.0,0.0,0.38,0.25
2717,0.0,0.0,0.0,0.0,0.12,0.25,0.05,0.1,0.0,0.0,0.0,0.0,0.12,0.25,0.25,0.0,0.0,0.38,0.25
2725,0.15,0.1,0.05,0.1,0.12,0.25,0.12,0.25,0.0,0.0,0.0,0.0,0.0,0.0,0.1,0.0,0.0,0.0,0.0
2731,0.25,0.25,0.1,0.1,0.25,0.25,0.0,0.0,0.0,0.0,0.0,0.0,0.1,0.1,0.0,0.0,0.0,0.0,0.0
2744,0.0,0.0,0.05,0.1,0.12,0.25,0.0,0.0,0.0,0.0,0.0,0.0,0.12,0.25,0.12,0.0,0.0,0.0,0.0
2753,0.25,0.25,0.05,0.1,0.12,0.25,0.12,0.25,0.0,0.0,0.1,0.1,0.05,0.1,0.1,0.0,0.0,0.0,0.0
2760,0.25,0.25,0.05,0.1,0.12,0.25,0.12,0.25,0.0,0.0,0.1,0.1,0.12,0.25,0.05,0.0,0.0,0.0,0.0
2769,0.25,0.25,0.05,0.1,0.12,0.25,0.12,0.25,0.0,0.0,0.0,0.0,0.0,0.0,0.1,0.0,0.0,0.1,0.1
2776,0.1,0.1,0.05,0.1,0.12,0.25,0.05,0.1,0.0,0.0,0.0,0.0,0.05,0.1,0.05,0.0,0.0,0.1,0.1
2785,0.0,0.0,0.05,0.1,0.12,0.25,0.0,0.0,0.0,0.0,0.1,0.1,0.05,0.1,0.25,0.0,0.0,0.1,0.1
2793,0.1,0.1,0.05,0.1,0.12,0.25,0.0,0.0,0.0,0.0,0.1,0.1,0.12,0.25,0.25,0.0,0.0,0.1,0.1
2801,0.0,0.0,0.05,0.1,0.12,0.25,0.05,0.1,0.0,0.0,0.1,0.1,0.12,0.25,0.25,0.0,0.0,0.1,0.1
2810,0.25,0.25,0.1,0.1,0.25,0.25,0.1,0.1,0.0,0.0,0.0,0.0,0.1,0.1,0.12,0.0,0.0,0.25,0.25
2817,0.1,0.1,0.05,0.1,0.12,0.25,0.12,0.25,0.0,0.0,0.0,0.0,0.05,0.1,0.25,0.0,0.0,0.25,0.25
2823,0.15,0.1,0.1,0.1,0.25,0.25,0.25,0.25,0.0,0.0,0.0,0.0,0.1,0.1,0.25,0.0,0.0,0.38,0.25
2831,0.0,0.0,0.1,0.1,0.25,0.25,0.0,0.0,0.0,0.0,0.0,0.0,0.25,0.25,0.25,0.0,0.0,0.38,0.25
2840,0.25,0.25,0.12,0.25,0.12,0.25,0.0,0.0,0.0,0.0,0.0,0.0,0.0,0.0,0.12,0.0,0.0,0.0,0.0
2848,0.0,0.0,0.12,0.25,0.12,0.25,0.12,0.25,0.0,0.0,0.0,0.0,0.0,0.0,0.12,0.0,0.0,0.0,0.0
2858,0.25,0.25,0.25,0.25,0.25,0.25,0.1,0.1,0.0,0.0,0.0,0.0,0.1,0.1,0.05,0.0,0.0,0.0,0.0
2866,0.1,0.1,0.25,0.25,0.25,0.25,0.0,0.0,0.0,0.0,0.0,0.0,0.25,0.25,0.12,0.0,0.0,0.0,0.0
2873,0.0,0.0,0.12,0.25,0.12,0.25,0.05,0.1,0.0,0.0,0.0,0.0,0.12,0.25,0.25,0.0,0.0,0.0,0.0
2892,0.38,0.25,0.12,0.25,0.12,0.25,0.12,0.25,0.15,0.1,0.0,0.0,0.12,0.25,0.12,0.0,0.0,0.0,0.0
2900,0.38,0.25,0.12,0.25,0.12,0.25,0.05,0.1,0.0,0.0,0.15,0.1,0.0,0.0,0.12,0.0,0.0,0.0,0.0
2906,0.1,0.1,0.25,0.25,0.25,0.25,0.25,0.25,0.0,0.0,0.1,0.1,0.0,0.0,0.12,0.0,0.0,0.0,0.0
2913,0.1,0.1,0.12,0.25,0.12,0.25,0.0,0.0,0.0,0.0,0.1,0.1,0.05,0.1,0.1,0.0,0.0,0.0,0.0
2921,0.1,0.1,0.12,0.25,0.12,0.25,0.12,0.25,0.0,0.0,0.1,0.1,0.05,0.1,0.0,0.0,0.0,0.0,0.0
2933,0.0,0.0,0.12,0.25,0.12,0.25,0.0,0.0,0.0,0.0,0.15,0.1,0.12,0.25,0.1,0.0,0.0,0.0,0.0
2941,0.0,0.0,0.12,0.25,0.12,0.25,0.05,0.1,0.0,0.0,0.15,0.1,0.12,0.25,0.1,0.0,0.0,0.0,0.0
2954,0.0,0.0,0.25,0.25,0.25,0.25,0.1,0.1,0.0,0.0,0.1,0.1,0.25,0.25,0.05,0.1,0.1,0.0,0.0
2965,0.0,0.0,0.12,0.25,0.12,0.25,0.05,0.1,0.0,0.0,0.0,0.0,0.0,0.0,0.25,0.0,0.0,0.15,0.1
2970,0.25,0.25,0.25,0.25,0.25,0.25,0.25,0.25,0.0,0.0,0.0,0.0,0.0,0.0,0.05,0.0,0.0,0.1,0.1
2979,0.25,0.25,0.25,0.25,0.25,0.25,0.25,0.25,0.0,0.0,0.0,0.0,0.1,0.1,0.25,0.0,0.0,0.1,0.1
3005,0.38,0.25,0.12,0.25,0.12,0.25,0.05,0.1,0.0,0.0,0.15,0.1,0.12,0.25,0.25,0.15,0.1,0.15,0.1
3012,0.0,0.0,0.12,0.25,0.12,0.25,0.12,0.25,0.0,0.0,0.38,0.25,0.05,0.1,0.12,0.0,0.0,0.15,0.1
3021,0.0,0.0,0.12,0.25,0.12,0.25,0.05,0.1,0.0,0.0,0.38,0.25,0.12,0.25,0.1,0.0,0.0,0.15,0.1
3032,0.1,0.1,0.12,0.25,0.12,0.25,0.0,0.0,0.0,0.0,0.0,0.0,0.05,0.1,0.12,0.0,0.0,0.25,0.25
3039,0.15,0.1,0.25,0.25,0.25,0.25,0.0,0.0,0.0,0.0,0.0,0.0,0.1,0.1,0.25,0.0,0.0,0.38,0.25
3052,0.38,0.25,0.12,0.25,0.12,0.25,0.0,0.0,0.0,0.0,0.0,0.0,0.12,0.25,0.12,0.0,0.0,0.38,0.25
3060,0.15,0.1,0.12,0.25,0.12,0.25,0.05,0.1,0.0,0.0,0.0,0.0,0.12,0.25,0.12,0.0,0.0,0.38,0.25
3086,0.38,0.25,0.25,0.25,0.0,0.0,0.25,0.25,0.0,0.0,0.0,0.0,0.25,0.25,0.12,0.0,0.0,0.0,0.0
3094,0.0,0.0,0.0,0.0,0.1,0.1,0.1,0.1,0.0,0.0,0.0,0.0,0.25,0.25,0.12,0.0,0.0,0.0,0.0
3102,0.38,0.25,0.1,0.1,0.1,0.1,0.25,0.25,0.0,0.0,0.0,0.0,0.1,0.1,0.12,0.0,0.0,0.0,0.0
3109,0.0,0.0,0.12,0.25,0.05,0.1,0.0,0.0,0.0,0.0,0.0,0.0,0.05,0.1,0.25,0.0,0.0,0.0,0.0
3115,0.25,0.25,0.25,0.25,0.1,0.1,0.1,0.1,0.0,0.0,0.0,0.0,0.25,0.25,0.25,0.0,0.0,0.0,0.0
3123,0.1,0.1,0.25,0.25,0.1,0.1,0.25,0.25,0.0,0.0,0.0,0.0,0.25,0.25,0.25,0.0,0.0,0.0,0.0
3130,0.1,0.1,0.25,0.25,0.1,0.1,0.1,0.1,0.0,0.0,0.1,0.1,0.25,0.25,0.12,0.0,0.0,0.1,0.1
3138,0.0,0.0,0.25,0.25,0.1,0.1,0.25,0.25,0.0,0.0,0.1,0.1,0.25,0.25,0.12,0.0,0.0,0.1,0.1
3146,0.1,0.1,0.0,0.0,0.25,0.25,0.0,0.0,0.0,0.0,0.0,0.0,0.1,0.1,0.0,0.0,0.0,0.0,0.0
3154,0.25,0.25,0.0,0.0,0.25,0.25,0.1,0.1,0.0,0.0,0.0,0.0,0.1,0.1,0.12,0.0,0.0,0.0,0.0
3160,0.1,0.1,0.0,0.0,0.12,0.25,0.12,0.25,0.0,0.0,0.0,0.0,0.05,0.1,0.12,0.0,0.0,0.0,0.0
3168,0.25,0.25,0.0,0.0,0.12,0.25,0.0,0.0,0.0,0.0,0.0,0.0,0.12,0.25,0.05,0.0,0.0,0.0,0.0
3178,0.25,0.25,0.0,0.0,0.25,0.25,0.1,0.1,0.0,0.0,0.0,0.0,0.25,0.25,0.0,0.0,0.0,0.0,0.0
3185,0.25,0.25,0.0,0.0,0.12,0.25,0.05,0.1,0.0,0.0,0.0,0.0,0.12,0.25,0.25,0.1,0.1,0.0,0.0
3194,0.1,0.1,0.0,0.0,0.25,0.25,0.25,0.25,0.0,0.0,0.0,0.0,0.25,0.25,0.12,0.1,0.1,0.0,0.0
3201,0.1,0.1,0.0,0.0,0.12,0.25,0.12,0.25,0.0,0.0,0.1,0.1,0.05,0.1,0.1,0.0,0.0,0.0,0.0
3210,0.1,0.1,0.0,0.0,0.25,0.25,0.1,0.1,0.0,0.0,0.0,0.0,0.1,0.1,0.05,0.0,0.0,0.1,0.1
3219,0.0,0.0,0.0,0.0,0.25,0.25,0.25,0.25,0.0,0.0,0.0,0.0,0.1,0.1,0.1,0.0,0.0,0.1,0.1
3226,0.0,0.0,0.0,0.0,0.25,0.25,0.0,0.0,0.0,0.0,0.0,0.0,0.25,0.25,0.12,0.0,0.0,0.1,0.1
3236,0.38,0.25,0.0,0.0,0.12,0.25,0.05,0.1,0.0,0.0,0.15,0.1,0.12,0.25,0.05,0.0,0.0,0.15,0.1
3246,0.15,0.1,0.0,0.0,0.25,0.25,0.25,0.25,0.0,0.0,0.0,0.0,0.0,0.0,0.05,0.0,0.0,0.38,0.25
3255,0.0,0.0,0.0,0.0,0.25,0.25,0.25,0.25,0.0,0.0,0.0,0.0,0.1,0.1,0.25,0.0,0.0,0.38,0.25
3263,0.38,0.25,0.1,0.1,0.25,0.25,0.0,0.0,0.0,0.0,0.0,0.0,0.0,0.0,0.25,0.0,0.0,0.0,0.0
3271,0.15,0.1,0.1,0.1,0.25,0.25,0.1,0.1,0.0,0.0,0.0,0.0,0.0,0.0,0.25,0.0,0.0,0.0,0.0
3284,0.38,0.25,0.05,0.1,0.12,0.25,0.0,0.0,0.0,0.0,0.0,0.0,0.05,0.1,0.12,0.15,0.1,0.0,0.0
3295,0.15,0.1,0.1,0.1,0.25,0.25,0.1,0.1,0.0,0.0,0.0,0.0,0.1,0.1,0.25,0.15,0.1,0.0,0.0
3302,0.38,0.25,0.1,0.1,0.25,0.25,0.0,0.0,0.0,0.0,0.0,0.0,0.25,0.25,0.05,0.0,0.0,0.0,0.0
3312,0.25,0.25,0.05,0.1,0.12,0.25,0.12,0.25,0.0,0.0,0.1,0.1,0.0,0.0,0.12,0.0,0.0,0.0,0.0
3320,0.1,0.1,0.05,0.1,0.12,0.25,0.0,0.0,0.0,0.0,0.1,0.1,0.05,0.1,0.05,0.0,0.0,0.0,0.0
3330,0.0,0.0,0.1,0.1,0.25,0.25,0.1,0.1,0.0,0.0,0.1,0.1,0.25,0.25,0.05,0.0,0.0,0.0,0.0
3335,0.0,0.0,0.1,0.1,0.25,0.25,0.1,0.1,0.0,0.0,0.15,0.1,0.25,0.25,0.1,0.0,0.0,0.0,0.0
3349,0.15,0.1,0.05,0.1,0.12,0.25,0.05,0.1,0.0,0.0,0.0,0.0,0.0,0.0,0.1,0.0,0.0,0.15,0.1
3355,0.0,0.0,0.1,0.1,0.25,0.25,0.25,0.25,0.0,0.0,0.0,0.0,0.0,0.0,0.1,0.0,0.0,0.1,0.1
3363,0.25,0.25,0.1,0.1,0.25,0.25,0.0,0.0,0.0,0.0,0.0,0.0,0.1,0.1,0.25,0.0,0.0,0.1,0.1
3371,0.1,0.1,0.1,0.1,0.25,0.25,0.1,0.1,0.0,0.0,0.0,0.0,0.1,0.1,0.25,0.0,0.0,0.1,0.1
3376,0.0,0.0,0.05,0.1,0.12,0.25,0.12,0.25,0.0,0.0,0.0,0.0,0.05,0.1,0.12,0.0,0.0,0.1,0.1
3386,0.25,0.25,0.1,0.1,0.25,0.25,0.1,0.1,0.0,0.0,0.1,0.1,0.1,0.1,0.12,0.0,0.0,0.1,0.1
3401,0.25,0.25,0.05,0.1,0.12,0.25,0.0,0.0,0.0,0.0,0.1,0.1,0.12,0.25,0.25,0.0,0.0,0.1,0.1
3409,0.1,0.1,0.05,0.1,0.12,0.25,0.05,0.1,0.0,0.0,0.1,0.1,0.12,0.25,0.25,0.0,0.0,0.1,0.1
3419,0.0,0.0,0.1,0.1,0.25,0.25,0.25,0.25,0.0,0.0,0.1,0.1,0.25,0.25,0.25,0.0,0.0,0.1,0.1
3424,0.25,0.25,0.05,0.1,0.12,0.25,0.12,0.25,0.0,0.0,0.1,0.1,0.12,0.25,0.12,0.1,0.1,0.1,0.1
3432,0.1,0.1,0.05,0.1,0.12,0.25,0.05,0.1,0.0,0.0,0.0,0.0,0.05,0.1,0.05,0.0,0.0,0.25,0.25
3443,0.0,0.0,0.1,0.1,0.25,0.25,0.25,0.25,0.0,0.0,0.0,0.0,0.1,0.1,0.1,0.0,0.0,0.25,0.25
3465,0.0,0.0,0.12,0.25,0.12,0.25,0.0,0.0,0.0,0.0,0.0,0.0,0.0,0.0,0.1,0.0,0.0,0.0,0.0
3473,0.25,0.25,0.12,0.25,0.12,0.25,0.0,0.0,0.0,0.0,0.0,0.0,0.05,0.1,0.25,0.0,0.0,0.0,0.0
3481,0.1,0.1,0.12,0.25,0.12,0.25,0.05,0.1,0.0,0.0,0.0,0.0,0.05,0.1,0.25,0.0,0.0,0.0,0.0
3491,0.0,0.0,0.25,0.25,0.25,0.25,0.25,0.25,0.0,0.0,0.0,0.0,0.1,0.1,0.25,0.0,0.0,0.0,0.0
3501,0.38,0.25,0.12,0.25,0.12,0.25,0.05,0.1,0.0,0.0,0.0,0.0,0.12,0.25,0.0,0.15,0.1,0.0,0.0
3509,0.38,0.25,0.12,0.25,0.12,0.25,0.12,0.25,0.0,0.0,0.15,0.1,0.0,0.0,0.25,0.0,0.0,0.0,0.0
3517,0.38,0.25,0.12,0.25,0.12,0.25,0.0,0.0,0.0,0.0,0.15,0.1,0.05,0.1,0.1,0.0,0.0,0.0,0.0
3525,0.15,0.1,0.12,0.25,0.12,0.25,0.05,0.1,0.0,0.0,0.15,0.1,0.05,0.1,0.1,0.0,0.0,0.0,0.0
3533,0.38,0.25,0.12,0.25,0.12,0.25,0.12,0.25,0.0,0.0,0.15,0.1,0.05,0.1,0.25,0.0,0.0,0.0,0.0
3542,0.0,0.0,0.25,0.25,0.25,0.25,0.1,0.1,0.0,0.0,0.15,0.1,0.1,0.1,0.12,0.15,0.1,0.0,0.0
3549,0.38,0.25,0.12,0.25,0.12,0.25,0.0,0.0,0.0,0.0,0.15,0.1,0.12,0.25,0.0,0.0,0.0,0.0,0.0
3563,0.25,0.25,0.25,0.25,0.25,0.25,0.25,0.25,0.0,0.0,0.1,0.1,0.25,0.25,0.0,0.0,0.0,0.0,0.0
3573,0.15,0.1,0.12,0.25,0.12,0.25,0.12,0.25,0.0,0.0,0.0,0.0,0.0,0.0,0.25,0.0,0.0,0.15,0.1
3579,0.1,0.1,0.25,0.25,0.25,0.25,0.1,0.1,0.0,0.0,0.0,0.0,0.1,0.1,0.1,0.0,0.0,0.1,0.1
3585,0.1,0.1,0.12,0.25,0.12,0.25,0.12,0.25,0.0,0.0,0.0,0.0,0.05,0.1,0.1,0.0,0.0,0.1,0.1
3593,0.25,0.25,0.12,0.25,0.12,0.25,0.12,0.25,0.0,0.0,0.0,0.0,0.12,0.25,0.25,0.0,0.0,0.1,0.1
3601,0.0,0.0,0.12,0.25,0.12,0.25,0.05,0.1,0.0,0.0,0.0,0.0,0.12,0.25,0.25,0.1,0.1,0.1,0.1
3607,0.0,0.0,0.25,0.25,0.25,0.25,0.1,0.1,0.0,0.0,0.0,0.0,0.25,0.25,0.25,0.15,0.1,0.15,0.1
3614,0.0,0.0,0.25,0.25,0.25,0.25,0.25,0.25,0.0,0.0,0.0,0.0,0.25,0.25,0.12,0.15,0.1,0.15,0.1
3641,0.25,0.25,0.12,0.25,0.12,0.25,0.0,0.0,0.0,0.0,0.25,0.25,0.12,0.25,0.25,0.0,0.0,0.25,0.25
3646,0.38,0.25,0.25,0.25,0.25,0.25,0.0,0.0,0.0,0.0,0.38,0.25,0.25,0.25,0.12,0.0,0.0,0.38,0.25
3656,0.1,0.1,0.0,0.0,0.05,0.1,0.12,0.25,0.0,0.0,0.0,0.0,0.05,0.1,0.12,0.0,0.0,0.0,0.0
3663,0.15,0.1,0.0,0.0,0.1,0.1,0.25,0.25,0.0,0.0,0.0,0.0,0.1,0.1,0.25,0.0,0.0,0.0,0.0
3671,0.38,0.25,0.1,0.1,0.1,0.1,0.25,0.25,0.0,0.0,0.0,0.0,0.25,0.25,0.25,0.0,0.0,0.0,0.0
3678,0.0,0.0,0.25,0.25,0.1,0.1,0.0,0.0,0.0,0.0,0.0,0.0,0.0,0.0,0.12,0.0,0.0,0.0,0.0
3685,0.0,0.0,0.12,0.25,0.05,0.1,0.05,0.1,0.0,0.0,0.15,0.1,0.12,0.25,0.1,0.0,0.0,0.0,0.0
3693,0.15,0.1,0.12,0.25,0.05,0.1,0.0,0.0,0.0,0.0,0.15,0.1,0.12,0.25,0.25,0.0,0.0,0.15,0.1
3701,0.0,0.0,0.12,0.25,0.05,0.1,0.05,0.1,0.0,0.0,0.15,0.1,0.12,0.25,0.25,0.0,0.0,0.15,0.1
3709,0.38,0.25,0.0,0.0,0.12,0.25,0.0,0.0,0.0,0.0,0.0,0.0,0.05,0.1,0.25,0.0,0.0,0.0,0.0
3717,0.15,0.1,0.0,0.0,0.12,0.25,0.05,0.1,0.0,0.0,0.0,0.0,0.05,0.1,0.25,0.0,0.0,0.0,0.0
3725,0.0,0.0,0.0,0.0,0.12,0.25,0.12,0.25,0.0,0.0,0.0,0.0,0.05,0.1,0.25,0.0,0.0,0.0,0.0
3733,0.15,0.1,0.0,0.0,0.12,0.25,0.0,0.0,0.0,0.0,0.0,0.0,0.12,0.25,0.1,0.0,0.0,0.0,0.0
3740,0.15,0.1,0.0,0.0,0.12,0.25,0.12,0.25,0.0,0.0,0.0,0.0,0.12,0.25,0.0,0.0,0.0,0.0,0.0
3750,0.38,0.25,0.0,0.0,0.25,0.25,0.25,0.25,0.0,0.0,0.0,0.0,0.25,0.25,0.12,0.0,0.0,0.0,0.0
3757,0.15,0.1,0.0,0.0,0.12,0.25,0.0,0.0,0.0,0.0,0.0,0.0,0.12,0.25,0.25,0.15,0.1,0.0,0.0
3765,0.15,0.1,0.0,0.0,0.12,0.25,0.05,0.1,0.0,0.0,0.0,0.0,0.12,0.25,0.25,0.15,0.1,0.0,0.0
3774,0.0,0.0,0.0,0.0,0.25,0.25,0.25,0.25,0.0,0.0,0.0,0.0,0.25,0.25,0.12,0.15,0.1,0.0,0.0
3780,0.15,0.1,0.0,0.0,0.12,0.25,0.0,0.0,0.0,0.0,0.0,0.0,0.05,0.1,0.12,0.0,0.0,0.15,0.1
3789,0.0,0.0,0.0,0.0,0.12,0.25,0.05,0.1,0.0,0.0,0.0,0.0,0.05,0.1,0.25,0.0,0.0,0.15,0.1
3796,0.38,0.25,0.0,0.0,0.12,0.25,0.05,0.1,0.0,0.0,0.0,0.0,0.12,0.25,0.12,0.0,0.0,0.15,0.1
3804,0.15,0.1,0.0,0.0,0.12,0.25,0.12,0.25,0.0,0.0,0.0,0.0,0.12,0.25,0.12,0.0,0.0,0.15,0.1
3811,0.1,0.1,0.0,0.0,0.25,0.25,0.0,0.0,0.0,0.0,0.1,0.1,0.1,0.1,0.25,0.0,0.0,0.1,0.1
3819,0.0,0.0,0.0,0.0,0.25,0.25,0.1,0.1,0.0,0.0,0.1,0.1,0.1,0.1,0.25,0.0,0.0,0.1,0.1
3827,0.1,0.1,0.0,0.0,0.25,0.25,0.1,0.1,0.0,0.0,0.1,0.1,0.25,0.25,0.25,0.0,0.0,0.1,0.1
3835,0.0,0.0,0.0,0.0,0.25,0.25,0.25,0.25,0.0,0.0,0.1,0.1,0.25,0.25,0.25,0.0,0.0,0.1,0.1
3843,0.0,0.0,0.0,0.0,0.25,0.25,0.1,0.1,0.0,0.0,0.0,0.0,0.1,0.1,0.1,0.0,0.0,0.25,0.25
3852,0.38,0.25,0.0,0.0,0.12,0.25,0.12,0.25,0.0,0.0,0.0,0.0,0.05,0.1,0.12,0.0,0.0,0.38,0.25
3859,0.25,0.25,0.0,0.0,0.25,0.25,0.0,0.0,0.0,0.0,0.0,0.0,0.25,0.25,0.25,0.0,0.0,0.25,0.25
3866,0.1,0.1,0.0,0.0,0.25,0.25,0.1,0.1,0.0,0.0,0.0,0.0,0.25,0.25,0.12,0.0,0.0,0.25,0.25
3876,0.0,0.0,0.0,0.0,0.12,0.25,0.12,0.25,0.0,0.0,0.0,0.0,0.12,0.25,0.12,0.0,0.0,0.38,0.25
3884,0.38,0.25,0.05,0.1,0.12,0.25,0.05,0.1,0.0,0.0,0.0,0.0,0.0,0.0,0.12,0.0,0.0,0.0,0.0
3893,0.0,0.0,0.05,0.1,0.12,0.25,0.0,0.0,0.0,0.0,0.0,0.0,0.05,0.1,0.25,0.0,0.0,0.0,0.0
3903,0.38,0.25,0.1,0.1,0.25,0.25,0.0,0.0,0.0,0.0,0.0,0.0,0.25,0.25,0.0,0.0,0.0,0.0,0.0
3912,0.1,0.1,0.05,0.1,0.12,0.25,0.0,0.0,0.0,0.0,0.0,0.0,0.12,0.25,0.12,0.1,0.1,0.0,0.0
3921,0.0,0.0,0.05,0.1,0.12,0.25,0.05,0.1,0.0,0.0,0.0,0.0,0.12,0.25,0.25,0.1,0.1,0.0,0.0
3928,0.1,0.1,0.05,0.1,0.12,0.25,0.05,0.1,0.0,0.0,0.1,0.1,0.05,0.1,0.05,0.0,0.0,0.0,0.0
3936,0.0,0.0,0.05,0.1,0.12,0.25,0.12,0.25,0.0,0.0,0.1,0.1,0.05,0.1,0.05,0.0,0.0,0.0,0.0
3945,0.0,0.0,0.05,0.1,0.12,0.25,0.0,0.0,0.0,0.0,0.1,0.1,0.12,0.25,0.1,0.0,0.0,0.0,0.0
3953,0.1,0.1,0.05,0.1,0.12,0.25,0.05,0.1,0.0,0.0,0.1,0.1,0.12,0.25,0.0,0.0,0.0,0.0,0.0
3961,0.1,0.1,0.05,0.1,0.12,0.25,0.12,0.25,0.0,0.0,0.1,0.1,0.12,0.25,0.1,0.0,0.0,0.0,0.0
3969,0.1,0.1,0.05,0.1,0.12,0.25,0.12,0.25,0.0,0.0,0.0,0.0,0.0,0.0,0.1,0.0,0.0,0.1,0.1
3976,0.1,0.1,0.05,0.1,0.12,0.25,0.0,0.0,0.0,0.0,0.0,0.0,0.12,0.25,0.12,0.0,0.0,0.1,0.1
3983,0.15,0.1,0.1,0.1,0.25,0.25,0.0,0.0,0.0,0.0,0.0,0.0,0.25,0.25,0.25,0.0,0.0,0.15,0.1
3991,0.0,0.0,0.1,0.1,0.25,0.25,0.1,0.1,0.0,0.0,0.0,0.0,0.25,0.25,0.25,0.0,0.0,0.15,0.1
4000,0.1,0.1,0.05,0.1,0.12,0.25,0.05,0.1,0.0,0.0,0.1,0.1,0.05,0.1,0.12,0.0,0.0,0.1,0.1
4018,0.0,0.0,0.1,0.1,0.25,0.25,0.1,0.1,0.0,0.0,0.1,0.1,0.25,0.25,0.0,0.0,0.0,0.1,0.1
4030,0.38,0.25,0.1,0.1,0.25,0.25,0.25,0.25,0.0,0.0,0.15,0.1,0.25,0.25,0.12,0.0,0.0,0.15,0.1
4039,0.0,0.0,0.1,0.1,0.25,0.25,0.1,0.1,0.0,0.0,0.15,0.1,0.25,0.25,0.25,0.15,0.1,0.15,0.1
4055,0.15,0.1,0.1,0.1,0.25,0.25,0.25,0.25,0.0,0.0,0.0,0.0,0.0,0.0,0.1,0.0,0.0,0.38,0.25
4067,0.1,0.1,0.1,0.1,0.25,0.25,0.1,0.1,0.0,0.0,0.0,0.0,0.25,0.25,0.25,0.0,0.0,0.25,0.25
4072,0.0,0.0,0.05,0.1,0.12,0.25,0.12,0.25,0.0,0.0,0.0,0.0,0.12,0.25,0.12,0.0,0.0,0.25,0.25
4081,0.1,0.1,0.12,0.25,0.12,0.25,0.0,0.0,0.0,0.0,0.0,0.0,0.0,0.0,0.25,0.0,0.0,0.0,0.0
4089,0.25,0.25,0.12,0.25,0.12,0.25,0.05,0.1,0.0,0.0,0.0,0.0,0.0,0.0,0.1,0.0,0.0,0.0,0.0
4097,0.1,0.1,0.12,0.25,0.12,0.25,0.0,0.0,0.0,0.0,0.0,0.0,0.05,0.1,0.25,0.0,0.0,0.0,0.0
4105,0.0,0.0,0.12,0.25,0.12,0.25,0.05,0.1,0.0,0.0,0.0,0.0,0.05,0.1,0.25,0.0,0.0,0.0,0.0
4113,0.25,0.25,0.12,0.25,0.12,0.25,0.12,0.25,0.0,0.0,0.0,0.0,0.05,0.1,0.1,0.0,0.0,0.0,0.0
4121,0.25,0.25,0.12,0.25,0.12,0.25,0.05,0.1,0.0,0.0,0.0,0.0,0.12,0.25,0.25,0.0,0.0,0.0,0.0
4129,0.1,0.1,0.12,0.25,0.12,0.25,0.12,0.25,0.0,0.0,0.0,0.0,0.12,0.25,0.25,0.0,0.0,0.0,0.0
4137,0.0,0.0,0.12,0.25,0.12,0.25,0.0,0.0,0.0,0.0,0.0,0.0,0.12,0.25,0.25,0.1,0.1,0.0,0.0
4145,0.25,0.25,0.12,0.25,0.12,0.25,0.0,0.0,0.1,0.1,0.0,0.0,0.12,0.25,0.1,0.0,0.0,0.0,0.0
4151,0.38,0.25,0.25,0.25,0.25,0.25,0.0,0.0,0.15,0.1,0.0,0.0,0.25,0.25,0.1,0.0,0.0,0.0,0.0
4164,0.38,0.25,0.12,0.25,0.12,0.25,0.0,0.0,0.0,0.0,0.15,0.1,0.05,0.1,0.12,0.0,0.0,0.0,0.0
4173,0.0,0.0,0.12,0.25,0.12,0.25,0.05,0.1,0.0,0.0,0.15,0.1,0.05,0.1,0.25,0.0,0.0,0.0,0.0
4184,0.0,0.0,0.12,0.25,0.12,0.25,0.0,0.0,0.0,0.0,0.1,0.1,0.12,0.25,0.0,0.0,0.0,0.0,0.0
4196,0.15,0.1,0.12,0.25,0.12,0.25,0.05,0.1,0.0,0.0,0.15,0.1,0.12,0.25,0.12,0.0,0.0,0.0,0.0
4204,0.0,0.0,0.12,0.25,0.12,0.25,0.12,0.25,0.0,0.0,0.15,0.1,0.12,0.25,0.12,0.0,0.0,0.0,0.0
4212,0.0,0.0,0.12,0.25,0.12,0.25,0.12,0.25,0.0,0.0,0.15,0.1,0.12,0.25,0.05,0.15,0.1,0.0,0.0
4222,0.15,0.1,0.25,0.25,0.25,0.25,0.1,0.1,0.0,0.0,0.0,0.0,0.0,0.0,0.05,0.0,0.0,0.15,0.1
4228,0.0,0.0,0.12,0.25,0.12,0.25,0.12,0.25,0.0,0.0,0.0,0.0,0.0,0.0,0.05,0.0,0.0,0.15,0.1
4236,0.0,0.0,0.12,0.25,0.12,0.25,0.0,0.0,0.0,0.0,0.0,0.0,0.05,0.1,0.12,0.0,0.0,0.15,0.1
4244,0.38,0.25,0.12,0.25,0.12,0.25,0.05,0.1,0.0,0.0,0.0,0.0,0.05,0.1,0.05,0.0,0.0,0.15,0.1
4253,0.0,0.0,0.12,0.25,0.12,0.25,0.12,0.25,0.0,0.0,0.0,0.0,0.05,0.1,0.1,0.0,0.0,0.15,0.1
4270,0.0,0.0,0.25,0.25,0.25,0.25,0.0,0.0,0.0,0.0,0.15,0.1,0.1,0.1,0.12,0.0,0.0,0.15,0.1
4278,0.0,0.0,0.25,0.25,0.25,0.25,0.0,0.0,0.0,0.0,0.15,0.1,0.25,0.25,0.12,0.0,0.0,0.15,0.1
4290,0.25,0.25,0.25,0.25,0.25,0.25,0.0,0.0,0.0,0.0,0.1,0.1,0.25,0.25,0.12,0.1,0.1,0.1,0.1
4296,0.1,0.1,0.12,0.25,0.12,0.25,0.05,0.1,0.0,0.0,0.1,0.1,0.12,0.25,0.12,0.1,0.1,0.1,0.1
4306,0.0,0.0,0.25,0.25,0.25,0.25,0.25,0.25,0.1,0.1,0.1,0.1,0.25,0.25,0.12,0.0,0.0,0.1,0.1
4314,0.0,0.0,0.25,0.25,0.25,0.25,0.25,0.25,0.0,0.0,0.0,0.0,0.0,0.0,0.12,0.0,0.0,0.25,0.25
4331,0.1,0.1,0.25,0.25,0.25,0.25,0.25,0.25,0.0,0.0,0.0,0.0,0.1,0.1,0.25,0.0,0.0,0.25,0.25
4336,0.1,0.1,0.12,0.25,0.12,0.25,0.05,0.1,0.0,0.0,0.0,0.0,0.12,0.25,0.05,0.0,0.0,0.25,0.25
4351,0.15,0.1,0.25,0.25,0.25,0.25,0.25,0.25,0.0,0.0,0.0,0.0,0.25,0.25,0.1,0.0,0.0,0.38,0.25
4359,0.0,0.0,0.25,0.25,0.25,0.25,0.0,0.0,0.0,0.0,0.38,0.25,0.25,0.25,0.25,0.0,0.0,0.38,0.25
4369,0.1,0.1,0.0,0.0,0.05,0.1,0.12,0.25,0.0,0.0,0.0,0.0,0.12,0.25,0.25,0.0,0.0,0.0,0.0
4377,0.1,0.1,0.05,0.1,0.05,0.1,0.05,0.1,0.0,0.0,0.0,0.0,0.05,0.1,0.25,0.0,0.0,0.0,0.0
4386,0.0,0.0,0.1,0.1,0.1,0.1,0.25,0.25,0.0,0.0,0.0,0.0,0.1,0.1,0.12,0.0,0.0,0.0,0.0
4394,0.1,0.1,0.1,0.1,0.1,0.1,0.25,0.25,0.0,0.0,0.1,0.1,0.25,0.25,0.12,0.0,0.0,0.1,0.1
4402,0.0,0.0,0.25,0.25,0.1,0.1,0.1,0.1,0.0,0.0,0.0,0.0,0.1,0.1,0.12,0.0,0.0,0.0,0.0
4409,0.1,0.1,0.12,0.25,0.05,0.1,0.05,0.1,0.0,0.0,0.0,0.0,0.12,0.25,0.1,0.0,0.0,0.0,0.0
4417,0.0,0.0,0.12,0.25,0.05,0.1,0.12,0.25,0.0,0.0,0.1,0.1,0.0,0.0,0.25,0.0,0.0,0.0,0.0
4426,0.0,0.0,0.25,0.25,0.1,0.1,0.0,0.0,0.0,0.0,0.1,0.1,0.25,0.25,0.12,0.1,0.1,0.0,0.0
4431,0.0,0.0,0.25,0.25,0.1,0.1,0.0,0.0,0.0,0.0,0.15,0.1,0.25,0.25,0.25,0.15,0.1,0.0,0.0
4439,0.15,0.1,0.25,0.25,0.1,0.1,0.25,0.25,0.0,0.0,0.0,0.0,0.25,0.25,0.1,0.0,0.0,0.15,0.1
4446,0.0,0.0,0.0,0.0,0.25,0.25,0.0,0.0,0.0,0.0,0.0,0.0,0.1,0.1,0.12,0.0,0.0,0.0,0.0
4460,0.38,0.25,0.0,0.0,0.12,0.25,0.12,0.25,0.0,0.0,0.0,0.0,0.12,0.25,0.0,0.0,0.0,0.0,0.0
4468,0.0,0.0,0.0,0.0,0.12,0.25,0.05,0.1,0.0,0.0,0.15,0.1,0.12,0.25,0.12,0.0,0.0,0.0,0.0
4476,0.0,0.0,0.0,0.0,0.12,0.25,0.12,0.25,0.0,0.0,0.15,0.1,0.12,0.25,0.05,0.0,0.0,0.0,0.0
4484,0.0,0.0,0.0,0.0,0.12,0.25,0.12,0.25,0.0,0.0,0.0,0.0,0.0,0.0,0.05,0.0,0.0,0.15,0.1
4494,0.38,0.25,0.0,0.0,0.25,0.25,0.0,0.0,0.0,0.0,0.0,0.0,0.1,0.1,0.12,0.0,0.0,0.15,0.1
4503,0.15,0.1,0.0,0.0,0.25,0.25,0.1,0.1,0.0,0.0,0.0,0.0,0.1,0.1,0.25,0.0,0.0,0.15,0.1
4511,0.0,0.0,0.0,0.0,0.25,0.25,0.25,0.25,0.0,0.0,0.0,0.0,0.1,0.1,0.25,0.0,0.0,0.15,0.1
4518,0.38,0.25,0.0,0.0,0.25,0.25,0.0,0.0,0.0,0.0,0.0,0.0,0.25,0.25,0.12,0.0,0.0,0.15,0.1
4526,0.15,0.1,0.0,0.0,0.25,0.25,0.1,0.1,0.0,0.0,0.0,0.0,0.25,0.25,0.12,0.0,0.0,0.15,0.1
4533,0.0,0.0,0.0,0.0,0.12,0.25,0.12,0.25,0.0,0.0,0.0,0.0,0.12,0.25,0.25,0.0,0.0,0.15,0.1
4544,0.0,0.0,0.0,0.0,0.12,0.25,0.05,0.1,0.0,0.0,0.1,0.1,0.12,0.25,0.05,0.0,0.0,0.1,0.1
4562,0.25,0.25,0.0,0.0,0.25,0.25,0.25,0.25,0.0,0.0,0.1,0.1,0.25,0.25,0.12,0.0,0.0,0.1,0.1
4571,0.0,0.0,0.0,0.0,0.25,0.25,0.25,0.25,0.0,0.0,0.1,0.1,0.25,0.25,0.25,0.1,0.1,0.1,0.1
4581,0.38,0.25,0.0,0.0,0.12,0.25,0.05,0.1,0.0,0.0,0.0,0.0,0.05,0.1,0.1,0.0,0.0,0.38,0.25
4591,0.15,0.1,0.0,0.0,0.25,0.25,0.25,0.25,0.0,0.0,0.0,0.0,0.1,0.1,0.1,0.0,0.0,0.38,0.25
4602,0.1,0.1,0.0,0.0,0.25,0.25,0.25,0.25,0.0,0.0,0.0,0.0,0.25,0.25,0.12,0.0,0.0,0.25,0.25
4612,0.15,0.1,0.05,0.1,0.12,0.25,0.0,0.0,0.0,0.0,0.0,0.0,0.05,0.1,0.12,0.0,0.0,0.0,0.0
4618,0.0,0.0,0.1,0.1,0.25,0.25,0.1,0.1,0.0,0.0,0.0,0.0,0.1,0.1,0.12,0.0,0.0,0.0,0.0
4626,0.25,0.25,0.1,0.1,0.25,0.25,0.1,0.1,0.0,0.0,0.0,0.0,0.1,0.1,0.12,0.1,0.1,0.0,0.0
4634,0.25,0.25,0.1,0.1,0.25,0.25,0.0,0.0,0.0,0.0,0.0,0.0,0.25,0.25,0.12,0.1,0.1,0.0,0.0
4642,0.1,0.1,0.1,0.1,0.25,0.25,0.1,0.1,0.0,0.0,0.0,0.0,0.25,0.25,0.12,0.1,0.1,0.0,0.0
4650,0.0,0.0,0.1,0.1,0.25,0.25,0.25,0.25,0.0,0.0,0.1,0.1,0.0,0.0,0.12,0.0,0.0,0.0,0.0
4658,0.0,0.0,0.1,0.1,0.25,0.25,0.1,0.1,0.0,0.0,0.1,0.1,0.1,0.1,0.05,0.0,0.0,0.0,0.0
4682,0.1,0.1,0.1,0.1,0.25,0.25,0.25,0.25,0.0,0.0,0.1,0.1,0.25,0.25,0.12,0.0,0.0,0.0,0.0
4687,0.15,0.1,0.1,0.1,0.25,0.25,0.25,0.25,0.0,0.0,0.15,0.1,0.25,0.25,0.25,0.0,0.0,0.0,0.0
4696,0.0,0.0,0.05,0.1,0.12,0.25,0.0,0.0,0.0,0.0,0.0,0.0,0.05,0.1,0.12,0.0,0.0,0.1,0.1
4705,0.25,0.25,0.05,0.1,0.12,0.25,0.05,0.1,0.0,0.0,0.0,0.0,0.05,0.1,0.1,0.0,0.0,0.1,0.1
4713,0.1,0.1,0.05,0.1,0.12,0.25,0.12,0.25,0.0,0.0,0.0,0.0,0.05,0.1,0.1,0.0,0.0,0.1,0.1
4720,0.25,0.25,0.05,0.1,0.12,0.25,0.12,0.25,0.0,0.0,0.0,0.0,0.12,0.25,0.12,0.0,0.0,0.1,0.1
4729,0.1,0.1,0.05,0.1,0.12,0.25,0.0,0.0,0.0,0.0,0.1,0.1,0.05,0.1,0.25,0.0,0.0,0.1,0.1
4737,0.0,0.0,0.05,0.1,0.12,0.25,0.05,0.1,0.0,0.0,0.1,0.1,0.05,0.1,0.25,0.0,0.0,0.1,0.1
4744,0.0,0.0,0.05,0.1,0.12,0.25,0.0,0.0,0.0,0.0,0.1,0.1,0.12,0.25,0.12,0.0,0.0,0.1,0.1
4752,0.25,0.25,0.05,0.1,0.12,0.25,0.05,0.1,0.0,0.0,0.1,0.1,0.12,0.25,0.05,0.0,0.0,0.1,0.1
4761,0.1,0.1,0.05,0.1,0.12,0.25,0.12,0.25,0.0,0.0,0.1,0.1,0.12,0.25,0.25,0.1,0.1,0.1,0.1
4779,0.1,0.1,0.1,0.1,0.25,0.25,0.0,0.0,0.0,0.0,0.0,0.0,0.1,0.1,0.25,0.0,0.0,0.25,0.25
4787,0.0,0.0,0.1,0.1,0.25,0.25,0.1,0.1,0.0,0.0,0.0,0.0,0.1,0.1,0.25,0.0,0.0,0.25,0.25
4795,0.25,0.25,0.1,0.1,0.25,0.25,0.25,0.25,0.0,0.0,0.0,0.0,0.1,0.1,0.1,0.0,0.0,0.25,0.25
4805,0.15,0.1,0.05,0.1,0.12,0.25,0.05,0.1,0.0,0.0,0.0,0.0,0.12,0.25,0.1,0.0,0.0,0.38,0.25
4810,0.0,0.0,0.1,0.1,0.25,0.25,0.25,0.25,0.0,0.0,0.0,0.0,0.25,0.25,0.05,0.0,0.0,0.25,0.25
4822,0.15,0.1,0.25,0.25,0.25,0.25,0.25,0.25,0.0,0.0,0.0,0.0,0.0,0.0,0.12,0.0,0.0,0.0,0.0
4832,0.1,0.1,0.12,0.25,0.12,0.25,0.12,0.25,0.0,0.0,0.0,0.0,0.05,0.1,0.12,0.0,0.0,0.0,0.0
4839,0.15,0.1,0.25,0.25,0.25,0.25,0.25,0.25,0.0,0.0,0.0,0.0,0.1,0.1,0.25,0.0,0.0,0.0,0.0
4847,0.0,0.0,0.25,0.25,0.25,0.25,0.0,0.0,0.0,0.0,0.0,0.0,0.1,0.1,0.25,0.15,0.1,0.0,0.0
4854,0.0,0.0,0.25,0.25,0.25,0.25,0.0,0.0,0.0,0.0,0.0,0.0,0.25,0.25,0.12,0.0,0.0,0.0,0.0
4863,0.0,0.0,0.25,0.25,0.25,0.25,0.0,0.0,0.0,0.0,0.15,0.1,0.1,0.1,0.1,0.0,0.0,0.0,0.0
4878,0.38,0.25,0.25,0.25,0.25,0.25,0.1,0.1,0.0,0.0,0.15,0.1,0.1,0.1,0.12,0.0,0.0,0.0,0.0
4886,0.15,0.1,0.25,0.25,0.25,0.25,0.25,0.25,0.0,0.0,0.15,0.1,0.1,0.1,0.12,0.0,0.0,0.0,0.0
4896,0.25,0.25,0.12,0.25,0.12,0.25,0.05,0.1,0.0,0.0,0.1,0.1,0.12,0.25,0.0,0.0,0.0,0.0,0.0
4904,0.0,0.0,0.12,0.25,0.12,0.25,0.12,0.25,0.0,0.0,0.1,0.1,0.12,0.25,0.05,0.0,0.0,0.0,0.0
4912,0.25,0.25,0.12,0.25,0.12,0.25,0.12,0.25,0.0,0.0,0.1,0.1,0.12,0.25,0.12,0.0,0.0,0.0,0.0
4921,0.1,0.1,0.12,0.25,0.12,0.25,0.12,0.25,0.0,0.0,0.1,0.1,0.12,0.25,0.25,0.1,0.1,0.0,0.0
4939,0.1,0.1,0.25,0.25,0.25,0.25,0.0,0.0,0.0,0.0,0.0,0.0,0.1,0.1,0.25,0.0,0.0,0.1,0.1
4946,0.0,0.0,0.25,0.25,0.25,0.25,0.1,0.1,0.0,0.0,0.0,0.0,0.1,0.1,0.12,0.0,0.0,0.1,0.1
4951,0.0,0.0,0.25,0.25,0.25,0.25,0.1,0.1,0.0,0.0,0.0,0.0,0.1,0.1,0.25,0.0,0.0,0.15,0.1
4959,0.38,0.25,0.25,0.25,0.25,0.25,0.25,0.25,0.0,0.0,0.0,0.0,0.1,0.1,0.1,0.0,0.0,0.15,0.1
4967,0.0,0.0,0.25,0.25,0.25,0.25,0.0,0.0,0.0,0.0,0.0,0.0,0.25,0.25,0.25,0.0,0.0,0.15,0.1
4976,0.25,0.25,0.12,0.25,0.12,0.25,0.12,0.25,0.0,0.0,0.0,0.0,0.12,0.25,0.12,0.1,0.1,0.1,0.1
4986,0.0,0.0,0.25,0.25,0.25,0.25,0.0,0.0,0.0,0.0,0.1,0.1,0.25,0.25,0.0,0.0,0.0,0.1,0.1
5002,0.1,0.1,0.25,0.25,0.25,0.25,0.1,0.1,0.0,0.0,0.1,0.1,0.25,0.25,0.12,0.0,0.0,0.1,0.1
5010,0.0,0.0,0.25,0.25,0.25,0.25,0.25,0.25,0.0,0.0,0.1,0.1,0.25,0.25,0.12,0.0,0.0,0.1,0.1
5027,0.25,0.25,0.25,0.25,0.25,0.25,0.25,0.25,0.0,0.0,0.0,0.0,0.1,0.1,0.25,0.0,0.0,0.25,0.25
5033,0.25,0.25,0.12,0.25,0.12,0.25,0.05,0.1,0.0,0.0,0.0,0.0,0.12,0.25,0.25,0.0,0.0,0.25,0.25
5041,0.1,0.1,0.12,0.25,0.12,0.25,0.12,0.25,0.0,0.0,0.0,0.0,0.12,0.25,0.25,0.0,0.0,0.25,0.25
5046,0.15,0.1,0.25,0.25,0.25,0.25,0.25,0.25,0.0,0.0,0.0,0.0,0.25,0.25,0.12,0.0,0.0,0.38,0.25
5054,0.15,0.1,0.25,0.25,0.25,0.25,0.0,0.0,0.0,0.0,0.38,0.25,0.25,0.25,0.12,0.0,0.0,0.38,0.25
