4,0.0,0.0,0.0,0.0,0.05,0.1,0.0,0.0,0.0,0.0,0.0,0.0,0.12,0.25,0.05,0.0,0.0,0.0,0.0
12,0.15,0.1,0.05,0.1,0.05,0.1,0.12,0.25,0.0,0.0,0.0,0.0,0.05,0.1,0.12,0.0,0.0,0.0,0.0
19,0.25,0.25,0.1,0.1,0.1,0.1,0.0,0.0,0.0,0.0,0.0,0.0,0.25,0.25,0.1,0.0,0.0,0.0,0.0
27,0.1,0.1,0.25,0.25,0.1,0.1,0.0,0.0,0.0,0.0,0.0,0.0,0.0,0.0,0.25,0.0,0.0,0.0,0.0
37,0.38,0.25,0.12,0.25,0.05,0.1,0.05,0.1,0.0,0.0,0.0,0.0,0.05,0.1,0.25,0.0,0.0,0.0,0.0
45,0.15,0.1,0.12,0.25,0.05,0.1,0.12,0.25,0.0,0.0,0.0,0.0,0.05,0.1,0.25,0.0,0.0,0.0,0.0
54,0.15,0.1,0.25,0.25,0.1,0.1,0.1,0.1,0.0,0.0,0.15,0.1,0.25,0.25,0.05,0.0,0.0,0.0,0.0
62,0.0,0.0,0.25,0.25,0.1,0.1,0.25,0.25,0.0,0.0,0.0,0.0,0.25,0.25,0.05,0.0,0.0,0.15,0.1
70,0.0,0.0,0.25,0.25,0.1,0.1,0.25,0.25,0.0,0.0,0.0,0.0,0.25,0.25,0.12,0.0,0.0,0.38,0.25
76,0.0,0.0,0.0,0.0,0.12,0.25,0.0,0.0,0.0,0.0,0.0,0.0,0.0,0.0,0.12,0.0,0.0,0.0,0.0
83,0.0,0.0,0.0,0.0,0.25,0.25,0.1,0.1,0.0,0.0,0.0,0.0,0.0,0.0,0.25,0.0,0.0,0.0,0.0
91,0.25,0.25,0.0,0.0,0.25,0.25,0.0,0.0,0.0,0.0,0.0,0.0,0.1,0.1,0.1,0.0,0.0,0.0,0.0
99,0.0,0.0,0.0,0.0,0.25,0.25,0.25,0.25,0.0,0.0,0.0,0.0,0.1,0.1,0.25,0.1,0.1,0.0,0.0
107,0.0,0.0,0.0,0.0,0.25,0.25,0.0,0.0,0.0,0.0,0.0,0.0,0.25,0.25,0.25,0.0,0.0,0.0,0.0
115,0.25,0.25,0.0,0.0,0.25,0.25,0.1,0.1,0.0,0.0,0.0,0.0,0.25,0.25,0.1,0.0,0.0,0.0,0.0
123,0.0,0.0,0.0,0.0,0.25,0.25,0.25,0.25,0.0,0.0,0.1,0.1,0.1,0.1,0.1,0.0,0.0,0.0,0.0
132,0.15,0.1,0.0,0.0,0.12,0.25,0.12,0.25,0.0,0.0,0.0,0.0,0.0,0.0,0.05,0.0,0.0,0.15,0.1
138,0.1,0.1,0.0,0.0,0.25,0.25,0.0,0.0,0.0,0.0,0.0,0.0,0.25,0.25,0.12,0.0,0.0,0.1,0.1
149,0.0,0.0,0.0,0.0,0.12,0.25,0.05,0.1,0.0,0.0,0.0,0.0,0.12,0.25,0.25,0.0,0.0,0.15,0.1
155,0.25,0.25,0.0,0.0,0.25,0.25,0.0,0.0,0.0,0.0,0.1,0.1,0.1,0.1,0.25,0.0,0.0,0.1,0.1
164,0.15,0.1,0.0,0.0,0.12,0.25,0.05,0.1,0.0,0.0,0.15,0.1,0.05,0.1,0.12,0.0,0.0,0.15,0.1
172,0.0,0.0,0.0,0.0,0.12,0.25,0.12,0.25,0.0,0.0,0.15,0.1,0.05,0.1,0.12,0.0,0.0,0.15,0.1
181,0.0,0.0,0.0,0.0,0.12,0.25,0.0,0.0,0.0,0.0,0.15,0.1,0.12,0.25,0.25,0.0,0.0,0.15,0.1
189,0.15,0.1,0.0,0.0,0.12,0.25,0.05,0.1,0.0,0.0,0.15,0.1,0.12,0.25,0.1,0.0,0.0,0.15,0.1
218,0.1,0.1,0.1,0.1,0.25,0.25,0.0,0.0,0.0,0.0,0.0,0.0,0.0,0.0,0.12,0.0,0.0,0.0,0.0
226,0.0,0.0,0.1,0.1,0.25,0.25,0.1,0.1,0.0,0.0,0.0,0.0,0.0,0.0,0.12,0.0,0.0,0.0,0.0
234,0.25,0.25,0.1,0.1,0.25,0.25,0.1,0.1,0.0,0.0,0.0,0.0,0.1,0.1,0.12,0.0,0.0,0.0,0.0
243,0.1,0.1,0.1,0.1,0.25,0.25,0.25,0.25,0.0,0.0,0.0,0.0,0.1,0.1,0.25,0.0,0.0,0.0,0.0
251,0.0,0.0,0.1,0.1,0.25,0.25,0.0,0.0,0.0,0.0,0.0,0.0,0.1,0.1,0.25,0.1,0.1,0.0,0.0
258,0.25,0.25,0.1,0.1,0.25,0.25,0.1,0.1,0.0,0.0,0.0,0.0,0.25,0.25,0.12,0.0,0.0,0.0,0.0
266,0.1,0.1,0.1,0.1,0.25,0.25,0.25,0.25,0.0,0.0,0.0,0.0,0.25,0.25,0.12,0.0,0.0,0.0,0.0
274,0.0,0.0,0.1,0.1,0.25,0.25,0.0,0.0,0.0,0.0,0.0,0.0,0.25,0.25,0.12,0.1,0.1,0.0,0.0
282,0.0,0.0,0.1,0.1,0.25,0.25,0.0,0.0,0.0,0.0,0.1,0.1,0.1,0.1,0.05,0.0,0.0,0.0,0.0
290,0.1,0.1,0.1,0.1,0.25,0.25,0.25,0.25,0.0,0.0,0.1,0.1,0.1,0.1,0.12,0.0,0.0,0.0,0.0
298,0.25,0.25,0.1,0.1,0.25,0.25,0.0,0.0,0.0,0.0,0.1,0.1,0.25,0.25,0.05,0.0,0.0,0.0,0.0
305,0.25,0.25,0.05,0.1,0.12,0.25,0.05,0.1,0.0,0.0,0.1,0.1,0.12,0.25,0.1,0.0,0.0,0.0,0.0
312,0.0,0.0,0.05,0.1,0.12,0.25,0.12,0.25,0.0,0.0,0.0,0.0,0.0,0.0,0.12,0.0,0.0,0.1,0.1
321,0.25,0.25,0.05,0.1,0.12,0.25,0.12,0.25,0.0,0.0,0.0,0.0,0.05,0.1,0.25,0.0,0.0,0.1,0.1
328,0.0,0.0,0.05,0.1,0.12,0.25,0.0,0.0,0.0,0.0,0.0,0.0,0.12,0.25,0.12,0.0,0.0,0.1,0.1
334,0.0,0.0,0.1,0.1,0.25,0.25,0.0,0.0,0.0,0.0,0.0,0.0,0.25,0.25,0.12,0.0,0.0,0.15,0.1
341,0.15,0.1,0.05,0.1,0.12,0.25,0.12,0.25,0.0,0.0,0.0,0.0,0.12,0.25,0.1,0.0,0.0,0.15,0.1
348,0.38,0.25,0.05,0.1,0.12,0.25,0.0,0.0,0.0,0.0,0.15,0.1,0.12,0.25,0.05,0.0,0.0,0.15,0.1
356,0.15,0.1,0.05,0.1,0.12,0.25,0.05,0.1,0.0,0.0,0.0,0.0,0.05,0.1,0.12,0.0,0.0,0.38,0.25
365,0.0,0.0,0.05,0.1,0.12,0.25,0.12,0.25,0.0,0.0,0.0,0.0,0.05,0.1,0.25,0.0,0.0,0.38,0.25
373,0.15,0.1,0.05,0.1,0.12,0.25,0.0,0.0,0.0,0.0,0.0,0.0,0.12,0.25,0.25,0.0,0.0,0.38,0.25
380,0.0,0.0,0.05,0.1,0.12,0.25,0.05,0.1,0.0,0.0,0.0,0.0,0.12,0.25,0.12,0.0,0.0,0.38,0.25
394,0.25,0.25,0.25,0.25,0.25,0.25,0.25,0.25,0.0,0.0,0.0,0.0,0.0,0.0,0.12,0.0,0.0,0.0,0.0
402,0.0,0.0,0.25,0.25,0.25,0.25,0.25,0.25,0.1,0.1,0.0,0.0,0.0,0.0,0.12,0.0,0.0,0.0,0.0
410,0.25,0.25,0.25,0.25,0.25,0.25,0.25,0.25,0.0,0.0,0.0,0.0,0.1,0.1,0.12,0.0,0.0,0.0,0.0
415,0.38,0.25,0.25,0.25,0.25,0.25,0.25,0.25,0.0,0.0,0.0,0.0,0.1,0.1,0.25,0.0,0.0,0.0,0.0
422,0.15,0.1,0.25,0.25,0.25,0.25,0.0,0.0,0.0,0.0,0.0,0.0,0.1,0.1,0.12,0.15,0.1,0.0,0.0
432,0.1,0.1,0.12,0.25,0.12,0.25,0.0,0.0,0.0,0.0,0.1,0.1,0.0,0.0,0.12,0.0,0.0,0.0,0.0
440,0.0,0.0,0.12,0.25,0.12,0.25,0.05,0.1,0.0,0.0,0.1,0.1,0.0,0.0,0.12,0.0,0.0,0.0,0.0
448,0.1,0.1,0.12,0.25,0.12,0.25,0.05,0.1,0.0,0.0,0.1,0.1,0.05,0.1,0.0,0.0,0.0,0.0,0.0
460,0.38,0.25,0.12,0.25,0.12,0.25,0.0,0.0,0.0,0.0,0.15,0.1,0.12,0.25,0.05,0.0,0.0,0.0,0.0
468,0.15,0.1,0.12,0.25,0.12,0.25,0.05,0.1,0.0,0.0,0.15,0.1,0.12,0.25,0.05,0.0,0.0,0.0,0.0
478,0.15,0.1,0.25,0.25,0.25,0.25,0.25,0.25,0.0,0.0,0.15,0.1,0.25,0.25,0.0,0.0,0.0,0.0,0.0
487,0.38,0.25,0.25,0.25,0.25,0.25,0.25,0.25,0.0,0.0,0.15,0.1,0.25,0.25,0.1,0.15,0.1,0.0,0.0
493,0.38,0.25,0.12,0.25,0.12,0.25,0.12,0.25,0.15,0.1,0.15,0.1,0.12,0.25,0.1,0.0,0.0,0.0,0.0
502,0.0,0.0,0.25,0.25,0.25,0.25,0.25,0.25,0.0,0.0,0.0,0.0,0.0,0.0,0.0,0.0,0.0,0.15,0.1
512,0.1,0.1,0.12,0.25,0.12,0.25,0.05,0.1,0.0,0.0,0.0,0.0,0.12,0.25,0.12,0.0,0.0,0.1,0.1
521,0.0,0.0,0.12,0.25,0.12,0.25,0.12,0.25,0.0,0.0,0.0,0.0,0.12,0.25,0.25,0.0,0.0,0.1,0.1
530,0.1,0.1,0.25,0.25,0.25,0.25,0.0,0.0,0.0,0.0,0.1,0.1,0.25,0.25,0.12,0.0,0.0,0.1,0.1
539,0.1,0.1,0.25,0.25,0.25,0.25,0.25,0.25,0.0,0.0,0.1,0.1,0.25,0.25,0.25,0.0,0.0,0.1,0.1
545,0.0,0.0,0.12,0.25,0.12,0.25,0.0,0.0,0.0,0.0,0.1,0.1,0.12,0.25,0.25,0.1,0.1,0.1,0.1
557,0.0,0.0,0.12,0.25,0.12,0.25,0.05,0.1,0.0,0.0,0.0,0.0,0.0,0.0,0.1,0.0,0.0,0.38,0.25
570,0.25,0.25,0.25,0.25,0.25,0.25,0.0,0.0,0.0,0.0,0.0,0.0,0.1,0.1,0.12,0.0,0.0,0.25,0.25
577,0.1,0.1,0.12,0.25,0.12,0.25,0.05,0.1,0.0,0.0,0.0,0.0,0.05,0.1,0.25,0.0,0.0,0.25,0.25
584,0.25,0.25,0.12,0.25,0.12,0.25,0.12,0.25,0.0,0.0,0.0,0.0,0.05,0.1,0.05,0.0,0.0,0.25,0.25
600,0.25,0.25,0.12,0.25,0.12,0.25,0.12,0.25,0.0,0.0,0.0,0.0,0.12,0.25,0.12,0.0,0.0,0.25,0.25
610,0.1,0.1,0.25,0.25,0.0,0.0,0.1,0.1,0.0,0.0,0.0,0.0,0.25,0.25,0.12,0.0,0.0,0.0,0.0
618,0.0,0.0,0.25,0.25,0.0,0.0,0.25,0.25,0.0,0.0,0.0,0.0,0.25,0.25,0.12,0.0,0.0,0.0,0.0
626,0.0,0.0,0.0,0.0,0.1,0.1,0.25,0.25,0.0,0.0,0.0,0.0,0.0,0.0,0.12,0.0,0.0,0.0,0.0
633,0.25,0.25,0.0,0.0,0.05,0.1,0.12,0.25,0.0,0.0,0.0,0.0,0.12,0.25,0.25,0.0,0.0,0.0,0.0
642,0.0,0.0,0.1,0.1,0.1,0.1,0.1,0.1,0.0,0.0,0.0,0.0,0.1,0.1,0.12,0.0,0.0,0.0,0.0
649,0.1,0.1,0.05,0.1,0.05,0.1,0.0,0.0,0.0,0.0,0.0,0.0,0.12,0.25,0.25,0.0,0.0,0.0,0.0
657,0.0,0.0,0.05,0.1,0.05,0.1,0.05,0.1,0.0,0.0,0.1,0.1,0.12,0.25,0.25,0.1,0.1,0.0,0.0
665,0.25,0.25,0.12,0.25,0.05,0.1,0.0,0.0,0.0,0.0,0.0,0.0,0.0,0.0,0.25,0.0,0.0,0.0,0.0
673,0.25,0.25,0.12,0.25,0.05,0.1,0.12,0.25,0.0,0.0,0.0,0.0,0.12,0.25,0.25,0.0,0.0,0.0,0.0
681,0.1,0.1,0.12,0.25,0.05,0.1,0.0,0.0,0.0,0.0,0.0,0.0,0.12,0.25,0.25,0.1,0.1,0.0,0.0
688,0.0,0.0,0.12,0.25,0.05,0.1,0.0,0.0,0.0,0.0,0.1,0.1,0.12,0.25,0.12,0.0,0.0,0.0,0.0
695,0.0,0.0,0.25,0.25,0.1,0.1,0.0,0.0,0.0,0.0,0.15,0.1,0.25,0.25,0.25,0.0,0.0,0.0,0.0
703,0.15,0.1,0.25,0.25,0.1,0.1,0.25,0.25,0.0,0.0,0.15,0.1,0.25,0.25,0.1,0.0,0.0,0.0,0.0
711,0.0,0.0,0.25,0.25,0.1,0.1,0.25,0.25,0.0,0.0,0.0,0.0,0.25,0.25,0.25,0.0,0.0,0.15,0.1
721,0.25,0.25,0.0,0.0,0.12,0.25,0.0,0.0,0.0,0.0,0.0,0.0,0.0,0.0,0.25,0.0,0.0,0.0,0.0
729,0.1,0.1,0.0,0.0,0.12,0.25,0.05,0.1,0.0,0.0,0.0,0.0,0.0,0.0,0.25,0.0,0.0,0.0,0.0
737,0.0,0.0,0.0,0.0,0.12,0.25,0.12,0.25,0.0,0.0,0.0,0.0,0.0,0.0,0.25,0.0,0.0,0.0,0.0
745,0.1,0.1,0.0,0.0,0.12,0.25,0.0,0.0,0.0,0.0,0.0,0.0,0.05,0.1,0.25,0.0,0.0,0.0,0.0
750,0.15,0.1,0.0,0.0,0.25,0.25,0.0,0.0,0.0,0.0,0.0,0.0,0.1,0.1,0.12,0.0,0.0,0.0,0.0
758,0.0,0.0,0.0,0.0,0.25,0.25,0.1,0.1,0.0,0.0,0.0,0.0,0.1,0.1,0.12,0.0,0.0,0.0,0.0
769,0.1,0.1,0.0,0.0,0.12,0.25,0.0,0.0,0.0,0.0,0.0,0.0,0.12,0.25,0.0,0.0,0.0,0.0,0.0
777,0.25,0.25,0.0,0.0,0.12,0.25,0.05,0.1,0.0,0.0,0.0,0.0,0.12,0.25,0.25,0.0,0.0,0.0,0.0
784,0.1,0.1,0.0,0.0,0.12,0.25,0.12,0.25,0.0,0.0,0.0,0.0,0.12,0.25,0.12,0.0,0.0,0.0,0.0
791,0.15,0.1,0.0,0.0,0.25,0.25,0.25,0.25,0.0,0.0,0.0,0.0,0.25,0.25,0.25,0.0,0.0,0.0,0.0
798,0.0,0.0,0.0,0.0,0.25,0.25,0.0,0.0,0.0,0.0,0.0,0.0,0.25,0.25,0.12,0.15,0.1,0.0,0.0
811,0.0,0.0,0.0,0.0,0.25,0.25,0.25,0.25,0.0,0.0,0.0,0.0,0.0,0.0,0.25,0.0,0.0,0.1,0.1
818,0.0,0.0,0.0,0.0,0.25,0.25,0.0,0.0,0.0,0.0,0.0,0.0,0.1,0.1,0.12,0.0,0.0,0.1,0.1
825,0.1,0.1,0.0,0.0,0.12,0.25,0.12,0.25,0.0,0.0,0.0,0.0,0.05,0.1,0.1,0.0,0.0,0.1,0.1
833,0.25,0.25,0.0,0.0,0.12,0.25,0.12,0.25,0.0,0.0,0.0,0.0,0.12,0.25,0.25,0.0,0.0,0.1,0.1
840,0.0,0.0,0.0,0.0,0.12,0.25,0.0,0.0,0.0,0.0,0.1,0.1,0.05,0.1,0.12,0.0,0.0,0.1,0.1
848,0.1,0.1,0.0,0.0,0.12,0.25,0.0,0.0,0.0,0.0,0.1,0.1,0.12,0.25,0.05,0.0,0.0,0.1,0.1
856,0.0,0.0,0.0,0.0,0.12,0.25,0.12,0.25,0.0,0.0,0.0,0.0,0.0,0.0,0.05,0.0,0.0,0.25,0.25
867,0.1,0.1,0.0,0.0,0.25,0.25,0.1,0.1,0.0,0.0,0.0,0.0,0.1,0.1,0.25,0.0,0.0,0.25,0.25
873,0.1,0.1,0.0,0.0,0.12,0.25,0.12,0.25,0.0,0.0,0.0,0.0,0.05,0.1,0.25,0.0,0.0,0.25,0.25
880,0.0,0.0,0.0,0.0,0.12,0.25,0.0,0.0,0.0,0.0,0.0,0.0,0.12,0.25,0.12,0.0,0.0,0.25,0.25
888,0.1,0.1,0.0,0.0,0.12,0.25,0.12,0.25,0.0,0.0,0.0,0.0,0.12,0.25,0.05,0.0,0.0,0.25,0.25
908,0.38,0.25,0.05,0.1,0.12,0.25,0.0,0.0,0.0,0.0,0.0,0.0,0.05,0.1,0.12,0.0,0.0,0.0,0.0
914,0.1,0.1,0.1,0.1,0.25,0.25,0.1,0.1,0.0,0.0,0.0,0.0,0.1,0.1,0.12,0.0,0.0,0.0,0.0
927,0.0,0.0,0.1,0.1,0.25,0.25,0.25,0.25,0.0,0.0,0.0,0.0,0.1,0.1,0.25,0.0,0.0,0.0,0.0
940,0.15,0.1,0.05,0.1,0.12,0.25,0.05,0.1,0.15,0.1,0.0,0.0,0.12,0.25,0.05,0.0,0.0,0.0,0.0
948,0.15,0.1,0.05,0.1,0.12,0.25,0.0,0.0,0.0,0.0,0.15,0.1,0.12,0.25,0.05,0.0,0.0,0.0,0.0
956,0.0,0.0,0.05,0.1,0.12,0.25,0.12,0.25,0.0,0.0,0.15,0.1,0.12,0.25,0.05,0.0,0.0,0.0,0.0
964,0.0,0.0,0.05,0.1,0.12,0.25,0.05,0.1,0.0,0.0,0.0,0.0,0.0,0.0,0.05,0.0,0.0,0.15,0.1
972,0.38,0.25,0.05,0.1,0.12,0.25,0.0,0.0,0.0,0.0,0.0,0.0,0.12,0.25,0.12,0.0,0.0,0.15,0.1
980,0.15,0.1,0.05,0.1,0.12,0.25,0.05,0.1,0.0,0.0,0.0,0.0,0.12,0.25,0.12,0.0,0.0,0.15,0.1
988,0.0,0.0,0.05,0.1,0.12,0.25,0.12,0.25,0.0,0.0,0.0,0.0,0.12,0.25,0.12,0.0,0.0,0.15,0.1
996,0.0,0.0,0.05,0.1,0.12,0.25,0.0,0.0,0.0,0.0,0.15,0.1,0.12,0.25,0.05,0.0,0.0,0.15,0.1
1025,0.0,0.0,0.05,0.1,0.12,0.25,0.0,0.0,0.0,0.0,0.0,0.0,0.05,0.1,0.25,0.0,0.0,0.25,0.25
1037,0.38,0.25,0.05,0.1,0.12,0.25,0.05,0.1,0.0,0.0,0.0,0.0,0.05,0.1,0.1,0.0,0.0,0.38,0.25
1052,0.38,0.25,0.05,0.1,0.12,0.25,0.05,0.1,0.0,0.0,0.0,0.0,0.12,0.25,0.12,0.0,0.0,0.38,0.25
1059,0.1,0.1,0.1,0.1,0.25,0.25,0.25,0.25,0.0,0.0,0.0,0.0,0.25,0.25,0.25,0.0,0.0,0.25,0.25
1066,0.0,0.0,0.25,0.25,0.25,0.25,0.0,0.0,0.0,0.0,0.0,0.0,0.0,0.0,0.12,0.0,0.0,0.0,0.0
1074,0.1,0.1,0.25,0.25,0.25,0.25,0.25,0.25,0.0,0.0,0.0,0.0,0.0,0.0,0.05,0.0,0.0,0.0,0.0
1082,0.0,0.0,0.25,0.25,0.25,0.25,0.0,0.0,0.0,0.0,0.0,0.0,0.1,0.1,0.12,0.0,0.0,0.0,0.0
1099,0.25,0.25,0.25,0.25,0.25,0.25,0.25,0.25,0.0,0.0,0.0,0.0,0.25,0.25,0.25,0.0,0.0,0.0,0.0
1105,0.1,0.1,0.12,0.25,0.12,0.25,0.0,0.0,0.0,0.0,0.0,0.0,0.12,0.25,0.25,0.1,0.1,0.0,0.0
1112,0.25,0.25,0.12,0.25,0.12,0.25,0.0,0.0,0.0,0.0,0.1,0.1,0.0,0.0,0.12,0.0,0.0,0.0,0.0
1119,0.38,0.25,0.25,0.25,0.25,0.25,0.0,0.0,0.0,0.0,0.15,0.1,0.0,0.0,0.25,0.0,0.0,0.0,0.0
1130,0.0,0.0,0.25,0.25,0.25,0.25,0.25,0.25,0.0,0.0,0.1,0.1,0.0,0.0,0.12,0.0,0.0,0.0,0.0
1137,0.1,0.1,0.12,0.25,0.12,0.25,0.0,0.0,0.0,0.0,0.1,0.1,0.05,0.1,0.25,0.0,0.0,0.0,0.0
1146,0.1,0.1,0.25,0.25,0.25,0.25,0.1,0.1,0.0,0.0,0.1,0.1,0.1,0.1,0.12,0.0,0.0,0.0,0.0
1155,0.0,0.0,0.25,0.25,0.25,0.25,0.25,0.25,0.0,0.0,0.1,0.1,0.1,0.1,0.25,0.0,0.0,0.0,0.0
1163,0.0,0.0,0.25,0.25,0.25,0.25,0.0,0.0,0.0,0.0,0.1,0.1,0.25,0.25,0.25,0.0,0.0,0.0,0.0
1171,0.25,0.25,0.25,0.25,0.25,0.25,0.1,0.1,0.0,0.0,0.1,0.1,0.25,0.25,0.1,0.0,0.0,0.0,0.0
1179,0.1,0.1,0.25,0.25,0.25,0.25,0.25,0.25,0.0,0.0,0.1,0.1,0.25,0.25,0.1,0.0,0.0,0.0,0.0
1187,0.25,0.25,0.25,0.25,0.25,0.25,0.1,0.1,0.0,0.0,0.0,0.0,0.0,0.0,0.1,0.0,0.0,0.1,0.1
1195,0.1,0.1,0.25,0.25,0.25,0.25,0.25,0.25,0.0,0.0,0.0,0.0,0.0,0.0,0.1,0.0,0.0,0.1,0.1
1203,0.1,0.1,0.25,0.25,0.25,0.25,0.0,0.0,0.0,0.0,0.1,0.1,0.1,0.1,0.25,0.0,0.0,0.1,0.1
1211,0.25,0.25,0.25,0.25,0.25,0.25,0.0,0.0,0.0,0.0,0.1,0.1,0.25,0.25,0.1,0.0,0.0,0.1,0.1
1219,0.0,0.0,0.25,0.25,0.25,0.25,0.1,0.1,0.0,0.0,0.1,0.1,0.25,0.25,0.25,0.0,0.0,0.1,0.1
1227,0.0,0.0,0.25,0.25,0.25,0.25,0.25,0.25,0.0,0.0,0.25,0.25,0.25,0.25,0.25,0.0,0.0,0.1,0.1
1237,0.15,0.1,0.12,0.25,0.12,0.25,0.12,0.25,0.0,0.0,0.0,0.0,0.0,0.0,0.25,0.0,0.0,0.38,0.25
1243,0.0,0.0,0.25,0.25,0.25,0.25,0.1,0.1,0.0,0.0,0.0,0.0,0.25,0.25,0.25,0.0,0.0,0.25,0.25
1255,0.38,0.25,0.25,0.25,0.25,0.25,0.25,0.25,0.0,0.0,0.0,0.0,0.25,0.25,0.1,0.0,0.0,0.38,0.25
1264,0.0,0.0,0.12,0.25,0.0,0.0,0.12,0.25,0.0,0.0,0.0,0.0,0.05,0.1,0.12,0.0,0.0,0.0,0.0
1275,0.0,0.0,0.25,0.25,0.0,0.0,0.1,0.1,0.0,0.0,0.1,0.1,0.25,0.25,0.25,0.1,0.1,0.0,0.0
1285,0.0,0.0,0.0,0.0,0.05,0.1,0.12,0.25,0.0,0.0,0.0,0.0,0.05,0.1,0.25,0.0,0.0,0.0,0.0
1293,0.0,0.0,0.0,0.0,0.05,0.1,0.12,0.25,0.0,0.0,0.0,0.0,0.12,0.25,0.25,0.0,0.0,0.0,0.0
1301,0.0,0.0,0.05,0.1,0.05,0.1,0.0,0.0,0.0,0.0,0.0,0.0,0.12,0.25,0.25,0.0,0.0,0.0,0.0
1309,0.0,0.0,0.05,0.1,0.05,0.1,0.05,0.1,0.0,0.0,0.0,0.0,0.12,0.25,0.25,0.0,0.0,0.0,0.0
1317,0.38,0.25,0.12,0.25,0.05,0.1,0.12,0.25,0.0,0.0,0.0,0.0,0.05,0.1,0.25,0.0,0.0,0.0,0.0
1325,0.15,0.1,0.12,0.25,0.05,0.1,0.0,0.0,0.0,0.0,0.0,0.0,0.12,0.25,0.25,0.0,0.0,0.0,0.0
1332,0.0,0.0,0.12,0.25,0.05,0.1,0.05,0.1,0.0,0.0,0.0,0.0,0.12,0.25,0.12,0.0,0.0,0.0,0.0
1339,0.0,0.0,0.25,0.25,0.1,0.1,0.0,0.0,0.0,0.0,0.1,0.1,0.25,0.25,0.25,0.0,0.0,0.1,0.1
1345,0.25,0.25,0.12,0.25,0.05,0.1,0.12,0.25,0.0,0.0,0.1,0.1,0.12,0.25,0.25,0.0,0.0,0.1,0.1
1353,0.1,0.1,0.0,0.0,0.12,0.25,0.05,0.1,0.0,0.0,0.0,0.0,0.05,0.1,0.0,0.0,0.0,0.0,0.0
1361,0.25,0.25,0.0,0.0,0.12,0.25,0.12,0.25,0.0,0.0,0.0,0.0,0.05,0.1,0.25,0.0,0.0,0.0,0.0
1370,0.0,0.0,0.0,0.0,0.25,0.25,0.1,0.1,0.0,0.0,0.0,0.0,0.1,0.1,0.12,0.1,0.1,0.0,0.0
1377,0.1,0.1,0.0,0.0,0.12,0.25,0.05,0.1,0.0,0.0,0.0,0.0,0.12,0.25,0.0,0.0,0.0,0.0,0.0
1384,0.25,0.25,0.0,0.0,0.12,0.25,0.0,0.0,0.0,0.0,0.0,0.0,0.12,0.25,0.12,0.1,0.1,0.0,0.0
1393,0.0,0.0,0.0,0.0,0.12,0.25,0.05,0.1,0.0,0.0,0.0,0.0,0.12,0.25,0.25,0.1,0.1,0.0,0.0
1401,0.1,0.1,0.0,0.0,0.12,0.25,0.12,0.25,0.0,0.0,0.0,0.0,0.05,0.1,0.25,0.0,0.0,0.1,0.1
1434,0.25,0.25,0.0,0.0,0.25,0.25,0.1,0.1,0.0,0.0,0.1,0.1,0.25,0.25,0.12,0.0,0.0,0.1,0.1
1440,0.1,0.1,0.0,0.0,0.12,0.25,0.12,0.25,0.0,0.0,0.1,0.1,0.12,0.25,0.12,0.0,0.0,0.1,0.1
1448,0.1,0.1,0.0,0.0,0.12,0.25,0.05,0.1,0.0,0.0,0.0,0.0,0.05,0.1,0.05,0.0,0.0,0.25,0.25
1480,0.25,0.25,0.05,0.1,0.12,0.25,0.0,0.0,0.0,0.0,0.0,0.0,0.05,0.1,0.05,0.0,0.0,0.0,0.0
1489,0.1,0.1,0.05,0.1,0.12,0.25,0.0,0.0,0.0,0.0,0.0,0.0,0.12,0.25,0.25,0.0,0.0,0.0,0.0
1496,0.0,0.0,0.05,0.1,0.12,0.25,0.05,0.1,0.0,0.0,0.0,0.0,0.12,0.25,0.12,0.0,0.0,0.0,0.0
1504,0.25,0.25,0.05,0.1,0.12,0.25,0.05,0.1,0.0,0.0,0.0,0.0,0.12,0.25,0.12,0.1,0.1,0.0,0.0
1512,0.0,0.0,0.05,0.1,0.12,0.25,0.12,0.25,0.0,0.0,0.1,0.1,0.05,0.1,0.12,0.0,0.0,0.0,0.0
1521,0.1,0.1,0.05,0.1,0.12,0.25,0.05,0.1,0.0,0.0,0.1,0.1,0.12,0.25,0.1,0.0,0.0,0.0,0.0
1532,0.38,0.25,0.05,0.1,0.12,0.25,0.05,0.1,0.0,0.0,0.0,0.0,0.05,0.1,0.12,0.0,0.0,0.15,0.1
1539,0.1,0.1,0.1,0.1,0.25,0.25,0.25,0.25,0.0,0.0,0.0,0.0,0.1,0.1,0.25,0.0,0.0,0.1,0.1
1555,0.25,0.25,0.1,0.1,0.25,0.25,0.1,0.1,0.0,0.0,0.0,0.0,0.25,0.25,0.25,0.0,0.0,0.1,0.1
1558,0.38,0.25,0.1,0.1,0.25,0.25,0.1,0.1,0.0,0.0,0.0,0.0,0.25,0.25,0.12,0.0,0.0,0.15,0.1
1567,0.15,0.1,0.1,0.1,0.25,0.25,0.25,0.25,0.0,0.0,0.0,0.0,0.25,0.25,0.25,0.0,0.0,0.15,0.1
1575,0.15,0.1,0.1,0.1,0.25,0.25,0.0,0.0,0.0,0.0,0.15,0.1,0.25,0.25,0.1,0.0,0.0,0.15,0.1
1583,0.15,0.1,0.1,0.1,0.25,0.25,0.1,0.1,0.0,0.0,0.15,0.1,0.25,0.25,0.25,0.15,0.1,0.15,0.1
1591,0.0,0.0,0.1,0.1,0.25,0.25,0.25,0.25,0.0,0.0,0.15,0.1,0.25,0.25,0.25,0.15,0.1,0.15,0.1
1607,0.0,0.0,0.1,0.1,0.25,0.25,0.1,0.1,0.0,0.0,0.0,0.0,0.1,0.1,0.1,0.0,0.0,0.38,0.25
1627,0.1,0.1,0.25,0.25,0.25,0.25,0.0,0.0,0.0,0.0,0.0,0.0,0.0,0.0,0.1,0.0,0.0,0.0,0.0
1635,0.1,0.1,0.25,0.25,0.25,0.25,0.1,0.1,0.0,0.0,0.0,0.0,0.0,0.0,0.1,0.0,0.0,0.0,0.0
1642,0.25,0.25,0.25,0.25,0.25,0.25,0.25,0.25,0.0,0.0,0.0,0.0,0.0,0.0,0.05,0.0,0.0,0.0,0.0
1652,0.38,0.25,0.12,0.25,0.12,0.25,0.0,0.0,0.0,0.0,0.0,0.0,0.12,0.25,0.12,0.0,0.0,0.0,0.0
1660,0.15,0.1,0.12,0.25,0.12,0.25,0.05,0.1,0.0,0.0,0.0,0.0,0.12,0.25,0.12,0.0,0.0,0.0,0.0
1669,0.0,0.0,0.12,0.25,0.12,0.25,0.12,0.25,0.0,0.0,0.0,0.0,0.12,0.25,0.25,0.0,0.0,0.0,0.0
1676,0.0,0.0,0.12,0.25,0.12,0.25,0.12,0.25,0.15,0.1,0.0,0.0,0.12,0.25,0.12,0.0,0.0,0.0,0.0
1684,0.0,0.0,0.12,0.25,0.12,0.25,0.0,0.0,0.0,0.0,0.15,0.1,0.0,0.0,0.12,0.0,0.0,0.0,0.0
1692,0.38,0.25,0.12,0.25,0.12,0.25,0.05,0.1,0.0,0.0,0.15,0.1,0.05,0.1,0.0,0.0,0.0,0.0,0.0
1700,0.0,0.0,0.12,0.25,0.12,0.25,0.12,0.25,0.0,0.0,0.15,0.1,0.05,0.1,0.12,0.15,0.1,0.0,0.0
1707,0.1,0.1,0.25,0.25,0.25,0.25,0.0,0.0,0.0,0.0,0.1,0.1,0.25,0.25,0.0,0.0,0.0,0.0,0.0
1715,0.0,0.0,0.25,0.25,0.25,0.25,0.1,0.1,0.0,0.0,0.1,0.1,0.25,0.25,0.0,0.0,0.0,0.0,0.0
1723,0.25,0.25,0.25,0.25,0.25,0.25,0.1,0.1,0.0,0.0,0.1,0.1,0.25,0.25,0.25,0.0,0.0,0.0,0.0
1731,0.1,0.1,0.25,0.25,0.25,0.25,0.25,0.25,0.0,0.0,0.1,0.1,0.25,0.25,0.25,0.0,0.0,0.0,0.0
1739,0.1,0.1,0.25,0.25,0.25,0.25,0.25,0.25,0.0,0.0,0.1,0.1,0.25,0.25,0.1,0.1,0.1,0.0,0.0
1745,0.1,0.1,0.12,0.25,0.12,0.25,0.12,0.25,0.1,0.1,0.1,0.1,0.12,0.25,0.1,0.0,0.0,0.0,0.0
1753,0.0,0.0,0.12,0.25,0.12,0.25,0.05,0.1,0.0,0.0,0.0,0.0,0.0,0.0,0.1,0.0,0.0,0.1,0.1
1763,0.25,0.25,0.25,0.25,0.25,0.25,0.25,0.25,0.0,0.0,0.0,0.0,0.0,0.0,0.25,0.0,0.0,0.1,0.1
1768,0.25,0.25,0.12,0.25,0.12,0.25,0.05,0.1,0.0,0.0,0.0,0.0,0.05,0.1,0.12,0.0,0.0,0.1,0.1
1776,0.1,0.1,0.12,0.25,0.12,0.25,0.12,0.25,0.0,0.0,0.0,0.0,0.05,0.1,0.12,0.0,0.0,0.1,0.1
1784,0.1,0.1,0.12,0.25,0.12,0.25,0.0,0.0,0.0,0.0,0.0,0.0,0.12,0.25,0.12,0.0,0.0,0.1,0.1
1793,0.1,0.1,0.12,0.25,0.12,0.25,0.12,0.25,0.0,0.0,0.0,0.0,0.12,0.25,0.1,0.0,0.0,0.1,0.1
1800,0.25,0.25,0.12,0.25,0.12,0.25,0.0,0.0,0.0,0.0,0.1,0.1,0.05,0.1,0.12,0.0,0.0,0.1,0.1
1810,0.0,0.0,0.25,0.25,0.25,0.25,0.1,0.1,0.0,0.0,0.1,0.1,0.25,0.25,0.0,0.0,0.0,0.1,0.1
1825,0.25,0.25,0.12,0.25,0.12,0.25,0.12,0.25,0.0,0.0,0.1,0.1,0.12,0.25,0.25,0.0,0.0,0.1,0.1
1831,0.38,0.25,0.25,0.25,0.25,0.25,0.25,0.25,0.0,0.0,0.15,0.1,0.25,0.25,0.25,0.0,0.0,0.15,0.1
1840,0.0,0.0,0.12,0.25,0.12,0.25,0.05,0.1,0.0,0.0,0.1,0.1,0.12,0.25,0.12,0.1,0.1,0.1,0.1
1849,0.0,0.0,0.12,0.25,0.12,0.25,0.0,0.0,0.0,0.0,0.0,0.0,0.05,0.1,0.25,0.0,0.0,0.25,0.25
1857,0.25,0.25,0.12,0.25,0.12,0.25,0.05,0.1,0.0,0.0,0.0,0.0,0.05,0.1,0.1,0.0,0.0,0.25,0.25
1866,0.1,0.1,0.25,0.25,0.25,0.25,0.25,0.25,0.0,0.0,0.0,0.0,0.1,0.1,0.05,0.0,0.0,0.25,0.25
1888,0.25,0.25,0.12,0.25,0.12,0.25,0.12,0.25,0.0,0.0,0.0,0.0,0.12,0.25,0.12,0.1,0.1,0.25,0.25
1909,0.0,0.0,0.12,0.25,0.0,0.0,0.05,0.1,0.0,0.0,0.0,0.0,0.12,0.25,0.25,0.0,0.0,0.0,0.0
1917,0.15,0.1,0.05,0.1,0.05,0.1,0.05,0.1,0.0,0.0,0.0,0.0,0.0,0.0,0.25,0.0,0.0,0.0,0.0
1924,0.38,0.25,0.05,0.1,0.05,0.1,0.05,0.1,0.0,0.0,0.0,0.0,0.12,0.25,0.12,0.0,0.0,0.0,0.0
1933,0.15,0.1,0.05,0.1,0.05,0.1,0.12,0.25,0.0,0.0,0.0,0.0,0.12,0.25,0.25,0.0,0.0,0.0,0.0
1940,0.0,0.0,0.05,0.1,0.05,0.1,0.12,0.25,0.0,0.0,0.15,0.1,0.12,0.25,0.12,0.15,0.1,0.0,0.0
1946,0.25,0.25,0.25,0.25,0.1,0.1,0.0,0.0,0.0,0.0,0.0,0.0,0.1,0.1,0.12,0.0,0.0,0.0,0.0
1954,0.1,0.1,0.25,0.25,0.1,0.1,0.1,0.1,0.0,0.0,0.0,0.0,0.1,0.1,0.12,0.0,0.0,0.0,0.0
1962,0.0,0.0,0.25,0.25,0.1,0.1,0.25,0.25,0.0,0.0,0.0,0.0,0.1,0.1,0.12,0.0,0.0,0.0,0.0
1969,0.25,0.25,0.12,0.25,0.05,0.1,0.0,0.0,0.0,0.0,0.0,0.0,0.12,0.25,0.25,0.0,0.0,0.0,0.0
1977,0.1,0.1,0.12,0.25,0.05,0.1,0.05,0.1,0.0,0.0,0.0,0.0,0.12,0.25,0.25,0.0,0.0,0.0,0.0
1985,0.0,0.0,0.12,0.25,0.05,0.1,0.12,0.25,0.0,0.0,0.0,0.0,0.12,0.25,0.25,0.0,0.0,0.0,0.0
1993,0.25,0.25,0.12,0.25,0.05,0.1,0.12,0.25,0.0,0.0,0.1,0.1,0.12,0.25,0.1,0.0,0.0,0.0,0.0
2000,0.1,0.1,0.0,0.0,0.12,0.25,0.0,0.0,0.0,0.0,0.0,0.0,0.0,0.0,0.12,0.0,0.0,0.0,0.0
2015,0.38,0.25,0.0,0.0,0.25,0.25,0.0,0.0,0.0,0.0,0.0,0.0,0.1,0.1,0.0,0.0,0.0,0.0,0.0
2023,0.38,0.25,0.0,0.0,0.25,0.25,0.1,0.1,0.0,0.0,0.0,0.0,0.1,0.1,0.0,0.0,0.0,0.0,0.0
2035,0.25,0.25,0.0,0.0,0.25,0.25,0.0,0.0,0.0,0.0,0.0,0.0,0.25,0.25,0.25,0.0,0.0,0.0,0.0
2043,0.1,0.1,0.0,0.0,0.25,0.25,0.1,0.1,0.0,0.0,0.0,0.0,0.25,0.25,0.25,0.0,0.0,0.0,0.0
2050,0.0,0.0,0.0,0.0,0.25,0.25,0.25,0.25,0.0,0.0,0.0,0.0,0.25,0.25,0.12,0.0,0.0,0.0,0.0
2058,0.25,0.25,0.0,0.0,0.25,0.25,0.25,0.25,0.0,0.0,0.0,0.0,0.25,0.25,0.12,0.1,0.1,0.0,0.0
2067,0.0,0.0,0.0,0.0,0.25,0.25,0.1,0.1,0.0,0.0,0.1,0.1,0.25,0.25,0.25,0.1,0.1,0.0,0.0
2077,0.38,0.25,0.0,0.0,0.12,0.25,0.12,0.25,0.0,0.0,0.0,0.0,0.05,0.1,0.25,0.0,0.0,0.15,0.1
2091,0.1,0.1,0.0,0.0,0.25,0.25,0.0,0.0,0.0,0.0,0.1,0.1,0.25,0.25,0.25,0.0,0.0,0.1,0.1
2099,0.0,0.0,0.0,0.0,0.25,0.25,0.1,0.1,0.0,0.0,0.1,0.1,0.25,0.25,0.25,0.0,0.0,0.1,0.1
2107,0.0,0.0,0.0,0.0,0.25,0.25,0.0,0.0,0.0,0.0,0.0,0.0,0.1,0.1,0.1,0.0,0.0,0.25,0.25
2116,0.38,0.25,0.0,0.0,0.12,0.25,0.12,0.25,0.0,0.0,0.0,0.0,0.12,0.25,0.12,0.0,0.0,0.38,0.25
2123,0.0,0.0,0.1,0.1,0.25,0.25,0.0,0.0,0.0,0.0,0.0,0.0,0.0,0.0,0.25,0.0,0.0,0.0,0.0
2132,0.15,0.1,0.05,0.1,0.12,0.25,0.05,0.1,0.0,0.0,0.0,0.0,0.0,0.0,0.05,0.0,0.0,0.0,0.0
2141,0.38,0.25,0.05,0.1,0.12,0.25,0.12,0.25,0.0,0.0,0.0,0.0,0.05,0.1,0.25,0.0,0.0,0.0,0.0
2149,0.15,0.1,0.05,0.1,0.12,0.25,0.0,0.0,0.0,0.0,0.0,0.0,0.05,0.1,0.25,0.15,0.1,0.0,0.0
2157,0.0,0.0,0.05,0.1,0.12,0.25,0.05,0.1,0.0,0.0,0.0,0.0,0.05,0.1,0.25,0.15,0.1,0.0,0.0
2165,0.38,0.25,0.05,0.1,0.12,0.25,0.0,0.0,0.0,0.0,0.0,0.0,0.12,0.25,0.25,0.0,0.0,0.0,0.0
2173,0.15,0.1,0.05,0.1,0.12,0.25,0.05,0.1,0.0,0.0,0.0,0.0,0.12,0.25,0.25,0.0,0.0,0.0,0.0
2181,0.0,0.0,0.05,0.1,0.12,0.25,0.12,0.25,0.0,0.0,0.0,0.0,0.12,0.25,0.25,0.0,0.0,0.0,0.0
2190,0.15,0.1,0.1,0.1,0.25,0.25,0.25,0.25,0.0,0.0,0.15,0.1,0.0,0.0,0.12,0.0,0.0,0.0,0.0
2200,0.1,0.1,0.05,0.1,0.12,0.25,0.12,0.25,0.0,0.0,0.1,0.1,0.05,0.1,0.05,0.0,0.0,0.0,0.0
2208,0.0,0.0,0.05,0.1,0.12,0.25,0.12,0.25,0.0,0.0,0.1,0.1,0.12,0.25,0.12,0.0,0.0,0.0,0.0
2216,0.1,0.1,0.05,0.1,0.12,0.25,0.12,0.25,0.0,0.0,0.0,0.0,0.0,0.0,0.12,0.0,0.0,0.1,0.1
2224,0.1,0.1,0.05,0.1,0.12,0.25,0.0,0.0,0.0,0.0,0.0,0.0,0.05,0.1,0.12,0.0,0.0,0.1,0.1
2232,0.0,0.0,0.05,0.1,0.12,0.25,0.05,0.1,0.0,0.0,0.0,0.0,0.05,0.1,0.12,0.0,0.0,0.1,0.1
2242,0.25,0.25,0.1,0.1,0.25,0.25,0.25,0.25,0.0,0.0,0.0,0.0,0.1,0.1,0.05,0.0,0.0,0.1,0.1
2260,0.38,0.25,0.05,0.1,0.12,0.25,0.05,0.1,0.0,0.0,0.15,0.1,0.12,0.25,0.12,0.0,0.0,0.15,0.1
2271,0.15,0.1,0.1,0.1,0.25,0.25,0.25,0.25,0.0,0.0,0.15,0.1,0.25,0.25,0.25,0.0,0.0,0.15,0.1
2281,0.1,0.1,0.05,0.1,0.12,0.25,0.0,0.0,0.0,0.0,0.0,0.0,0.05,0.1,0.1,0.0,0.0,0.25,0.25
2297,0.25,0.25,0.05,0.1,0.12,0.25,0.12,0.25,0.0,0.0,0.0,0.0,0.05,0.1,0.25,0.0,0.0,0.25,0.25
2304,0.0,0.0,0.12,0.25,0.12,0.25,0.05,0.1,0.0,0.0,0.0,0.0,0.0,0.0,0.05,0.0,0.0,0.0,0.0
2315,0.0,0.0,0.25,0.25,0.25,0.25,0.25,0.25,0.0,0.0,0.0,0.0,0.0,0.0,0.1,0.0,0.0,0.0,0.0
2325,0.15,0.1,0.12,0.25,0.12,0.25,0.12,0.25,0.15,0.1,0.0,0.0,0.0,0.0,0.25,0.0,0.0,0.0,0.0
2333,0.38,0.25,0.12,0.25,0.12,0.25,0.0,0.0,0.0,0.0,0.0,0.0,0.05,0.1,0.25,0.15,0.1,0.0,0.0
2355,0.1,0.1,0.25,0.25,0.25,0.25,0.25,0.25,0.1,0.1,0.0,0.0,0.25,0.25,0.25,0.0,0.0,0.0,0.0
2362,0.0,0.0,0.25,0.25,0.25,0.25,0.0,0.0,0.0,0.0,0.1,0.1,0.1,0.1,0.12,0.0,0.0,0.0,0.0
2371,0.25,0.25,0.25,0.25,0.25,0.25,0.1,0.1,0.0,0.0,0.1,0.1,0.1,0.1,0.1,0.0,0.0,0.0,0.0
2378,0.1,0.1,0.25,0.25,0.25,0.25,0.25,0.25,0.0,0.0,0.1,0.1,0.1,0.1,0.12,0.1,0.1,0.0,0.0
2384,0.1,0.1,0.12,0.25,0.12,0.25,0.0,0.0,0.0,0.0,0.1,0.1,0.12,0.25,0.12,0.0,0.0,0.0,0.0
2393,0.0,0.0,0.12,0.25,0.12,0.25,0.05,0.1,0.0,0.0,0.1,0.1,0.12,0.25,0.25,0.0,0.0,0.0,0.0
2403,0.25,0.25,0.25,0.25,0.25,0.25,0.25,0.25,0.0,0.0,0.1,0.1,0.25,0.25,0.1,0.0,0.0,0.0,0.0
2410,0.0,0.0,0.25,0.25,0.25,0.25,0.25,0.25,0.0,0.0,0.1,0.1,0.25,0.25,0.12,0.1,0.1,0.0,0.0
2416,0.1,0.1,0.12,0.25,0.12,0.25,0.05,0.1,0.0,0.0,0.0,0.0,0.0,0.0,0.12,0.0,0.0,0.1,0.1
2424,0.0,0.0,0.12,0.25,0.12,0.25,0.12,0.25,0.0,0.0,0.0,0.0,0.0,0.0,0.12,0.0,0.0,0.1,0.1
2432,0.25,0.25,0.12,0.25,0.12,0.25,0.0,0.0,0.0,0.0,0.0,0.0,0.05,0.1,0.12,0.0,0.0,0.1,0.1
2438,0.38,0.25,0.25,0.25,0.25,0.25,0.0,0.0,0.0,0.0,0.0,0.0,0.1,0.1,0.12,0.0,0.0,0.15,0.1
2446,0.15,0.1,0.25,0.25,0.25,0.25,0.1,0.1,0.0,0.0,0.0,0.0,0.1,0.1,0.12,0.0,0.0,0.15,0.1
2454,0.0,0.0,0.25,0.25,0.25,0.25,0.25,0.25,0.0,0.0,0.0,0.0,0.1,0.1,0.12,0.0,0.0,0.15,0.1
2461,0.38,0.25,0.12,0.25,0.12,0.25,0.05,0.1,0.0,0.0,0.0,0.0,0.12,0.25,0.25,0.0,0.0,0.15,0.1
2471,0.15,0.1,0.25,0.25,0.25,0.25,0.25,0.25,0.0,0.0,0.0,0.0,0.25,0.25,0.25,0.0,0.0,0.15,0.1
2486,0.38,0.25,0.25,0.25,0.25,0.25,0.1,0.1,0.0,0.0,0.15,0.1,0.25,0.25,0.05,0.0,0.0,0.15,0.1
2520,0.0,0.0,0.0,0.0,0.05,0.1,0.12,0.25,0.0,0.0,0.1,0.1,0.12,0.25,0.12,0.1,0.1,0.0,0.0
2528,0.0,0.0,0.05,0.1,0.05,0.1,0.05,0.1,0.0,0.0,0.0,0.0,0.0,0.0,0.12,0.0,0.0,0.0,0.0
2536,0.1,0.1,0.05,0.1,0.05,0.1,0.05,0.1,0.0,0.0,0.0,0.0,0.12,0.25,0.12,0.0,0.0,0.0,0.0
2546,0.0,0.0,0.1,0.1,0.1,0.1,0.25,0.25,0.0,0.0,0.0,0.0,0.25,0.25,0.12,0.0,0.0,0.0,0.0
2552,0.0,0.0,0.05,0.1,0.05,0.1,0.12,0.25,0.0,0.0,0.1,0.1,0.12,0.25,0.12,0.0,0.0,0.1,0.1
2561,0.1,0.1,0.12,0.25,0.05,0.1,0.0,0.0,0.0,0.0,0.0,0.0,0.05,0.1,0.25,0.0,0.0,0.0,0.0
2569,0.0,0.0,0.12,0.25,0.05,0.1,0.0,0.0,0.0,0.0,0.0,0.0,0.12,0.25,0.25,0.0,0.0,0.0,0.0
2578,0.1,0.1,0.25,0.25,0.1,0.1,0.25,0.25,0.0,0.0,0.0,0.0,0.25,0.25,0.05,0.0,0.0,0.0,0.0
2587,0.0,0.0,0.25,0.25,0.1,0.1,0.25,0.25,0.0,0.0,0.1,0.1,0.25,0.25,0.1,0.0,0.0,0.0,0.0
2595,0.25,0.25,0.25,0.25,0.1,0.1,0.1,0.1,0.0,0.0,0.1,0.1,0.25,0.25,0.25,0.0,0.0,0.1,0.1
2601,0.1,0.1,0.12,0.25,0.05,0.1,0.12,0.25,0.0,0.0,0.1,0.1,0.12,0.25,0.25,0.0,0.0,0.1,0.1
2609,0.0,0.0,0.12,0.25,0.05,0.1,0.12,0.25,0.0,0.0,0.0,0.0,0.12,0.25,0.1,0.0,0.0,0.25,0.25
2618,0.25,0.25,0.0,0.0,0.25,0.25,0.1,0.1,0.0,0.0,0.0,0.0,0.0,0.0,0.12,0.0,0.0,0.0,0.0
2628,0.15,0.1,0.0,0.0,0.12,0.25,0.0,0.0,0.0,0.0,0.0,0.0,0.05,0.1,0.05,0.0,0.0,0.0,0.0
2640,0.1,0.1,0.0,0.0,0.12,0.25,0.0,0.0,0.0,0.0,0.0,0.0,0.12,0.25,0.12,0.0,0.0,0.0,0.0
2648,0.0,0.0,0.0,0.0,0.12,0.25,0.05,0.1,0.0,0.0,0.0,0.0,0.12,0.25,0.12,0.0,0.0,0.0,0.0
2657,0.25,0.25,0.0,0.0,0.12,0.25,0.05,0.1,0.0,0.0,0.1,0.1,0.05,0.1,0.25,0.0,0.0,0.1,0.1
2666,0.1,0.1,0.0,0.0,0.25,0.25,0.25,0.25,0.0,0.0,0.1,0.1,0.1,0.1,0.12,0.0,0.0,0.1,0.1
2674,0.0,0.0,0.0,0.0,0.25,0.25,0.0,0.0,0.0,0.0,0.1,0.1,0.25,0.25,0.05,0.0,0.0,0.1,0.1
2683,0.25,0.25,0.0,0.0,0.25,0.25,0.25,0.25,0.0,0.0,0.1,0.1,0.25,0.25,0.1,0.0,0.0,0.1,0.1
2691,0.0,0.0,0.0,0.0,0.25,0.25,0.1,0.1,0.0,0.0,0.0,0.0,0.1,0.1,0.25,0.0,0.0,0.25,0.25
2698,0.25,0.25,0.0,0.0,0.25,0.25,0.25,0.25,0.0,0.0,0.0,0.0,0.1,0.1,0.05,0.0,0.0,0.25,0.25
2707,0.1,0.1,0.0,0.0,0.25,0.25,0.0,0.0,0.0,0.0,0.0,0.0,0.25,0.25,0.25,0.0,0.0,0.25,0.25
2715,0.0,0.0,0.0,0.0,0.25,0.25,0.1,0.1,0.0,0.0,0.0,0.0,0.25,0.25,0.25,0.0,0.0,0.25,0.25
2722,0.1,0.1,0.1,0.1,0.25,0.25,0.25,0.25,0.0,0.0,0.0,0.0,0.0,0.0,0.05,0.0,0.0,0.0,0.0
2745,0.0,0.0,0.05,0.1,0.12,0.25,0.0,0.0,0.0,0.0,0.0,0.0,0.12,0.25,0.25,0.0,0.0,0.0,0.0
2752,0.25,0.25,0.05,0.1,0.12,0.25,0.12,0.25,0.0,0.0,0.1,0.1,0.05,0.1,0.05,0.0,0.0,0.0,0.0
2761,0.25,0.25,0.05,0.1,0.12,0.25,0.12,0.25,0.0,0.0,0.1,0.1,0.12,0.25,0.1,0.0,0.0,0.0,0.0
2768,0.25,0.25,0.05,0.1,0.12,0.25,0.12,0.25,0.0,0.0,0.0,0.0,0.0,0.0,0.05,0.0,0.0,0.1,0.1
2777,0.1,0.1,0.05,0.1,0.12,0.25,0.05,0.1,0.0,0.0,0.0,0.0,0.05,0.1,0.1,0.0,0.0,0.1,0.1
2784,0.0,0.0,0.05,0.1,0.12,0.25,0.0,0.0,0.0,0.0,0.1,0.1,0.05,0.1,0.12,0.0,0.0,0.1,0.1
2792,0.1,0.1,0.05,0.1,0.12,0.25,0.0,0.0,0.0,0.0,0.1,0.1,0.12,0.25,0.12,0.0,0.0,0.1,0.1
2800,0.0,0.0,0.05,0.1,0.12,0.25,0.05,0.1,0.0,0.0,0.1,0.1,0.12,0.25,0.12,0.0,0.0,0.1,0.1
2808,0.25,0.25,0.05,0.1,0.12,0.25,0.05,0.1,0.0,0.0,0.0,0.0,0.05,0.1,0.12,0.0,0.0,0.25,0.25
2816,0.1,0.1,0.05,0.1,0.12,0.25,0.12,0.25,0.0,0.0,0.0,0.0,0.05,0.1,0.12,0.0,0.0,0.25,0.25
2827,0.0,0.0,0.1,0.1,0.25,0.25,0.0,0.0,0.0,0.0,0.0,0.0,0.25,0.25,0.25,0.0,0.0,0.25,0.25
2843,0.25,0.25,0.25,0.25,0.25,0.25,0.0,0.0,0.0,0.0,0.0,0.0,0.0,0.0,0.25,0.0,0.0,0.0,0.0
2851,0.0,0.0,0.25,0.25,0.25,0.25,0.25,0.25,0.0,0.0,0.0,0.0,0.0,0.0,0.25,0.0,0.0,0.0,0.0
2859,0.25,0.25,0.25,0.25,0.25,0.25,0.1,0.1,0.0,0.0,0.0,0.0,0.1,0.1,0.1,0.0,0.0,0.0,0.0
2868,0.15,0.1,0.12,0.25,0.12,0.25,0.0,0.0,0.0,0.0,0.0,0.0,0.12,0.25,0.12,0.0,0.0,0.0,0.0
2876,0.0,0.0,0.12,0.25,0.12,0.25,0.05,0.1,0.0,0.0,0.0,0.0,0.12,0.25,0.12,0.0,0.0,0.0,0.0
2891,0.25,0.25,0.25,0.25,0.25,0.25,0.25,0.25,0.1,0.1,0.0,0.0,0.25,0.25,0.25,0.0,0.0,0.0,0.0
2898,0.25,0.25,0.25,0.25,0.25,0.25,0.1,0.1,0.0,0.0,0.1,0.1,0.0,0.0,0.12,0.0,0.0,0.0,0.0
2905,0.1,0.1,0.12,0.25,0.12,0.25,0.12,0.25,0.0,0.0,0.1,0.1,0.0,0.0,0.25,0.0,0.0,0.0,0.0
2917,0.15,0.1,0.12,0.25,0.12,0.25,0.0,0.0,0.0,0.0,0.15,0.1,0.05,0.1,0.1,0.0,0.0,0.0,0.0
2929,0.0,0.0,0.12,0.25,0.12,0.25,0.0,0.0,0.0,0.0,0.1,0.1,0.12,0.25,0.1,0.0,0.0,0.0,0.0
2938,0.0,0.0,0.25,0.25,0.25,0.25,0.1,0.1,0.0,0.0,0.1,0.1,0.25,0.25,0.05,0.0,0.0,0.0,0.0
2946,0.0,0.0,0.25,0.25,0.25,0.25,0.25,0.25,0.0,0.0,0.1,0.1,0.25,0.25,0.0,0.0,0.0,0.0,0.0
2958,0.0,0.0,0.25,0.25,0.25,0.25,0.1,0.1,0.0,0.0,0.15,0.1,0.25,0.25,0.05,0.15,0.1,0.0,0.0
2967,0.0,0.0,0.25,0.25,0.25,0.25,0.1,0.1,0.0,0.0,0.0,0.0,0.0,0.0,0.25,0.0,0.0,0.15,0.1
2974,0.38,0.25,0.25,0.25,0.25,0.25,0.25,0.25,0.0,0.0,0.0,0.0,0.0,0.0,0.05,0.0,0.0,0.15,0.1
3004,0.38,0.25,0.12,0.25,0.12,0.25,0.05,0.1,0.0,0.0,0.15,0.1,0.12,0.25,0.12,0.15,0.1,0.15,0.1
3013,0.0,0.0,0.12,0.25,0.12,0.25,0.12,0.25,0.0,0.0,0.38,0.25,0.05,0.1,0.25,0.0,0.0,0.15,0.1
3018,0.0,0.0,0.25,0.25,0.25,0.25,0.1,0.1,0.0,0.0,0.25,0.25,0.25,0.25,0.05,0.0,0.0,0.1,0.1
3027,0.1,0.1,0.25,0.25,0.25,0.25,0.25,0.25,0.0,0.0,0.0,0.0,0.0,0.0,0.1,0.0,0.0,0.25,0.25
3040,0.0,0.0,0.12,0.25,0.12,0.25,0.05,0.1,0.0,0.0,0.0,0.0,0.05,0.1,0.12,0.0,0.0,0.25,0.25
3046,0.0,0.0,0.25,0.25,0.25,0.25,0.1,0.1,0.0,0.0,0.0,0.0,0.1,0.1,0.12,0.0,0.0,0.38,0.25
3058,0.1,0.1,0.25,0.25,0.25,0.25,0.1,0.1,0.0,0.0,0.0,0.0,0.25,0.25,0.12,0.0,0.0,0.25,0.25
3064,0.0,0.0,0.12,0.25,0.12,0.25,0.12,0.25,0.0,0.0,0.0,0.0,0.12,0.25,0.12,0.0,0.0,0.25,0.25
3081,0.25,0.25,0.12,0.25,0.0,0.0,0.12,0.25,0.0,0.0,0.0,0.0,0.12,0.25,0.25,0.0,0.0,0.0,0.0
3093,0.0,0.0,0.0,0.0,0.05,0.1,0.05,0.1,0.0,0.0,0.0,0.0,0.12,0.25,0.25,0.0,0.0,0.0,0.0
3100,0.38,0.25,0.05,0.1,0.05,0.1,0.12,0.25,0.0,0.0,0.0,0.0,0.05,0.1,0.12,0.0,0.0,0.0,0.0
3108,0.0,0.0,0.12,0.25,0.05,0.1,0.0,0.0,0.0,0.0,0.0,0.0,0.05,0.1,0.12,0.0,0.0,0.0,0.0
3113,0.25,0.25,0.12,0.25,0.05,0.1,0.05,0.1,0.0,0.0,0.0,0.0,0.12,0.25,0.25,0.0,0.0,0.0,0.0
3122,0.1,0.1,0.25,0.25,0.1,0.1,0.25,0.25,0.0,0.0,0.0,0.0,0.25,0.25,0.12,0.0,0.0,0.0,0.0
3127,0.15,0.1,0.25,0.25,0.1,0.1,0.25,0.25,0.0,0.0,0.0,0.0,0.25,0.25,0.25,0.0,0.0,0.0,0.0
3139,0.0,0.0,0.25,0.25,0.1,0.1,0.25,0.25,0.0,0.0,0.1,0.1,0.25,0.25,0.25,0.0,0.0,0.1,0.1
3145,0.1,0.1,0.0,0.0,0.12,0.25,0.0,0.0,0.0,0.0,0.0,0.0,0.05,0.1,0.0,0.0,0.0,0.0,0.0
3153,0.25,0.25,0.0,0.0,0.12,0.25,0.05,0.1,0.0,0.0,0.0,0.0,0.05,0.1,0.25,0.0,0.0,0.0,0.0
3161,0.1,0.1,0.0,0.0,0.12,0.25,0.12,0.25,0.0,0.0,0.0,0.0,0.05,0.1,0.25,0.0,0.0,0.0,0.0
3169,0.25,0.25,0.0,0.0,0.12,0.25,0.0,0.0,0.0,0.0,0.0,0.0,0.12,0.25,0.1,0.0,0.0,0.0,0.0
3175,0.38,0.25,0.0,0.0,0.25,0.25,0.0,0.0,0.0,0.0,0.0,0.0,0.25,0.25,0.1,0.0,0.0,0.0,0.0
3187,0.25,0.25,0.0,0.0,0.25,0.25,0.1,0.1,0.0,0.0,0.0,0.0,0.25,0.25,0.25,0.1,0.1,0.0,0.0
3195,0.1,0.1,0.0,0.0,0.25,0.25,0.25,0.25,0.0,0.0,0.0,0.0,0.25,0.25,0.25,0.1,0.1,0.0,0.0
3202,0.1,0.1,0.0,0.0,0.25,0.25,0.25,0.25,0.0,0.0,0.1,0.1,0.1,0.1,0.05,0.0,0.0,0.0,0.0
3212,0.15,0.1,0.0,0.0,0.12,0.25,0.05,0.1,0.0,0.0,0.0,0.0,0.05,0.1,0.05,0.0,0.0,0.15,0.1
3218,0.0,0.0,0.0,0.0,0.25,0.25,0.25,0.25,0.0,0.0,0.0,0.0,0.1,0.1,0.05,0.0,0.0,0.1,0.1
3228,0.0,0.0,0.0,0.0,0.12,0.25,0.0,0.0,0.0,0.0,0.0,0.0,0.12,0.25,0.12,0.0,0.0,0.15,0.1
3232,0.25,0.25,0.0,0.0,0.12,0.25,0.05,0.1,0.0,0.0,0.1,0.1,0.12,0.25,0.05,0.0,0.0,0.1,0.1
3240,0.1,0.1,0.0,0.0,0.12,0.25,0.12,0.25,0.0,0.0,0.0,0.0,0.0,0.0,0.05,0.0,0.0,0.25,0.25
3253,0.0,0.0,0.0,0.0,0.12,0.25,0.12,0.25,0.0,0.0,0.0,0.0,0.05,0.1,0.25,0.0,0.0,0.38,0.25
3260,0.38,0.25,0.05,0.1,0.12,0.25,0.0,0.0,0.0,0.0,0.0,0.0,0.0,0.0,0.12,0.0,0.0,0.0,0.0
3267,0.1,0.1,0.1,0.1,0.25,0.25,0.1,0.1,0.0,0.0,0.0,0.0,0.0,0.0,0.25,0.0,0.0,0.0,0.0
3276,0.38,0.25,0.05,0.1,0.12,0.25,0.05,0.1,0.0,0.0,0.0,0.0,0.05,0.1,0.0,0.0,0.0,0.0,0.0
3286,0.38,0.25,0.1,0.1,0.25,0.25,0.0,0.0,0.0,0.0,0.0,0.0,0.1,0.1,0.12,0.15,0.1,0.0,0.0
3293,0.15,0.1,0.05,0.1,0.12,0.25,0.05,0.1,0.0,0.0,0.0,0.0,0.05,0.1,0.25,0.15,0.1,0.0,0.0
3303,0.38,0.25,0.1,0.1,0.25,0.25,0.0,0.0,0.0,0.0,0.0,0.0,0.25,0.25,0.1,0.0,0.0,0.0,0.0
3313,0.25,0.25,0.05,0.1,0.12,0.25,0.12,0.25,0.0,0.0,0.1,0.1,0.0,0.0,0.25,0.0,0.0,0.0,0.0
3325,0.15,0.1,0.05,0.1,0.12,0.25,0.0,0.0,0.0,0.0,0.15,0.1,0.05,0.1,0.1,0.0,0.0,0.0,0.0
3333,0.0,0.0,0.05,0.1,0.12,0.25,0.05,0.1,0.0,0.0,0.15,0.1,0.12,0.25,0.1,0.0,0.0,0.0,0.0
3345,0.1,0.1,0.05,0.1,0.12,0.25,0.05,0.1,0.0,0.0,0.0,0.0,0.0,0.0,0.1,0.0,0.0,0.1,0.1
3351,0.15,0.1,0.1,0.1,0.25,0.25,0.1,0.1,0.0,0.0,0.0,0.0,0.0,0.0,0.1,0.0,0.0,0.15,0.1
3367,0.38,0.25,0.1,0.1,0.25,0.25,0.0,0.0,0.0,0.0,0.0,0.0,0.1,0.1,0.25,0.0,0.0,0.15,0.1
3378,0.0,0.0,0.1,0.1,0.25,0.25,0.25,0.25,0.0,0.0,0.0,0.0,0.1,0.1,0.12,0.0,0.0,0.1,0.1
3384,0.25,0.25,0.05,0.1,0.12,0.25,0.05,0.1,0.0,0.0,0.1,0.1,0.05,0.1,0.12,0.0,0.0,0.1,0.1
3392,0.0,0.0,0.05,0.1,0.12,0.25,0.0,0.0,0.0,0.0,0.1,0.1,0.12,0.25,0.0,0.0,0.0,0.1,0.1
3407,0.38,0.25,0.1,0.1,0.25,0.25,0.0,0.0,0.0,0.0,0.15,0.1,0.25,0.25,0.25,0.0,0.0,0.15,0.1
3415,0.15,0.1,0.1,0.1,0.25,0.25,0.1,0.1,0.0,0.0,0.15,0.1,0.25,0.25,0.25,0.0,0.0,0.15,0.1
3423,0.0,0.0,0.1,0.1,0.25,0.25,0.25,0.25,0.0,0.0,0.15,0.1,0.25,0.25,0.25,0.0,0.0,0.15,0.1
3431,0.38,0.25,0.1,0.1,0.25,0.25,0.25,0.25,0.0,0.0,0.15,0.1,0.25,0.25,0.25,0.15,0.1,0.15,0.1
3452,0.38,0.25,0.05,0.1,0.12,0.25,0.12,0.25,0.0,0.0,0.0,0.0,0.12,0.25,0.12,0.0,0.0,0.38,0.25
3468,0.0,0.0,0.12,0.25,0.12,0.25,0.0,0.0,0.0,0.0,0.0,0.0,0.0,0.0,0.05,0.0,0.0,0.0,0.0
3474,0.25,0.25,0.25,0.25,0.25,0.25,0.0,0.0,0.0,0.0,0.0,0.0,0.1,0.1,0.12,0.0,0.0,0.0,0.0
3485,0.15,0.1,0.12,0.25,0.12,0.25,0.05,0.1,0.0,0.0,0.0,0.0,0.05,0.1,0.25,0.0,0.0,0.0,0.0
3493,0.0,0.0,0.12,0.25,0.12,0.25,0.12,0.25,0.0,0.0,0.0,0.0,0.05,0.1,0.25,0.0,0.0,0.0,0.0
3500,0.38,0.25,0.12,0.25,0.12,0.25,0.05,0.1,0.0,0.0,0.0,0.0,0.12,0.25,0.0,0.15,0.1,0.0,0.0
3508,0.38,0.25,0.12,0.25,0.12,0.25,0.12,0.25,0.0,0.0,0.15,0.1,0.0,0.0,0.12,0.0,0.0,0.0,0.0
3516,0.38,0.25,0.12,0.25,0.12,0.25,0.0,0.0,0.0,0.0,0.15,0.1,0.05,0.1,0.05,0.0,0.0,0.0,0.0
3524,0.15,0.1,0.12,0.25,0.12,0.25,0.05,0.1,0.0,0.0,0.15,0.1,0.05,0.1,0.05,0.0,0.0,0.0,0.0
3532,0.38,0.25,0.12,0.25,0.12,0.25,0.12,0.25,0.0,0.0,0.15,0.1,0.05,0.1,0.12,0.0,0.0,0.0,0.0
3541,0.0,0.0,0.12,0.25,0.12,0.25,0.05,0.1,0.0,0.0,0.15,0.1,0.05,0.1,0.25,0.15,0.1,0.0,0.0
3551,0.38,0.25,0.25,0.25,0.25,0.25,0.0,0.0,0.0,0.0,0.15,0.1,0.25,0.25,0.0,0.0,0.0,0.0,0.0
3561,0.25,0.25,0.12,0.25,0.12,0.25,0.12,0.25,0.0,0.0,0.1,0.1,0.12,0.25,0.0,0.0,0.0,0.0,0.0
3572,0.15,0.1,0.12,0.25,0.12,0.25,0.12,0.25,0.0,0.0,0.0,0.0,0.0,0.0,0.12,0.0,0.0,0.15,0.1
3581,0.15,0.1,0.12,0.25,0.12,0.25,0.05,0.1,0.0,0.0,0.0,0.0,0.05,0.1,0.1,0.0,0.0,0.15,0.1
3587,0.1,0.1,0.25,0.25,0.25,0.25,0.25,0.25,0.0,0.0,0.0,0.0,0.1,0.1,0.1,0.0,0.0,0.1,0.1
3597,0.38,0.25,0.12,0.25,0.12,0.25,0.12,0.25,0.0,0.0,0.0,0.0,0.12,0.25,0.25,0.0,0.0,0.15,0.1
3608,0.0,0.0,0.12,0.25,0.12,0.25,0.12,0.25,0.0,0.0,0.0,0.0,0.12,0.25,0.12,0.1,0.1,0.1,0.1
3618,0.0,0.0,0.25,0.25,0.25,0.25,0.25,0.25,0.0,0.0,0.1,0.1,0.25,0.25,0.0,0.0,0.0,0.1,0.1
3635,0.0,0.0,0.25,0.25,0.25,0.25,0.25,0.25,0.0,0.0,0.0,0.0,0.1,0.1,0.1,0.0,0.0,0.25,0.25
3644,0.38,0.25,0.12,0.25,0.12,0.25,0.0,0.0,0.0,0.0,0.38,0.25,0.12,0.25,0.12,0.0,0.0,0.38,0.25
3652,0.15,0.1,0.12,0.25,0.0,0.0,0.12,0.25,0.0,0.0,0.0,0.0,0.05,0.1,0.12,0.0,0.0,0.0,0.0
3660,0.15,0.1,0.0,0.0,0.05,0.1,0.12,0.25,0.0,0.0,0.0,0.0,0.05,0.1,0.12,0.0,0.0,0.0,0.0
3668,0.38,0.25,0.05,0.1,0.05,0.1,0.12,0.25,0.0,0.0,0.0,0.0,0.12,0.25,0.12,0.0,0.0,0.0,0.0
3676,0.0,0.0,0.12,0.25,0.05,0.1,0.0,0.0,0.0,0.0,0.0,0.0,0.0,0.0,0.12,0.0,0.0,0.0,0.0
3684,0.0,0.0,0.12,0.25,0.05,0.1,0.05,0.1,0.0,0.0,0.15,0.1,0.12,0.25,0.05,0.0,0.0,0.0,0.0
3692,0.15,0.1,0.12,0.25,0.05,0.1,0.0,0.0,0.0,0.0,0.15,0.1,0.12,0.25,0.12,0.0,0.0,0.15,0.1
3700,0.0,0.0,0.12,0.25,0.05,0.1,0.05,0.1,0.0,0.0,0.15,0.1,0.12,0.25,0.12,0.0,0.0,0.15,0.1
3708,0.38,0.25,0.0,0.0,0.12,0.25,0.0,0.0,0.0,0.0,0.0,0.0,0.05,0.1,0.12,0.0,0.0,0.0,0.0
3716,0.15,0.1,0.0,0.0,0.12,0.25,0.05,0.1,0.0,0.0,0.0,0.0,0.05,0.1,0.12,0.0,0.0,0.0,0.0
3724,0.0,0.0,0.0,0.0,0.12,0.25,0.12,0.25,0.0,0.0,0.0,0.0,0.05,0.1,0.12,0.0,0.0,0.0,0.0
3735,0.15,0.1,0.0,0.0,0.25,0.25,0.0,0.0,0.0,0.0,0.0,0.0,0.25,0.25,0.1,0.0,0.0,0.0,0.0
3741,0.15,0.1,0.0,0.0,0.12,0.25,0.12,0.25,0.0,0.0,0.0,0.0,0.12,0.25,0.0,0.0,0.0,0.0,0.0
3751,0.38,0.25,0.0,0.0,0.25,0.25,0.25,0.25,0.0,0.0,0.0,0.0,0.25,0.25,0.25,0.0,0.0,0.0,0.0
3758,0.15,0.1,0.0,0.0,0.25,0.25,0.0,0.0,0.0,0.0,0.0,0.0,0.25,0.25,0.12,0.15,0.1,0.0,0.0
3771,0.0,0.0,0.0,0.0,0.25,0.25,0.25,0.25,0.0,0.0,0.0,0.0,0.25,0.25,0.25,0.1,0.1,0.0,0.0
3779,0.1,0.1,0.0,0.0,0.25,0.25,0.0,0.0,0.0,0.0,0.0,0.0,0.1,0.1,0.25,0.0,0.0,0.1,0.1
3786,0.0,0.0,0.0,0.0,0.25,0.25,0.1,0.1,0.0,0.0,0.0,0.0,0.1,0.1,0.12,0.0,0.0,0.1,0.1
3794,0.25,0.25,0.0,0.0,0.25,0.25,0.1,0.1,0.0,0.0,0.0,0.0,0.25,0.25,0.12,0.0,0.0,0.1,0.1
3801,0.1,0.1,0.0,0.0,0.12,0.25,0.12,0.25,0.0,0.0,0.0,0.0,0.12,0.25,0.25,0.0,0.0,0.1,0.1
3812,0.15,0.1,0.0,0.0,0.12,0.25,0.0,0.0,0.0,0.0,0.15,0.1,0.05,0.1,0.12,0.0,0.0,0.15,0.1
3820,0.0,0.0,0.0,0.0,0.12,0.25,0.05,0.1,0.0,0.0,0.15,0.1,0.05,0.1,0.12,0.0,0.0,0.15,0.1
3828,0.15,0.1,0.0,0.0,0.12,0.25,0.05,0.1,0.0,0.0,0.15,0.1,0.12,0.25,0.12,0.0,0.0,0.15,0.1
3836,0.0,0.0,0.0,0.0,0.12,0.25,0.12,0.25,0.0,0.0,0.15,0.1,0.12,0.25,0.12,0.0,0.0,0.15,0.1
3845,0.0,0.0,0.0,0.0,0.12,0.25,0.05,0.1,0.0,0.0,0.0,0.0,0.05,0.1,0.1,0.0,0.0,0.38,0.25
3855,0.38,0.25,0.0,0.0,0.25,0.25,0.25,0.25,0.0,0.0,0.0,0.0,0.1,0.1,0.25,0.0,0.0,0.38,0.25
3862,0.38,0.25,0.0,0.0,0.25,0.25,0.0,0.0,0.0,0.0,0.0,0.0,0.25,0.25,0.12,0.0,0.0,0.38,0.25
3870,0.15,0.1,0.0,0.0,0.25,0.25,0.1,0.1,0.0,0.0,0.0,0.0,0.25,0.25,0.12,0.0,0.0,0.38,0.25
3879,0.0,0.0,0.0,0.0,0.25,0.25,0.25,0.25,0.0,0.0,0.0,0.0,0.25,0.25,0.25,0.0,0.0,0.38,0.25
3889,0.0,0.0,0.05,0.1,0.12,0.25,0.0,0.0,0.0,0.0,0.0,0.0,0.05,0.1,0.25,0.0,0.0,0.0,0.0
3902,0.38,0.25,0.1,0.1,0.25,0.25,0.0,0.0,0.0,0.0,0.0,0.0,0.25,0.25,0.0,0.0,0.0,0.0,0.0
3910,0.38,0.25,0.1,0.1,0.25,0.25,0.25,0.25,0.0,0.0,0.0,0.0,0.25,0.25,0.12,0.0,0.0,0.0,0.0
3918,0.15,0.1,0.1,0.1,0.25,0.25,0.0,0.0,0.0,0.0,0.0,0.0,0.25,0.25,0.12,0.15,0.1,0.0,0.0
3926,0.0,0.0,0.1,0.1,0.25,0.25,0.1,0.1,0.0,0.0,0.0,0.0,0.25,0.25,0.12,0.15,0.1,0.0,0.0
3935,0.15,0.1,0.1,0.1,0.25,0.25,0.1,0.1,0.0,0.0,0.15,0.1,0.1,0.1,0.1,0.0,0.0,0.0,0.0
3943,0.0,0.0,0.1,0.1,0.25,0.25,0.25,0.25,0.0,0.0,0.15,0.1,0.1,0.1,0.1,0.0,0.0,0.0,0.0
3951,0.0,0.0,0.1,0.1,0.25,0.25,0.0,0.0,0.0,0.0,0.15,0.1,0.25,0.25,0.1,0.0,0.0,0.0,0.0
3959,0.15,0.1,0.1,0.1,0.25,0.25,0.1,0.1,0.0,0.0,0.15,0.1,0.25,0.25,0.0,0.0,0.0,0.0,0.0
3968,0.1,0.1,0.05,0.1,0.12,0.25,0.12,0.25,0.0,0.0,0.0,0.0,0.0,0.0,0.05,0.0,0.0,0.1,0.1
3977,0.1,0.1,0.05,0.1,0.12,0.25,0.0,0.0,0.0,0.0,0.0,0.0,0.12,0.25,0.25,0.0,0.0,0.1,0.1
3984,0.0,0.0,0.05,0.1,0.12,0.25,0.05,0.1,0.0,0.0,0.0,0.0,0.12,0.25,0.12,0.0,0.0,0.1,0.1
3992,0.25,0.25,0.05,0.1,0.12,0.25,0.0,0.0,0.0,0.0,0.1,0.1,0.05,0.1,0.12,0.0,0.0,0.1,0.1
4001,0.1,0.1,0.05,0.1,0.12,0.25,0.05,0.1,0.0,0.0,0.1,0.1,0.05,0.1,0.25,0.0,0.0,0.1,0.1
4027,0.25,0.25,0.1,0.1,0.25,0.25,0.25,0.25,0.0,0.0,0.1,0.1,0.25,0.25,0.25,0.0,0.0,0.1,0.1
4035,0.0,0.0,0.1,0.1,0.25,0.25,0.1,0.1,0.0,0.0,0.1,0.1,0.25,0.25,0.25,0.1,0.1,0.1,0.1
4049,0.1,0.1,0.05,0.1,0.12,0.25,0.12,0.25,0.0,0.0,0.0,0.0,0.0,0.0,0.1,0.0,0.0,0.25,0.25
4060,0.38,0.25,0.05,0.1,0.12,0.25,0.0,0.0,0.0,0.0,0.0,0.0,0.12,0.25,0.12,0.0,0.0,0.38,0.25
4069,0.15,0.1,0.05,0.1,0.12,0.25,0.05,0.1,0.0,0.0,0.0,0.0,0.12,0.25,0.25,0.0,0.0,0.38,0.25
4076,0.0,0.0,0.05,0.1,0.12,0.25,0.12,0.25,0.0,0.0,0.0,0.0,0.12,0.25,0.12,0.0,0.0,0.38,0.25
4084,0.15,0.1,0.12,0.25,0.12,0.25,0.0,0.0,0.0,0.0,0.0,0.0,0.0,0.0,0.12,0.0,0.0,0.0,0.0
4091,0.25,0.25,0.25,0.25,0.25,0.25,0.1,0.1,0.0,0.0,0.0,0.0,0.0,0.0,0.1,0.0,0.0,0.0,0.0
4100,0.15,0.1,0.12,0.25,0.12,0.25,0.0,0.0,0.0,0.0,0.0,0.0,0.05,0.1,0.12,0.0,0.0,0.0,0.0
4107,0.0,0.0,0.25,0.25,0.25,0.25,0.1,0.1,0.0,0.0,0.0,0.0,0.1,0.1,0.25,0.0,0.0,0.0,0.0
4118,0.38,0.25,0.25,0.25,0.25,0.25,0.25,0.25,0.0,0.0,0.0,0.0,0.1,0.1,0.05,0.0,0.0,0.0,0.0
4127,0.38,0.25,0.25,0.25,0.25,0.25,0.1,0.1,0.0,0.0,0.0,0.0,0.25,0.25,0.25,0.0,0.0,0.0,0.0
4135,0.15,0.1,0.25,0.25,0.25,0.25,0.25,0.25,0.0,0.0,0.0,0.0,0.25,0.25,0.25,0.0,0.0,0.0,0.0
4139,0.0,0.0,0.25,0.25,0.25,0.25,0.0,0.0,0.0,0.0,0.0,0.0,0.25,0.25,0.25,0.1,0.1,0.0,0.0
4147,0.25,0.25,0.25,0.25,0.25,0.25,0.0,0.0,0.1,0.1,0.0,0.0,0.25,0.25,0.1,0.0,0.0,0.0,0.0
4162,0.25,0.25,0.25,0.25,0.25,0.25,0.0,0.0,0.0,0.0,0.1,0.1,0.1,0.1,0.12,0.0,0.0,0.0,0.0
4170,0.0,0.0,0.25,0.25,0.25,0.25,0.1,0.1,0.0,0.0,0.1,0.1,0.1,0.1,0.12,0.0,0.0,0.0,0.0
4178,0.25,0.25,0.25,0.25,0.25,0.25,0.25,0.25,0.0,0.0,0.1,0.1,0.1,0.1,0.12,0.1,0.1,0.0,0.0
4185,0.0,0.0,0.12,0.25,0.12,0.25,0.0,0.0,0.0,0.0,0.1,0.1,0.12,0.25,0.0,0.0,0.0,0.0,0.0
4197,0.15,0.1,0.12,0.25,0.12,0.25,0.05,0.1,0.0,0.0,0.15,0.1,0.12,0.25,0.25,0.0,0.0,0.0,0.0
4205,0.0,0.0,0.12,0.25,0.12,0.25,0.12,0.25,0.0,0.0,0.15,0.1,0.12,0.25,0.25,0.0,0.0,0.0,0.0
4213,0.0,0.0,0.12,0.25,0.12,0.25,0.12,0.25,0.0,0.0,0.15,0.1,0.12,0.25,0.1,0.15,0.1,0.0,0.0
4221,0.15,0.1,0.12,0.25,0.12,0.25,0.05,0.1,0.0,0.0,0.0,0.0,0.0,0.0,0.1,0.0,0.0,0.15,0.1
4229,0.0,0.0,0.12,0.25,0.12,0.25,0.12,0.25,0.0,0.0,0.0,0.0,0.0,0.0,0.1,0.0,0.0,0.15,0.1
4239,0.0,0.0,0.25,0.25,0.25,0.25,0.0,0.0,0.0,0.0,0.0,0.0,0.1,0.1,0.25,0.0,0.0,0.15,0.1
4248,0.0,0.0,0.12,0.25,0.12,0.25,0.12,0.25,0.0,0.0,0.0,0.0,0.05,0.1,0.05,0.0,0.0,0.1,0.1
4264,0.0,0.0,0.12,0.25,0.12,0.25,0.0,0.0,0.0,0.0,0.1,0.1,0.05,0.1,0.12,0.0,0.0,0.1,0.1
4272,0.0,0.0,0.12,0.25,0.12,0.25,0.0,0.0,0.0,0.0,0.1,0.1,0.12,0.25,0.12,0.0,0.0,0.1,0.1
4284,0.38,0.25,0.12,0.25,0.12,0.25,0.05,0.1,0.0,0.0,0.15,0.1,0.12,0.25,0.0,0.0,0.0,0.15,0.1
4298,0.1,0.1,0.25,0.25,0.25,0.25,0.1,0.1,0.0,0.0,0.1,0.1,0.25,0.25,0.12,0.1,0.1,0.1,0.1
4304,0.0,0.0,0.12,0.25,0.12,0.25,0.12,0.25,0.1,0.1,0.1,0.1,0.12,0.25,0.12,0.0,0.0,0.1,0.1
4317,0.0,0.0,0.12,0.25,0.12,0.25,0.12,0.25,0.0,0.0,0.0,0.0,0.0,0.0,0.25,0.0,0.0,0.38,0.25
4334,0.15,0.1,0.25,0.25,0.25,0.25,0.25,0.25,0.0,0.0,0.0,0.0,0.1,0.1,0.12,0.0,0.0,0.38,0.25
4343,0.15,0.1,0.25,0.25,0.25,0.25,0.1,0.1,0.0,0.0,0.0,0.0,0.25,0.25,0.1,0.0,0.0,0.38,0.25
4352,0.0,0.0,0.12,0.25,0.12,0.25,0.0,0.0,0.0,0.0,0.25,0.25,0.12,0.25,0.12,0.0,0.0,0.25,0.25
4358,0.0,0.0,0.25,0.25,0.25,0.25,0.0,0.0,0.0,0.0,0.38,0.25,0.25,0.25,0.12,0.0,0.0,0.38,0.25
4370,0.1,0.1,0.0,0.0,0.1,0.1,0.25,0.25,0.0,0.0,0.0,0.0,0.25,0.25,0.12,0.0,0.0,0.0,0.0
4378,0.1,0.1,0.1,0.1,0.1,0.1,0.1,0.1,0.0,0.0,0.0,0.0,0.1,0.1,0.12,0.0,0.0,0.0,0.0
4385,0.0,0.0,0.05,0.1,0.05,0.1,0.12,0.25,0.0,0.0,0.0,0.0,0.05,0.1,0.25,0.0,0.0,0.0,0.0
4393,0.1,0.1,0.05,0.1,0.05,0.1,0.12,0.25,0.0,0.0,0.1,0.1,0.12,0.25,0.25,0.0,0.0,0.1,0.1
4401,0.0,0.0,0.12,0.25,0.05,0.1,0.05,0.1,0.0,0.0,0.0,0.0,0.05,0.1,0.25,0.0,0.0,0.0,0.0
4410,0.1,0.1,0.25,0.25,0.1,0.1,0.1,0.1,0.0,0.0,0.0,0.0,0.25,0.25,0.05,0.0,0.0,0.0,0.0
4418,0.0,0.0,0.25,0.25,0.1,0.1,0.25,0.25,0.0,0.0,0.1,0.1,0.0,0.0,0.12,0.0,0.0,0.0,0.0
4425,0.0,0.0,0.12,0.25,0.05,0.1,0.0,0.0,0.0,0.0,0.1,0.1,0.12,0.25,0.25,0.1,0.1,0.0,0.0
4434,0.1,0.1,0.25,0.25,0.1,0.1,0.25,0.25,0.0,0.0,0.0,0.0,0.25,0.25,0.05,0.0,0.0,0.1,0.1
4440,0.0,0.0,0.0,0.0,0.12,0.25,0.0,0.0,0.0,0.0,0.0,0.0,0.05,0.1,0.12,0.0,0.0,0.0,0.0
4453,0.38,0.25,0.0,0.0,0.12,0.25,0.0,0.0,0.0,0.0,0.0,0.0,0.12,0.25,0.0,0.0,0.0,0.0,0.0
4465,0.0,0.0,0.0,0.0,0.12,0.25,0.05,0.1,0.0,0.0,0.1,0.1,0.12,0.25,0.25,0.0,0.0,0.0,0.0
4471,0.0,0.0,0.0,0.0,0.25,0.25,0.1,0.1,0.0,0.0,0.15,0.1,0.25,0.25,0.25,0.0,0.0,0.0,0.0
4479,0.0,0.0,0.0,0.0,0.25,0.25,0.25,0.25,0.0,0.0,0.15,0.1,0.25,0.25,0.1,0.0,0.0,0.0,0.0
4487,0.0,0.0,0.0,0.0,0.25,0.25,0.25,0.25,0.0,0.0,0.0,0.0,0.0,0.0,0.1,0.0,0.0,0.15,0.1
4493,0.38,0.25,0.0,0.0,0.12,0.25,0.0,0.0,0.0,0.0,0.0,0.0,0.05,0.1,0.25,0.0,0.0,0.15,0.1
4501,0.15,0.1,0.0,0.0,0.12,0.25,0.05,0.1,0.0,0.0,0.0,0.0,0.05,0.1,0.25,0.0,0.0,0.15,0.1
4510,0.0,0.0,0.0,0.0,0.25,0.25,0.25,0.25,0.0,0.0,0.0,0.0,0.1,0.1,0.12,0.0,0.0,0.15,0.1
4521,0.1,0.1,0.0,0.0,0.12,0.25,0.05,0.1,0.0,0.0,0.0,0.0,0.12,0.25,0.25,0.0,0.0,0.1,0.1
4532,0.0,0.0,0.0,0.0,0.12,0.25,0.12,0.25,0.0,0.0,0.0,0.0,0.12,0.25,0.12,0.0,0.0,0.15,0.1
4540,0.38,0.25,0.0,0.0,0.12,0.25,0.0,0.0,0.0,0.0,0.15,0.1,0.12,0.25,0.05,0.0,0.0,0.15,0.1
4547,0.0,0.0,0.0,0.0,0.25,0.25,0.1,0.1,0.0,0.0,0.1,0.1,0.25,0.25,0.1,0.0,0.0,0.1,0.1
4560,0.25,0.25,0.0,0.0,0.12,0.25,0.12,0.25,0.0,0.0,0.1,0.1,0.12,0.25,0.12,0.0,0.0,0.1,0.1
4569,0.0,0.0,0.0,0.0,0.12,0.25,0.12,0.25,0.0,0.0,0.1,0.1,0.12,0.25,0.25,0.1,0.1,0.1,0.1
4580,0.38,0.25,0.0,0.0,0.12,0.25,0.05,0.1,0.0,0.0,0.0,0.0,0.05,0.1,0.05,0.0,0.0,0.38,0.25
4589,0.15,0.1,0.0,0.0,0.12,0.25,0.12,0.25,0.0,0.0,0.0,0.0,0.05,0.1,0.1,0.0,0.0,0.38,0.25
4596,0.38,0.25,0.0,0.0,0.12,0.25,0.05,0.1,0.0,0.0,0.0,0.0,0.12,0.25,0.12,0.0,0.0,0.38,0.25
4604,0.15,0.1,0.0,0.0,0.12,0.25,0.12,0.25,0.0,0.0,0.0,0.0,0.12,0.25,0.12,0.0,0.0,0.38,0.25
4610,0.1,0.1,0.1,0.1,0.25,0.25,0.0,0.0,0.0,0.0,0.0,0.0,0.1,0.1,0.12,0.0,0.0,0.0,0.0
4621,0.0,0.0,0.05,0.1,0.12,0.25,0.05,0.1,0.0,0.0,0.0,0.0,0.05,0.1,0.25,0.0,0.0,0.0,0.0
4631,0.38,0.25,0.1,0.1,0.25,0.25,0.1,0.1,0.0,0.0,0.0,0.0,0.1,0.1,0.25,0.15,0.1,0.0,0.0
4637,0.38,0.25,0.05,0.1,0.12,0.25,0.0,0.0,0.0,0.0,0.0,0.0,0.12,0.25,0.25,0.15,0.1,0.0,0.0
4646,0.15,0.1,0.1,0.1,0.25,0.25,0.1,0.1,0.0,0.0,0.0,0.0,0.25,0.25,0.12,0.15,0.1,0.0,0.0
4651,0.0,0.0,0.1,0.1,0.25,0.25,0.25,0.25,0.0,0.0,0.1,0.1,0.0,0.0,0.25,0.0,0.0,0.0,0.0
4659,0.0,0.0,0.1,0.1,0.25,0.25,0.1,0.1,0.0,0.0,0.1,0.1,0.1,0.1,0.1,0.0,0.0,0.0,0.0
4674,0.25,0.25,0.1,0.1,0.25,0.25,0.25,0.25,0.0,0.0,0.1,0.1,0.1,0.1,0.12,0.0,0.0,0.0,0.0
4685,0.15,0.1,0.05,0.1,0.12,0.25,0.12,0.25,0.0,0.0,0.15,0.1,0.12,0.25,0.25,0.0,0.0,0.0,0.0
4695,0.0,0.0,0.1,0.1,0.25,0.25,0.0,0.0,0.0,0.0,0.15,0.1,0.25,0.25,0.25,0.15,0.1,0.0,0.0
4703,0.0,0.0,0.1,0.1,0.25,0.25,0.0,0.0,0.0,0.0,0.0,0.0,0.1,0.1,0.25,0.0,0.0,0.15,0.1
4714,0.1,0.1,0.1,0.1,0.25,0.25,0.25,0.25,0.0,0.0,0.0,0.0,0.1,0.1,0.05,0.0,0.0,0.1,0.1
4723,0.25,0.25,0.1,0.1,0.25,0.25,0.25,0.25,0.0,0.0,0.0,0.0,0.25,0.25,0.25,0.0,0.0,0.1,0.1
4732,0.15,0.1,0.05,0.1,0.12,0.25,0.0,0.0,0.0,0.0,0.15,0.1,0.05,0.1,0.12,0.0,0.0,0.15,0.1
4740,0.0,0.0,0.05,0.1,0.12,0.25,0.05,0.1,0.0,0.0,0.15,0.1,0.05,0.1,0.12,0.0,0.0,0.15,0.1
4748,0.0,0.0,0.05,0.1,0.12,0.25,0.0,0.0,0.0,0.0,0.15,0.1,0.12,0.25,0.12,0.0,0.0,0.15,0.1
4756,0.38,0.25,0.05,0.1,0.12,0.25,0.05,0.1,0.0,0.0,0.15,0.1,0.12,0.25,0.05,0.0,0.0,0.15,0.1
4764,0.15,0.1,0.05,0.1,0.12,0.25,0.12,0.25,0.0,0.0,0.15,0.1,0.12,0.25,0.12,0.15,0.1,0.15,0.1
4780,0.15,0.1,0.05,0.1,0.12,0.25,0.0,0.0,0.0,0.0,0.0,0.0,0.05,0.1,0.12,0.0,0.0,0.38,0.25
4788,0.0,0.0,0.05,0.1,0.12,0.25,0.05,0.1,0.0,0.0,0.0,0.0,0.05,0.1,0.12,0.0,0.0,0.38,0.25
4797,0.38,0.25,0.05,0.1,0.12,0.25,0.12,0.25,0.0,0.0,0.0,0.0,0.05,0.1,0.1,0.0,0.0,0.38,0.25
4806,0.15,0.1,0.1,0.1,0.25,0.25,0.1,0.1,0.0,0.0,0.0,0.0,0.25,0.25,0.05,0.0,0.0,0.38,0.25
4816,0.1,0.1,0.12,0.25,0.12,0.25,0.12,0.25,0.0,0.0,0.0,0.0,0.0,0.0,0.12,0.0,0.0,0.0,0.0
4824,0.25,0.25,0.12,0.25,0.12,0.25,0.05,0.1,0.0,0.0,0.0,0.0,0.05,0.1,0.12,0.0,0.0,0.0,0.0
4830,0.38,0.25,0.25,0.25,0.25,0.25,0.1,0.1,0.0,0.0,0.0,0.0,0.1,0.1,0.12,0.0,0.0,0.0,0.0
4841,0.0,0.0,0.12,0.25,0.12,0.25,0.0,0.0,0.0,0.0,0.0,0.0,0.05,0.1,0.25,0.1,0.1,0.0,0.0
4849,0.0,0.0,0.12,0.25,0.12,0.25,0.0,0.0,0.0,0.0,0.0,0.0,0.12,0.25,0.25,0.0,0.0,0.0,0.0
4855,0.0,0.0,0.25,0.25,0.25,0.25,0.0,0.0,0.0,0.0,0.0,0.0,0.25,0.25,0.25,0.0,0.0,0.0,0.0
4862,0.0,0.0,0.25,0.25,0.25,0.25,0.0,0.0,0.0,0.0,0.15,0.1,0.1,0.1,0.05,0.0,0.0,0.0,0.0
4876,0.38,0.25,0.12,0.25,0.12,0.25,0.05,0.1,0.0,0.0,0.15,0.1,0.05,0.1,0.12,0.0,0.0,0.0,0.0
4885,0.15,0.1,0.12,0.25,0.12,0.25,0.12,0.25,0.0,0.0,0.15,0.1,0.05,0.1,0.25,0.0,0.0,0.0,0.0
4893,0.15,0.1,0.12,0.25,0.12,0.25,0.0,0.0,0.0,0.0,0.15,0.1,0.12,0.25,0.1,0.0,0.0,0.0,0.0
4901,0.38,0.25,0.12,0.25,0.12,0.25,0.05,0.1,0.0,0.0,0.15,0.1,0.12,0.25,0.0,0.0,0.0,0.0,0.0
4909,0.0,0.0,0.12,0.25,0.12,0.25,0.12,0.25,0.0,0.0,0.15,0.1,0.12,0.25,0.1,0.0,0.0,0.0,0.0
4917,0.38,0.25,0.12,0.25,0.12,0.25,0.12,0.25,0.0,0.0,0.15,0.1,0.12,0.25,0.25,0.0,0.0,0.0,0.0
4925,0.15,0.1,0.12,0.25,0.12,0.25,0.12,0.25,0.0,0.0,0.15,0.1,0.12,0.25,0.25,0.15,0.1,0.0,0.0
4940,0.15,0.1,0.12,0.25,0.12,0.25,0.0,0.0,0.0,0.0,0.0,0.0,0.05,0.1,0.12,0.0,0.0,0.15,0.1
4948,0.0,0.0,0.12,0.25,0.12,0.25,0.05,0.1,0.0,0.0,0.0,0.0,0.05,0.1,0.12,0.0,0.0,0.15,0.1
4961,0.0,0.0,0.12,0.25,0.12,0.25,0.0,0.0,0.0,0.0,0.0,0.0,0.12,0.25,0.25,0.0,0.0,0.1,0.1
4970,0.0,0.0,0.25,0.25,0.25,0.25,0.1,0.1,0.0,0.0,0.0,0.0,0.25,0.25,0.12,0.0,0.0,0.1,0.1
4979,0.25,0.25,0.25,0.25,0.25,0.25,0.25,0.25,0.0,0.0,0.0,0.0,0.25,0.25,0.25,0.1,0.1,0.1,0.1
4987,0.0,0.0,0.25,0.25,0.25,0.25,0.0,0.0,0.0,0.0,0.1,0.1,0.25,0.25,0.0,0.0,0.0,0.1,0.1
4998,0.38,0.25,0.25,0.25,0.25,0.25,0.0,0.0,0.0,0.0,0.15,0.1,0.25,0.25,0.12,0.0,0.0,0.15,0.1
5006,0.15,0.1,0.25,0.25,0.25,0.25,0.1,0.1,0.0,0.0,0.15,0.1,0.25,0.25,0.12,0.0,0.0,0.15,0.1
5017,0.25,0.25,0.12,0.25,0.12,0.25,0.05,0.1,0.0,0.0,0.0,0.0,0.05,0.1,0.25,0.0,0.0,0.25,0.25
5026,0.25,0.25,0.25,0.25,0.25,0.25,0.25,0.25,0.0,0.0,0.0,0.0,0.1,0.1,0.12,0.0,0.0,0.25,0.25
5034,0.25,0.25,0.25,0.25,0.25,0.25,0.1,0.1,0.0,0.0,0.0,0.0,0.25,0.25,0.12,0.0,0.0,0.25,0.25
5045,0.15,0.1,0.12,0.25,0.12,0.25,0.12,0.25,0.0,0.0,0.0,0.0,0.12,0.25,0.25,0.0,0.0,0.38,0.25
5050,0.1,0.1,0.25,0.25,0.25,0.25,0.0,0.0,0.0,0.0,0.25,0.25,0.25,0.25,0.12,0.0,0.0,0.25,0.25
