6,0.0,0.0,0.0,0.0,0.1,0.1,0.0,0.0,0.0,0.0,0.0,0.0,0.25,0.25,0.05,0.0,0.0,0.0,0.0
14,0.15,0.1,0.1,0.1,0.1,0.1,0.25,0.25,0.0,0.0,0.0,0.0,0.1,0.1,0.12,0.0,0.0,0.0,0.0
21,0.38,0.25,0.05,0.1,0.05,0.1,0.0,0.0,0.0,0.0,0.0,0.0,0.12,0.25,0.1,0.0,0.0,0.0,0.0
30,0.15,0.1,0.25,0.25,0.1,0.1,0.0,0.0,0.0,0.0,0.0,0.0,0.0,0.0,0.12,0.0,0.0,0.0,0.0
38,0.38,0.25,0.25,0.25,0.1,0.1,0.1,0.1,0.0,0.0,0.0,0.0,0.1,0.1,0.12,0.0,0.0,0.0,0.0
46,0.15,0.1,0.25,0.25,0.1,0.1,0.25,0.25,0.0,0.0,0.0,0.0,0.1,0.1,0.12,0.0,0.0,0.0,0.0
53,0.15,0.1,0.12,0.25,0.05,0.1,0.05,0.1,0.0,0.0,0.15,0.1,0.12,0.25,0.1,0.0,0.0,0.0,0.0
61,0.0,0.0,0.12,0.25,0.05,0.1,0.12,0.25,0.0,0.0,0.0,0.0,0.12,0.25,0.1,0.0,0.0,0.15,0.1
69,0.0,0.0,0.12,0.25,0.05,0.1,0.12,0.25,0.0,0.0,0.0,0.0,0.12,0.25,0.25,0.0,0.0,0.38,0.25
79,0.0,0.0,0.0,0.0,0.25,0.25,0.0,0.0,0.0,0.0,0.0,0.0,0.0,0.0,0.25,0.0,0.0,0.0,0.0
87,0.0,0.0,0.0,0.0,0.25,0.25,0.1,0.1,0.0,0.0,0.0,0.0,0.0,0.0,0.25,0.0,0.0,0.0,0.0
95,0.38,0.25,0.0,0.0,0.25,0.25,0.0,0.0,0.0,0.0,0.0,0.0,0.1,0.1,0.1,0.0,0.0,0.0,0.0
103,0.0,0.0,0.0,0.0,0.25,0.25,0.25,0.25,0.0,0.0,0.0,0.0,0.1,0.1,0.25,0.15,0.1,0.0,0.0
111,0.0,0.0,0.0,0.0,0.25,0.25,0.0,0.0,0.0,0.0,0.0,0.0,0.25,0.25,0.25,0.0,0.0,0.0,0.0
119,0.38,0.25,0.0,0.0,0.25,0.25,0.1,0.1,0.0,0.0,0.0,0.0,0.25,0.25,0.1,0.0,0.0,0.0,0.0
127,0.0,0.0,0.0,0.0,0.25,0.25,0.25,0.25,0.0,0.0,0.15,0.1,0.1,0.1,0.1,0.0,0.0,0.0,0.0
135,0.15,0.1,0.0,0.0,0.25,0.25,0.25,0.25,0.0,0.0,0.0,0.0,0.0,0.0,0.1,0.0,0.0,0.15,0.1
143,0.15,0.1,0.0,0.0,0.25,0.25,0.0,0.0,0.0,0.0,0.0,0.0,0.25,0.25,0.25,0.0,0.0,0.15,0.1
152,0.25,0.25,0.0,0.0,0.12,0.25,0.0,0.0,0.0,0.0,0.1,0.1,0.05,0.1,0.12,0.0,0.0,0.1,0.1
160,0.1,0.1,0.0,0.0,0.12,0.25,0.05,0.1,0.0,0.0,0.1,0.1,0.05,0.1,0.12,0.0,0.0,0.1,0.1
168,0.0,0.0,0.0,0.0,0.12,0.25,0.12,0.25,0.0,0.0,0.1,0.1,0.05,0.1,0.12,0.0,0.0,0.1,0.1
176,0.0,0.0,0.0,0.0,0.12,0.25,0.0,0.0,0.0,0.0,0.1,0.1,0.12,0.25,0.12,0.0,0.0,0.1,0.1
184,0.1,0.1,0.0,0.0,0.12,0.25,0.05,0.1,0.0,0.0,0.1,0.1,0.12,0.25,0.05,0.0,0.0,0.1,0.1
191,0.15,0.1,0.0,0.0,0.25,0.25,0.1,0.1,0.0,0.0,0.15,0.1,0.25,0.25,0.1,0.0,0.0,0.15,0.1
209,0.0,0.0,0.0,0.0,0.12,0.25,0.12,0.25,0.0,0.0,0.0,0.0,0.12,0.25,0.1,0.0,0.0,0.25,0.25
220,0.15,0.1,0.05,0.1,0.12,0.25,0.0,0.0,0.0,0.0,0.0,0.0,0.0,0.0,0.12,0.0,0.0,0.0,0.0
229,0.0,0.0,0.05,0.1,0.12,0.25,0.05,0.1,0.0,0.0,0.0,0.0,0.0,0.0,0.25,0.0,0.0,0.0,0.0
237,0.38,0.25,0.05,0.1,0.12,0.25,0.05,0.1,0.0,0.0,0.0,0.0,0.05,0.1,0.25,0.0,0.0,0.0,0.0
245,0.15,0.1,0.05,0.1,0.12,0.25,0.12,0.25,0.0,0.0,0.0,0.0,0.05,0.1,0.25,0.0,0.0,0.0,0.0
256,0.25,0.25,0.05,0.1,0.12,0.25,0.05,0.1,0.0,0.0,0.0,0.0,0.12,0.25,0.12,0.0,0.0,0.0,0.0
265,0.1,0.1,0.05,0.1,0.12,0.25,0.12,0.25,0.0,0.0,0.0,0.0,0.12,0.25,0.25,0.0,0.0,0.0,0.0
272,0.0,0.0,0.05,0.1,0.12,0.25,0.0,0.0,0.0,0.0,0.0,0.0,0.12,0.25,0.12,0.1,0.1,0.0,0.0
278,0.0,0.0,0.1,0.1,0.25,0.25,0.0,0.0,0.0,0.0,0.0,0.0,0.25,0.25,0.12,0.15,0.1,0.0,0.0
286,0.0,0.0,0.1,0.1,0.25,0.25,0.0,0.0,0.0,0.0,0.15,0.1,0.1,0.1,0.05,0.0,0.0,0.0,0.0
297,0.25,0.25,0.05,0.1,0.12,0.25,0.0,0.0,0.0,0.0,0.1,0.1,0.12,0.25,0.1,0.0,0.0,0.0,0.0
306,0.25,0.25,0.1,0.1,0.25,0.25,0.1,0.1,0.0,0.0,0.1,0.1,0.25,0.25,0.05,0.0,0.0,0.0,0.0
315,0.0,0.0,0.1,0.1,0.25,0.25,0.25,0.25,0.0,0.0,0.0,0.0,0.0,0.0,0.25,0.0,0.0,0.1,0.1
322,0.25,0.25,0.1,0.1,0.25,0.25,0.25,0.25,0.0,0.0,0.0,0.0,0.1,0.1,0.12,0.0,0.0,0.1,0.1
326,0.38,0.25,0.1,0.1,0.25,0.25,0.25,0.25,0.0,0.0,0.0,0.0,0.1,0.1,0.12,0.0,0.0,0.15,0.1
337,0.1,0.1,0.05,0.1,0.12,0.25,0.12,0.25,0.0,0.0,0.0,0.0,0.12,0.25,0.1,0.0,0.0,0.1,0.1
343,0.15,0.1,0.1,0.1,0.25,0.25,0.25,0.25,0.0,0.0,0.0,0.0,0.25,0.25,0.1,0.0,0.0,0.15,0.1
349,0.38,0.25,0.05,0.1,0.12,0.25,0.0,0.0,0.0,0.0,0.15,0.1,0.12,0.25,0.1,0.0,0.0,0.15,0.1
357,0.15,0.1,0.05,0.1,0.12,0.25,0.05,0.1,0.0,0.0,0.0,0.0,0.05,0.1,0.25,0.0,0.0,0.38,0.25
363,0.0,0.0,0.1,0.1,0.25,0.25,0.25,0.25,0.0,0.0,0.0,0.0,0.1,0.1,0.25,0.0,0.0,0.25,0.25
370,0.1,0.1,0.1,0.1,0.25,0.25,0.0,0.0,0.0,0.0,0.0,0.0,0.25,0.25,0.12,0.0,0.0,0.25,0.25
379,0.0,0.0,0.1,0.1,0.25,0.25,0.1,0.1,0.0,0.0,0.0,0.0,0.25,0.25,0.25,0.0,0.0,0.25,0.25
387,0.25,0.25,0.1,0.1,0.25,0.25,0.25,0.25,0.0,0.0,0.0,0.0,0.25,0.25,0.1,0.0,0.0,0.25,0.25
397,0.38,0.25,0.12,0.25,0.12,0.25,0.12,0.25,0.0,0.0,0.0,0.0,0.0,0.0,0.25,0.0,0.0,0.0,0.0
405,0.0,0.0,0.12,0.25,0.12,0.25,0.12,0.25,0.15,0.1,0.0,0.0,0.0,0.0,0.25,0.0,0.0,0.0,0.0
413,0.38,0.25,0.12,0.25,0.12,0.25,0.12,0.25,0.0,0.0,0.0,0.0,0.05,0.1,0.25,0.0,0.0,0.0,0.0
426,0.25,0.25,0.25,0.25,0.25,0.25,0.0,0.0,0.0,0.0,0.0,0.0,0.25,0.25,0.12,0.1,0.1,0.0,0.0
434,0.1,0.1,0.25,0.25,0.25,0.25,0.0,0.0,0.0,0.0,0.1,0.1,0.0,0.0,0.12,0.0,0.0,0.0,0.0
442,0.0,0.0,0.25,0.25,0.25,0.25,0.1,0.1,0.0,0.0,0.1,0.1,0.0,0.0,0.12,0.0,0.0,0.0,0.0
449,0.1,0.1,0.12,0.25,0.12,0.25,0.05,0.1,0.0,0.0,0.1,0.1,0.05,0.1,0.0,0.0,0.0,0.0,0.0
461,0.38,0.25,0.12,0.25,0.12,0.25,0.0,0.0,0.0,0.0,0.15,0.1,0.12,0.25,0.1,0.0,0.0,0.0,0.0
469,0.15,0.1,0.12,0.25,0.12,0.25,0.05,0.1,0.0,0.0,0.15,0.1,0.12,0.25,0.1,0.0,0.0,0.0,0.0
480,0.25,0.25,0.12,0.25,0.12,0.25,0.12,0.25,0.0,0.0,0.1,0.1,0.12,0.25,0.05,0.1,0.1,0.0,0.0
490,0.25,0.25,0.25,0.25,0.25,0.25,0.25,0.25,0.1,0.1,0.1,0.1,0.25,0.25,0.05,0.0,0.0,0.0,0.0
498,0.0,0.0,0.25,0.25,0.25,0.25,0.25,0.25,0.0,0.0,0.0,0.0,0.0,0.0,0.0,0.0,0.0,0.1,0.1
506,0.25,0.25,0.25,0.25,0.25,0.25,0.0,0.0,0.0,0.0,0.0,0.0,0.25,0.25,0.12,0.0,0.0,0.1,0.1
515,0.1,0.1,0.25,0.25,0.25,0.25,0.1,0.1,0.0,0.0,0.0,0.0,0.25,0.25,0.25,0.0,0.0,0.1,0.1
529,0.1,0.1,0.12,0.25,0.12,0.25,0.0,0.0,0.0,0.0,0.1,0.1,0.12,0.25,0.25,0.0,0.0,0.1,0.1
537,0.1,0.1,0.12,0.25,0.12,0.25,0.12,0.25,0.0,0.0,0.1,0.1,0.12,0.25,0.25,0.0,0.0,0.1,0.1
546,0.0,0.0,0.25,0.25,0.25,0.25,0.0,0.0,0.0,0.0,0.1,0.1,0.25,0.25,0.12,0.1,0.1,0.1,0.1
555,0.0,0.0,0.25,0.25,0.25,0.25,0.1,0.1,0.0,0.0,0.0,0.0,0.0,0.0,0.1,0.0,0.0,0.25,0.25
571,0.25,0.25,0.25,0.25,0.25,0.25,0.0,0.0,0.0,0.0,0.0,0.0,0.1,0.1,0.25,0.0,0.0,0.25,0.25
578,0.1,0.1,0.25,0.25,0.25,0.25,0.1,0.1,0.0,0.0,0.0,0.0,0.1,0.1,0.12,0.0,0.0,0.25,0.25
589,0.38,0.25,0.12,0.25,0.12,0.25,0.12,0.25,0.0,0.0,0.0,0.0,0.05,0.1,0.1,0.0,0.0,0.38,0.25
607,0.38,0.25,0.25,0.25,0.25,0.25,0.25,0.25,0.0,0.0,0.0,0.0,0.25,0.25,0.25,0.0,0.0,0.38,0.25
617,0.0,0.0,0.12,0.25,0.0,0.0,0.12,0.25,0.0,0.0,0.0,0.0,0.12,0.25,0.25,0.0,0.0,0.0,0.0
625,0.0,0.0,0.0,0.0,0.05,0.1,0.12,0.25,0.0,0.0,0.0,0.0,0.0,0.0,0.25,0.0,0.0,0.0,0.0
634,0.25,0.25,0.0,0.0,0.1,0.1,0.25,0.25,0.0,0.0,0.0,0.0,0.25,0.25,0.12,0.0,0.0,0.0,0.0
640,0.0,0.0,0.05,0.1,0.05,0.1,0.05,0.1,0.0,0.0,0.0,0.0,0.05,0.1,0.12,0.0,0.0,0.0,0.0
648,0.1,0.1,0.05,0.1,0.05,0.1,0.0,0.0,0.0,0.0,0.0,0.0,0.12,0.25,0.12,0.0,0.0,0.0,0.0
656,0.0,0.0,0.05,0.1,0.05,0.1,0.05,0.1,0.0,0.0,0.1,0.1,0.12,0.25,0.12,0.1,0.1,0.0,0.0
660,0.0,0.0,0.05,0.1,0.05,0.1,0.05,0.1,0.0,0.0,0.15,0.1,0.12,0.25,0.12,0.15,0.1,0.0,0.0
667,0.25,0.25,0.25,0.25,0.1,0.1,0.0,0.0,0.0,0.0,0.0,0.0,0.0,0.0,0.25,0.0,0.0,0.0,0.0
675,0.25,0.25,0.25,0.25,0.1,0.1,0.25,0.25,0.0,0.0,0.0,0.0,0.25,0.25,0.25,0.0,0.0,0.0,0.0
683,0.1,0.1,0.25,0.25,0.1,0.1,0.0,0.0,0.0,0.0,0.0,0.0,0.25,0.25,0.25,0.1,0.1,0.0,0.0
691,0.0,0.0,0.25,0.25,0.1,0.1,0.0,0.0,0.0,0.0,0.1,0.1,0.25,0.25,0.25,0.0,0.0,0.0,0.0
698,0.1,0.1,0.25,0.25,0.1,0.1,0.25,0.25,0.0,0.0,0.1,0.1,0.25,0.25,0.05,0.0,0.0,0.0,0.0
706,0.0,0.0,0.25,0.25,0.1,0.1,0.25,0.25,0.0,0.0,0.0,0.0,0.25,0.25,0.12,0.0,0.0,0.1,0.1
715,0.0,0.0,0.25,0.25,0.1,0.1,0.0,0.0,0.0,0.0,0.1,0.1,0.1,0.1,0.25,0.0,0.0,0.1,0.1
724,0.38,0.25,0.0,0.0,0.12,0.25,0.0,0.0,0.0,0.0,0.0,0.0,0.0,0.0,0.12,0.0,0.0,0.0,0.0
732,0.15,0.1,0.0,0.0,0.12,0.25,0.05,0.1,0.0,0.0,0.0,0.0,0.0,0.0,0.12,0.0,0.0,0.0,0.0
740,0.0,0.0,0.0,0.0,0.12,0.25,0.12,0.25,0.0,0.0,0.0,0.0,0.0,0.0,0.12,0.0,0.0,0.0,0.0
748,0.15,0.1,0.0,0.0,0.12,0.25,0.0,0.0,0.0,0.0,0.0,0.0,0.05,0.1,0.12,0.0,0.0,0.0,0.0
756,0.0,0.0,0.0,0.0,0.12,0.25,0.05,0.1,0.0,0.0,0.0,0.0,0.05,0.1,0.12,0.0,0.0,0.0,0.0
764,0.38,0.25,0.0,0.0,0.12,0.25,0.12,0.25,0.0,0.0,0.0,0.0,0.05,0.1,0.12,0.15,0.1,0.0,0.0
772,0.15,0.1,0.0,0.0,0.12,0.25,0.0,0.0,0.0,0.0,0.0,0.0,0.12,0.25,0.0,0.0,0.0,0.0,0.0
780,0.38,0.25,0.0,0.0,0.12,0.25,0.05,0.1,0.0,0.0,0.0,0.0,0.12,0.25,0.12,0.0,0.0,0.0,0.0
788,0.15,0.1,0.0,0.0,0.12,0.25,0.12,0.25,0.0,0.0,0.0,0.0,0.12,0.25,0.12,0.0,0.0,0.0,0.0
795,0.0,0.0,0.0,0.0,0.25,0.25,0.0,0.0,0.0,0.0,0.0,0.0,0.25,0.25,0.25,0.1,0.1,0.0,0.0
803,0.0,0.0,0.0,0.0,0.25,0.25,0.0,0.0,0.0,0.0,0.1,0.1,0.1,0.1,0.25,0.1,0.1,0.0,0.0
814,0.0,0.0,0.0,0.0,0.25,0.25,0.25,0.25,0.0,0.0,0.0,0.0,0.0,0.0,0.12,0.0,0.0,0.15,0.1
823,0.0,0.0,0.0,0.0,0.25,0.25,0.0,0.0,0.0,0.0,0.0,0.0,0.1,0.1,0.25,0.0,0.0,0.15,0.1
832,0.25,0.25,0.0,0.0,0.12,0.25,0.12,0.25,0.0,0.0,0.0,0.0,0.12,0.25,0.12,0.0,0.0,0.1,0.1
838,0.38,0.25,0.0,0.0,0.25,0.25,0.25,0.25,0.0,0.0,0.0,0.0,0.25,0.25,0.12,0.0,0.0,0.15,0.1
846,0.0,0.0,0.0,0.0,0.25,0.25,0.0,0.0,0.0,0.0,0.15,0.1,0.1,0.1,0.12,0.0,0.0,0.15,0.1
854,0.15,0.1,0.0,0.0,0.25,0.25,0.0,0.0,0.0,0.0,0.15,0.1,0.25,0.25,0.05,0.0,0.0,0.15,0.1
864,0.1,0.1,0.0,0.0,0.12,0.25,0.05,0.1,0.0,0.0,0.0,0.0,0.05,0.1,0.12,0.0,0.0,0.25,0.25
872,0.1,0.1,0.0,0.0,0.12,0.25,0.12,0.25,0.0,0.0,0.0,0.0,0.05,0.1,0.12,0.0,0.0,0.25,0.25
886,0.0,0.0,0.0,0.0,0.25,0.25,0.0,0.0,0.0,0.0,0.0,0.0,0.25,0.25,0.12,0.0,0.0,0.38,0.25
893,0.15,0.1,0.0,0.0,0.12,0.25,0.12,0.25,0.0,0.0,0.0,0.0,0.12,0.25,0.1,0.0,0.0,0.38,0.25
911,0.38,0.25,0.1,0.1,0.25,0.25,0.0,0.0,0.0,0.0,0.0,0.0,0.1,0.1,0.25,0.0,0.0,0.0,0.0
916,0.15,0.1,0.05,0.1,0.12,0.25,0.05,0.1,0.0,0.0,0.0,0.0,0.05,0.1,0.12,0.0,0.0,0.0,0.0
924,0.0,0.0,0.05,0.1,0.12,0.25,0.12,0.25,0.0,0.0,0.0,0.0,0.05,0.1,0.12,0.0,0.0,0.0,0.0
939,0.1,0.1,0.1,0.1,0.25,0.25,0.1,0.1,0.1,0.1,0.0,0.0,0.25,0.25,0.1,0.0,0.0,0.0,0.0
946,0.1,0.1,0.1,0.1,0.25,0.25,0.0,0.0,0.0,0.0,0.1,0.1,0.25,0.25,0.05,0.0,0.0,0.0,0.0
952,0.0,0.0,0.05,0.1,0.12,0.25,0.12,0.25,0.0,0.0,0.1,0.1,0.12,0.25,0.05,0.0,0.0,0.0,0.0
960,0.0,0.0,0.05,0.1,0.12,0.25,0.05,0.1,0.0,0.0,0.0,0.0,0.0,0.0,0.05,0.0,0.0,0.1,0.1
971,0.25,0.25,0.1,0.1,0.25,0.25,0.0,0.0,0.0,0.0,0.0,0.0,0.25,0.25,0.25,0.0,0.0,0.1,0.1
978,0.1,0.1,0.1,0.1,0.25,0.25,0.1,0.1,0.0,0.0,0.0,0.0,0.25,0.25,0.12,0.0,0.0,0.1,0.1
986,0.0,0.0,0.1,0.1,0.25,0.25,0.25,0.25,0.0,0.0,0.0,0.0,0.25,0.25,0.12,0.0,0.0,0.1,0.1
995,0.0,0.0,0.1,0.1,0.25,0.25,0.0,0.0,0.0,0.0,0.1,0.1,0.25,0.25,0.1,0.0,0.0,0.1,0.1
1017,0.25,0.25,0.05,0.1,0.12,0.25,0.12,0.25,0.0,0.0,0.0,0.0,0.0,0.0,0.1,0.0,0.0,0.25,0.25
1024,0.0,0.0,0.05,0.1,0.12,0.25,0.0,0.0,0.0,0.0,0.0,0.0,0.05,0.1,0.12,0.0,0.0,0.25,0.25
1035,0.25,0.25,0.1,0.1,0.25,0.25,0.1,0.1,0.0,0.0,0.0,0.0,0.1,0.1,0.1,0.0,0.0,0.25,0.25
1055,0.38,0.25,0.1,0.1,0.25,0.25,0.1,0.1,0.0,0.0,0.0,0.0,0.25,0.25,0.25,0.0,0.0,0.38,0.25
1063,0.15,0.1,0.1,0.1,0.25,0.25,0.25,0.25,0.0,0.0,0.0,0.0,0.25,0.25,0.25,0.0,0.0,0.38,0.25
1071,0.0,0.0,0.25,0.25,0.25,0.25,0.0,0.0,0.0,0.0,0.0,0.0,0.0,0.0,0.25,0.0,0.0,0.0,0.0
1079,0.15,0.1,0.25,0.25,0.25,0.25,0.25,0.25,0.0,0.0,0.0,0.0,0.0,0.0,0.1,0.0,0.0,0.0,0.0
1098,0.25,0.25,0.25,0.25,0.25,0.25,0.25,0.25,0.0,0.0,0.0,0.0,0.25,0.25,0.12,0.0,0.0,0.0,0.0
1108,0.15,0.1,0.12,0.25,0.12,0.25,0.0,0.0,0.0,0.0,0.0,0.0,0.12,0.25,0.12,0.15,0.1,0.0,0.0
1115,0.25,0.25,0.25,0.25,0.25,0.25,0.0,0.0,0.0,0.0,0.1,0.1,0.0,0.0,0.25,0.0,0.0,0.0,0.0
1123,0.1,0.1,0.25,0.25,0.25,0.25,0.1,0.1,0.0,0.0,0.1,0.1,0.0,0.0,0.25,0.0,0.0,0.0,0.0
1131,0.0,0.0,0.25,0.25,0.25,0.25,0.25,0.25,0.0,0.0,0.1,0.1,0.0,0.0,0.25,0.0,0.0,0.0,0.0
1139,0.1,0.1,0.25,0.25,0.25,0.25,0.0,0.0,0.0,0.0,0.1,0.1,0.1,0.1,0.25,0.0,0.0,0.0,0.0
1148,0.15,0.1,0.12,0.25,0.12,0.25,0.05,0.1,0.0,0.0,0.15,0.1,0.05,0.1,0.12,0.0,0.0,0.0,0.0
1157,0.0,0.0,0.12,0.25,0.12,0.25,0.12,0.25,0.0,0.0,0.15,0.1,0.05,0.1,0.25,0.0,0.0,0.0,0.0
1165,0.0,0.0,0.12,0.25,0.12,0.25,0.0,0.0,0.0,0.0,0.15,0.1,0.12,0.25,0.25,0.0,0.0,0.0,0.0
1173,0.38,0.25,0.12,0.25,0.12,0.25,0.05,0.1,0.0,0.0,0.15,0.1,0.12,0.25,0.1,0.0,0.0,0.0,0.0
1181,0.15,0.1,0.12,0.25,0.12,0.25,0.12,0.25,0.0,0.0,0.15,0.1,0.12,0.25,0.1,0.0,0.0,0.0,0.0
1189,0.38,0.25,0.12,0.25,0.12,0.25,0.05,0.1,0.0,0.0,0.0,0.0,0.0,0.0,0.1,0.0,0.0,0.15,0.1
1197,0.15,0.1,0.12,0.25,0.12,0.25,0.12,0.25,0.0,0.0,0.0,0.0,0.0,0.0,0.1,0.0,0.0,0.15,0.1
1206,0.15,0.1,0.25,0.25,0.25,0.25,0.0,0.0,0.0,0.0,0.15,0.1,0.1,0.1,0.12,0.0,0.0,0.15,0.1
1215,0.38,0.25,0.25,0.25,0.25,0.25,0.0,0.0,0.0,0.0,0.15,0.1,0.25,0.25,0.1,0.0,0.0,0.15,0.1
1223,0.0,0.0,0.25,0.25,0.25,0.25,0.1,0.1,0.0,0.0,0.15,0.1,0.25,0.25,0.25,0.0,0.0,0.15,0.1
1235,0.1,0.1,0.25,0.25,0.25,0.25,0.25,0.25,0.0,0.0,0.0,0.0,0.0,0.0,0.25,0.0,0.0,0.25,0.25
1244,0.0,0.0,0.12,0.25,0.12,0.25,0.05,0.1,0.0,0.0,0.0,0.0,0.12,0.25,0.12,0.0,0.0,0.38,0.25
1259,0.0,0.0,0.25,0.25,0.0,0.0,0.1,0.1,0.0,0.0,0.0,0.0,0.1,0.1,0.25,0.0,0.0,0.0,0.0
1266,0.0,0.0,0.25,0.25,0.0,0.0,0.25,0.25,0.0,0.0,0.0,0.0,0.1,0.1,0.12,0.0,0.0,0.0,0.0
1272,0.0,0.0,0.12,0.25,0.0,0.0,0.05,0.1,0.0,0.0,0.1,0.1,0.12,0.25,0.12,0.1,0.1,0.0,0.0
1278,0.0,0.0,0.25,0.25,0.0,0.0,0.1,0.1,0.0,0.0,0.15,0.1,0.25,0.25,0.12,0.15,0.1,0.0,0.0
1284,0.0,0.0,0.0,0.0,0.05,0.1,0.12,0.25,0.0,0.0,0.0,0.0,0.05,0.1,0.12,0.0,0.0,0.0,0.0
1292,0.0,0.0,0.0,0.0,0.05,0.1,0.12,0.25,0.0,0.0,0.0,0.0,0.12,0.25,0.12,0.0,0.0,0.0,0.0
1300,0.0,0.0,0.05,0.1,0.05,0.1,0.0,0.0,0.0,0.0,0.0,0.0,0.12,0.25,0.12,0.0,0.0,0.0,0.0
1307,0.0,0.0,0.1,0.1,0.1,0.1,0.1,0.1,0.0,0.0,0.0,0.0,0.25,0.25,0.25,0.0,0.0,0.0,0.0
1316,0.38,0.25,0.12,0.25,0.05,0.1,0.12,0.25,0.0,0.0,0.0,0.0,0.05,0.1,0.12,0.0,0.0,0.0,0.0
1324,0.15,0.1,0.12,0.25,0.05,0.1,0.0,0.0,0.0,0.0,0.0,0.0,0.12,0.25,0.12,0.0,0.0,0.0,0.0
1331,0.0,0.0,0.25,0.25,0.1,0.1,0.1,0.1,0.0,0.0,0.0,0.0,0.25,0.25,0.25,0.0,0.0,0.0,0.0
1337,0.0,0.0,0.12,0.25,0.05,0.1,0.0,0.0,0.0,0.0,0.1,0.1,0.12,0.25,0.25,0.0,0.0,0.1,0.1
1346,0.25,0.25,0.25,0.25,0.1,0.1,0.25,0.25,0.0,0.0,0.1,0.1,0.25,0.25,0.12,0.0,0.0,0.1,0.1
1355,0.1,0.1,0.0,0.0,0.25,0.25,0.1,0.1,0.0,0.0,0.0,0.0,0.1,0.1,0.0,0.0,0.0,0.0,0.0
1363,0.25,0.25,0.0,0.0,0.25,0.25,0.25,0.25,0.0,0.0,0.0,0.0,0.1,0.1,0.25,0.0,0.0,0.0,0.0
1371,0.0,0.0,0.0,0.0,0.25,0.25,0.1,0.1,0.0,0.0,0.0,0.0,0.1,0.1,0.25,0.1,0.1,0.0,0.0
1378,0.1,0.1,0.0,0.0,0.25,0.25,0.1,0.1,0.0,0.0,0.0,0.0,0.25,0.25,0.0,0.0,0.0,0.0,0.0
1386,0.25,0.25,0.0,0.0,0.25,0.25,0.0,0.0,0.0,0.0,0.0,0.0,0.25,0.25,0.12,0.1,0.1,0.0,0.0
1395,0.0,0.0,0.0,0.0,0.25,0.25,0.1,0.1,0.0,0.0,0.0,0.0,0.25,0.25,0.25,0.1,0.1,0.0,0.0
1405,0.15,0.1,0.0,0.0,0.12,0.25,0.12,0.25,0.0,0.0,0.0,0.0,0.05,0.1,0.25,0.0,0.0,0.15,0.1
1435,0.25,0.25,0.0,0.0,0.25,0.25,0.1,0.1,0.0,0.0,0.1,0.1,0.25,0.25,0.25,0.0,0.0,0.1,0.1
1442,0.1,0.1,0.0,0.0,0.25,0.25,0.25,0.25,0.0,0.0,0.1,0.1,0.25,0.25,0.12,0.0,0.0,0.1,0.1
1450,0.1,0.1,0.0,0.0,0.25,0.25,0.1,0.1,0.0,0.0,0.0,0.0,0.1,0.1,0.05,0.0,0.0,0.25,0.25
1459,0.0,0.0,0.0,0.0,0.25,0.25,0.25,0.25,0.0,0.0,0.0,0.0,0.1,0.1,0.1,0.0,0.0,0.25,0.25
1487,0.38,0.25,0.1,0.1,0.25,0.25,0.0,0.0,0.0,0.0,0.0,0.0,0.1,0.1,0.1,0.0,0.0,0.0,0.0
1495,0.15,0.1,0.1,0.1,0.25,0.25,0.0,0.0,0.0,0.0,0.0,0.0,0.25,0.25,0.25,0.0,0.0,0.0,0.0
1503,0.0,0.0,0.1,0.1,0.25,0.25,0.1,0.1,0.0,0.0,0.0,0.0,0.25,0.25,0.25,0.0,0.0,0.0,0.0
1511,0.38,0.25,0.1,0.1,0.25,0.25,0.1,0.1,0.0,0.0,0.0,0.0,0.25,0.25,0.25,0.15,0.1,0.0,0.0
1519,0.0,0.0,0.1,0.1,0.25,0.25,0.25,0.25,0.0,0.0,0.15,0.1,0.1,0.1,0.25,0.0,0.0,0.0,0.0
1527,0.15,0.1,0.1,0.1,0.25,0.25,0.1,0.1,0.0,0.0,0.15,0.1,0.25,0.25,0.1,0.0,0.0,0.0,0.0
1535,0.38,0.25,0.1,0.1,0.25,0.25,0.1,0.1,0.0,0.0,0.0,0.0,0.1,0.1,0.25,0.0,0.0,0.15,0.1
1543,0.15,0.1,0.1,0.1,0.25,0.25,0.25,0.25,0.0,0.0,0.0,0.0,0.1,0.1,0.25,0.0,0.0,0.15,0.1
1556,0.38,0.25,0.05,0.1,0.12,0.25,0.05,0.1,0.0,0.0,0.0,0.0,0.12,0.25,0.12,0.0,0.0,0.15,0.1
1565,0.15,0.1,0.05,0.1,0.12,0.25,0.12,0.25,0.0,0.0,0.0,0.0,0.12,0.25,0.25,0.0,0.0,0.15,0.1
1573,0.15,0.1,0.05,0.1,0.12,0.25,0.0,0.0,0.0,0.0,0.15,0.1,0.12,0.25,0.1,0.0,0.0,0.15,0.1
1581,0.15,0.1,0.05,0.1,0.12,0.25,0.05,0.1,0.0,0.0,0.15,0.1,0.12,0.25,0.25,0.15,0.1,0.15,0.1
1589,0.0,0.0,0.05,0.1,0.12,0.25,0.12,0.25,0.0,0.0,0.15,0.1,0.12,0.25,0.25,0.15,0.1,0.15,0.1
1605,0.0,0.0,0.05,0.1,0.12,0.25,0.05,0.1,0.0,0.0,0.0,0.0,0.05,0.1,0.1,0.0,0.0,0.38,0.25
1615,0.15,0.1,0.1,0.1,0.25,0.25,0.25,0.25,0.0,0.0,0.0,0.0,0.1,0.1,0.1,0.0,0.0,0.38,0.25
1631,0.15,0.1,0.25,0.25,0.25,0.25,0.0,0.0,0.0,0.0,0.0,0.0,0.0,0.0,0.1,0.0,0.0,0.0,0.0
1638,0.15,0.1,0.25,0.25,0.25,0.25,0.1,0.1,0.0,0.0,0.0,0.0,0.0,0.0,0.05,0.0,0.0,0.0,0.0
1648,0.25,0.25,0.12,0.25,0.12,0.25,0.0,0.0,0.0,0.0,0.0,0.0,0.12,0.25,0.12,0.0,0.0,0.0,0.0
1655,0.38,0.25,0.25,0.25,0.25,0.25,0.0,0.0,0.0,0.0,0.0,0.0,0.25,0.25,0.25,0.0,0.0,0.0,0.0
1662,0.15,0.1,0.25,0.25,0.25,0.25,0.1,0.1,0.0,0.0,0.0,0.0,0.25,0.25,0.12,0.0,0.0,0.0,0.0
1671,0.0,0.0,0.25,0.25,0.25,0.25,0.25,0.25,0.0,0.0,0.0,0.0,0.25,0.25,0.25,0.0,0.0,0.0,0.0
1678,0.0,0.0,0.25,0.25,0.25,0.25,0.25,0.25,0.15,0.1,0.0,0.0,0.25,0.25,0.12,0.0,0.0,0.0,0.0
1687,0.0,0.0,0.25,0.25,0.25,0.25,0.0,0.0,0.0,0.0,0.15,0.1,0.0,0.0,0.25,0.0,0.0,0.0,0.0
1695,0.38,0.25,0.25,0.25,0.25,0.25,0.1,0.1,0.0,0.0,0.15,0.1,0.1,0.1,0.0,0.0,0.0,0.0,0.0
1704,0.1,0.1,0.12,0.25,0.12,0.25,0.0,0.0,0.0,0.0,0.1,0.1,0.12,0.25,0.0,0.0,0.0,0.0,0.0
1716,0.0,0.0,0.12,0.25,0.12,0.25,0.05,0.1,0.0,0.0,0.15,0.1,0.12,0.25,0.0,0.0,0.0,0.0,0.0
1724,0.38,0.25,0.12,0.25,0.12,0.25,0.05,0.1,0.0,0.0,0.15,0.1,0.12,0.25,0.12,0.0,0.0,0.0,0.0
1733,0.15,0.1,0.12,0.25,0.12,0.25,0.12,0.25,0.0,0.0,0.15,0.1,0.12,0.25,0.25,0.0,0.0,0.0,0.0
1741,0.15,0.1,0.12,0.25,0.12,0.25,0.12,0.25,0.0,0.0,0.15,0.1,0.12,0.25,0.1,0.15,0.1,0.0,0.0
1749,0.15,0.1,0.12,0.25,0.12,0.25,0.12,0.25,0.15,0.1,0.15,0.1,0.12,0.25,0.1,0.0,0.0,0.0,0.0
1757,0.0,0.0,0.12,0.25,0.12,0.25,0.05,0.1,0.0,0.0,0.0,0.0,0.0,0.0,0.1,0.0,0.0,0.15,0.1
1764,0.38,0.25,0.12,0.25,0.12,0.25,0.12,0.25,0.0,0.0,0.0,0.0,0.0,0.0,0.12,0.0,0.0,0.15,0.1
1771,0.25,0.25,0.25,0.25,0.25,0.25,0.1,0.1,0.0,0.0,0.0,0.0,0.1,0.1,0.25,0.0,0.0,0.1,0.1
1783,0.15,0.1,0.25,0.25,0.25,0.25,0.25,0.25,0.0,0.0,0.0,0.0,0.1,0.1,0.25,0.0,0.0,0.15,0.1
1790,0.15,0.1,0.25,0.25,0.25,0.25,0.0,0.0,0.0,0.0,0.0,0.0,0.25,0.25,0.12,0.0,0.0,0.15,0.1
1799,0.15,0.1,0.25,0.25,0.25,0.25,0.25,0.25,0.0,0.0,0.0,0.0,0.25,0.25,0.1,0.0,0.0,0.15,0.1
1805,0.38,0.25,0.12,0.25,0.12,0.25,0.0,0.0,0.0,0.0,0.15,0.1,0.05,0.1,0.25,0.0,0.0,0.15,0.1
1819,0.25,0.25,0.25,0.25,0.25,0.25,0.1,0.1,0.0,0.0,0.1,0.1,0.25,0.25,0.25,0.0,0.0,0.1,0.1
1826,0.25,0.25,0.25,0.25,0.25,0.25,0.25,0.25,0.0,0.0,0.1,0.1,0.25,0.25,0.12,0.0,0.0,0.1,0.1
1834,0.1,0.1,0.25,0.25,0.25,0.25,0.0,0.0,0.0,0.0,0.1,0.1,0.25,0.25,0.12,0.1,0.1,0.1,0.1
1843,0.0,0.0,0.25,0.25,0.25,0.25,0.1,0.1,0.0,0.0,0.1,0.1,0.25,0.25,0.25,0.1,0.1,0.1,0.1
1852,0.0,0.0,0.12,0.25,0.12,0.25,0.0,0.0,0.0,0.0,0.0,0.0,0.05,0.1,0.12,0.0,0.0,0.38,0.25
1861,0.38,0.25,0.12,0.25,0.12,0.25,0.05,0.1,0.0,0.0,0.0,0.0,0.05,0.1,0.1,0.0,0.0,0.38,0.25
1877,0.38,0.25,0.12,0.25,0.12,0.25,0.05,0.1,0.0,0.0,0.0,0.0,0.12,0.25,0.1,0.0,0.0,0.38,0.25
1904,0.0,0.0,0.12,0.25,0.0,0.0,0.05,0.1,0.0,0.0,0.0,0.0,0.12,0.25,0.12,0.0,0.0,0.0,0.0
1912,0.1,0.1,0.05,0.1,0.05,0.1,0.05,0.1,0.0,0.0,0.0,0.0,0.0,0.0,0.12,0.0,0.0,0.0,0.0
1920,0.25,0.25,0.05,0.1,0.05,0.1,0.05,0.1,0.0,0.0,0.0,0.0,0.12,0.25,0.12,0.0,0.0,0.0,0.0
1930,0.1,0.1,0.1,0.1,0.1,0.1,0.25,0.25,0.0,0.0,0.0,0.0,0.25,0.25,0.12,0.0,0.0,0.0,0.0
1937,0.0,0.0,0.05,0.1,0.05,0.1,0.12,0.25,0.0,0.0,0.1,0.1,0.12,0.25,0.25,0.1,0.1,0.0,0.0
1948,0.38,0.25,0.12,0.25,0.05,0.1,0.0,0.0,0.0,0.0,0.0,0.0,0.05,0.1,0.12,0.0,0.0,0.0,0.0
1956,0.15,0.1,0.12,0.25,0.05,0.1,0.05,0.1,0.0,0.0,0.0,0.0,0.05,0.1,0.12,0.0,0.0,0.0,0.0
1964,0.0,0.0,0.12,0.25,0.05,0.1,0.12,0.25,0.0,0.0,0.0,0.0,0.05,0.1,0.12,0.0,0.0,0.0,0.0
1972,0.38,0.25,0.12,0.25,0.05,0.1,0.0,0.0,0.0,0.0,0.0,0.0,0.12,0.25,0.12,0.0,0.0,0.0,0.0
1979,0.1,0.1,0.25,0.25,0.1,0.1,0.1,0.1,0.0,0.0,0.0,0.0,0.25,0.25,0.25,0.0,0.0,0.0,0.0
1986,0.0,0.0,0.25,0.25,0.1,0.1,0.25,0.25,0.0,0.0,0.0,0.0,0.25,0.25,0.12,0.0,0.0,0.0,0.0
1994,0.25,0.25,0.25,0.25,0.1,0.1,0.25,0.25,0.0,0.0,0.1,0.1,0.25,0.25,0.05,0.0,0.0,0.0,0.0
2003,0.1,0.1,0.0,0.0,0.25,0.25,0.0,0.0,0.0,0.0,0.0,0.0,0.0,0.0,0.25,0.0,0.0,0.0,0.0
2014,0.38,0.25,0.0,0.0,0.25,0.25,0.0,0.0,0.0,0.0,0.0,0.0,0.1,0.1,0.0,0.0,0.0,0.0,0.0
2022,0.38,0.25,0.0,0.0,0.25,0.25,0.1,0.1,0.0,0.0,0.0,0.0,0.1,0.1,0.0,0.0,0.0,0.0,0.0
2034,0.25,0.25,0.0,0.0,0.25,0.25,0.0,0.0,0.0,0.0,0.0,0.0,0.25,0.25,0.12,0.0,0.0,0.0,0.0
2042,0.1,0.1,0.0,0.0,0.25,0.25,0.1,0.1,0.0,0.0,0.0,0.0,0.25,0.25,0.12,0.0,0.0,0.0,0.0
2051,0.0,0.0,0.0,0.0,0.25,0.25,0.25,0.25,0.0,0.0,0.0,0.0,0.25,0.25,0.25,0.0,0.0,0.0,0.0
2059,0.25,0.25,0.0,0.0,0.25,0.25,0.25,0.25,0.0,0.0,0.0,0.0,0.25,0.25,0.25,0.1,0.1,0.0,0.0
2066,0.0,0.0,0.0,0.0,0.25,0.25,0.1,0.1,0.0,0.0,0.1,0.1,0.25,0.25,0.12,0.1,0.1,0.0,0.0
2073,0.25,0.25,0.0,0.0,0.12,0.25,0.12,0.25,0.0,0.0,0.0,0.0,0.05,0.1,0.25,0.0,0.0,0.1,0.1
2088,0.1,0.1,0.0,0.0,0.12,0.25,0.0,0.0,0.0,0.0,0.1,0.1,0.12,0.25,0.12,0.0,0.0,0.1,0.1
2096,0.0,0.0,0.0,0.0,0.12,0.25,0.05,0.1,0.0,0.0,0.1,0.1,0.12,0.25,0.12,0.0,0.0,0.1,0.1
2111,0.0,0.0,0.0,0.0,0.25,0.25,0.0,0.0,0.0,0.0,0.0,0.0,0.1,0.1,0.1,0.0,0.0,0.38,0.25
2120,0.0,0.0,0.05,0.1,0.12,0.25,0.0,0.0,0.0,0.0,0.0,0.0,0.0,0.0,0.12,0.0,0.0,0.0,0.0
2127,0.0,0.0,0.1,0.1,0.25,0.25,0.0,0.0,0.0,0.0,0.0,0.0,0.0,0.0,0.25,0.0,0.0,0.0,0.0
2135,0.15,0.1,0.1,0.1,0.25,0.25,0.1,0.1,0.0,0.0,0.0,0.0,0.0,0.0,0.1,0.0,0.0,0.0,0.0
2143,0.38,0.25,0.1,0.1,0.25,0.25,0.25,0.25,0.0,0.0,0.0,0.0,0.1,0.1,0.25,0.0,0.0,0.0,0.0
2150,0.15,0.1,0.1,0.1,0.25,0.25,0.0,0.0,0.0,0.0,0.0,0.0,0.1,0.1,0.12,0.15,0.1,0.0,0.0
2158,0.0,0.0,0.1,0.1,0.25,0.25,0.1,0.1,0.0,0.0,0.0,0.0,0.1,0.1,0.12,0.15,0.1,0.0,0.0
2171,0.1,0.1,0.1,0.1,0.25,0.25,0.1,0.1,0.0,0.0,0.0,0.0,0.25,0.25,0.25,0.0,0.0,0.0,0.0
2180,0.0,0.0,0.05,0.1,0.12,0.25,0.12,0.25,0.0,0.0,0.0,0.0,0.12,0.25,0.12,0.0,0.0,0.0,0.0
2187,0.1,0.1,0.1,0.1,0.25,0.25,0.25,0.25,0.0,0.0,0.1,0.1,0.0,0.0,0.25,0.0,0.0,0.0,0.0
2195,0.25,0.25,0.1,0.1,0.25,0.25,0.1,0.1,0.0,0.0,0.1,0.1,0.1,0.1,0.1,0.0,0.0,0.0,0.0
2206,0.15,0.1,0.1,0.1,0.25,0.25,0.25,0.25,0.0,0.0,0.15,0.1,0.1,0.1,0.05,0.0,0.0,0.0,0.0
2213,0.0,0.0,0.05,0.1,0.12,0.25,0.12,0.25,0.0,0.0,0.15,0.1,0.12,0.25,0.25,0.0,0.0,0.0,0.0
2221,0.15,0.1,0.05,0.1,0.12,0.25,0.12,0.25,0.0,0.0,0.0,0.0,0.0,0.0,0.25,0.0,0.0,0.15,0.1
2228,0.15,0.1,0.05,0.1,0.12,0.25,0.0,0.0,0.0,0.0,0.0,0.0,0.05,0.1,0.12,0.0,0.0,0.15,0.1
2234,0.0,0.0,0.1,0.1,0.25,0.25,0.1,0.1,0.0,0.0,0.0,0.0,0.1,0.1,0.12,0.0,0.0,0.1,0.1
2241,0.25,0.25,0.05,0.1,0.12,0.25,0.12,0.25,0.0,0.0,0.0,0.0,0.05,0.1,0.1,0.0,0.0,0.1,0.1
2258,0.25,0.25,0.1,0.1,0.25,0.25,0.1,0.1,0.0,0.0,0.1,0.1,0.25,0.25,0.12,0.0,0.0,0.1,0.1
2266,0.1,0.1,0.1,0.1,0.25,0.25,0.25,0.25,0.0,0.0,0.1,0.1,0.25,0.25,0.12,0.0,0.0,0.1,0.1
2275,0.0,0.0,0.1,0.1,0.25,0.25,0.0,0.0,0.0,0.0,0.1,0.1,0.25,0.25,0.25,0.1,0.1,0.1,0.1
2283,0.1,0.1,0.1,0.1,0.25,0.25,0.0,0.0,0.0,0.0,0.0,0.0,0.1,0.1,0.1,0.0,0.0,0.25,0.25
2301,0.38,0.25,0.05,0.1,0.12,0.25,0.12,0.25,0.0,0.0,0.0,0.0,0.05,0.1,0.25,0.0,0.0,0.38,0.25
2309,0.0,0.0,0.12,0.25,0.12,0.25,0.05,0.1,0.0,0.0,0.0,0.0,0.0,0.0,0.1,0.0,0.0,0.0,0.0
2313,0.0,0.0,0.12,0.25,0.12,0.25,0.12,0.25,0.0,0.0,0.0,0.0,0.0,0.0,0.1,0.0,0.0,0.0,0.0
2321,0.1,0.1,0.12,0.25,0.12,0.25,0.12,0.25,0.1,0.1,0.0,0.0,0.0,0.0,0.25,0.0,0.0,0.0,0.0
2329,0.25,0.25,0.12,0.25,0.12,0.25,0.0,0.0,0.0,0.0,0.0,0.0,0.05,0.1,0.25,0.1,0.1,0.0,0.0
2335,0.38,0.25,0.25,0.25,0.25,0.25,0.0,0.0,0.0,0.0,0.0,0.0,0.1,0.1,0.25,0.15,0.1,0.0,0.0
2356,0.15,0.1,0.12,0.25,0.12,0.25,0.12,0.25,0.15,0.1,0.0,0.0,0.12,0.25,0.12,0.0,0.0,0.0,0.0
2364,0.0,0.0,0.12,0.25,0.12,0.25,0.0,0.0,0.0,0.0,0.15,0.1,0.05,0.1,0.12,0.0,0.0,0.0,0.0
2373,0.38,0.25,0.12,0.25,0.12,0.25,0.05,0.1,0.0,0.0,0.15,0.1,0.05,0.1,0.1,0.0,0.0,0.0,0.0
2381,0.15,0.1,0.12,0.25,0.12,0.25,0.12,0.25,0.0,0.0,0.15,0.1,0.05,0.1,0.25,0.15,0.1,0.0,0.0
2391,0.15,0.1,0.25,0.25,0.25,0.25,0.0,0.0,0.0,0.0,0.15,0.1,0.25,0.25,0.25,0.0,0.0,0.0,0.0
2399,0.0,0.0,0.25,0.25,0.25,0.25,0.1,0.1,0.0,0.0,0.15,0.1,0.25,0.25,0.25,0.0,0.0,0.0,0.0
2407,0.38,0.25,0.25,0.25,0.25,0.25,0.25,0.25,0.0,0.0,0.15,0.1,0.25,0.25,0.1,0.0,0.0,0.0,0.0
2415,0.0,0.0,0.25,0.25,0.25,0.25,0.25,0.25,0.0,0.0,0.15,0.1,0.25,0.25,0.25,0.15,0.1,0.0,0.0
2423,0.15,0.1,0.25,0.25,0.25,0.25,0.1,0.1,0.0,0.0,0.0,0.0,0.0,0.0,0.25,0.0,0.0,0.15,0.1
2430,0.0,0.0,0.25,0.25,0.25,0.25,0.25,0.25,0.0,0.0,0.0,0.0,0.0,0.0,0.12,0.0,0.0,0.15,0.1
2439,0.38,0.25,0.25,0.25,0.25,0.25,0.0,0.0,0.0,0.0,0.0,0.0,0.1,0.1,0.25,0.0,0.0,0.15,0.1
2447,0.15,0.1,0.25,0.25,0.25,0.25,0.1,0.1,0.0,0.0,0.0,0.0,0.1,0.1,0.25,0.0,0.0,0.15,0.1
2456,0.25,0.25,0.12,0.25,0.12,0.25,0.05,0.1,0.0,0.0,0.0,0.0,0.12,0.25,0.12,0.0,0.0,0.1,0.1
2464,0.1,0.1,0.12,0.25,0.12,0.25,0.12,0.25,0.0,0.0,0.0,0.0,0.12,0.25,0.12,0.0,0.0,0.1,0.1
2481,0.25,0.25,0.12,0.25,0.12,0.25,0.05,0.1,0.0,0.0,0.1,0.1,0.12,0.25,0.1,0.0,0.0,0.1,0.1
2509,0.15,0.1,0.12,0.25,0.12,0.25,0.05,0.1,0.0,0.0,0.0,0.0,0.05,0.1,0.1,0.0,0.0,0.38,0.25
2523,0.0,0.0,0.0,0.0,0.1,0.1,0.25,0.25,0.0,0.0,0.1,0.1,0.25,0.25,0.25,0.1,0.1,0.0,0.0
2533,0.0,0.0,0.05,0.1,0.05,0.1,0.05,0.1,0.0,0.0,0.0,0.0,0.0,0.0,0.25,0.0,0.0,0.0,0.0
2542,0.15,0.1,0.1,0.1,0.1,0.1,0.1,0.1,0.0,0.0,0.0,0.0,0.25,0.25,0.12,0.0,0.0,0.0,0.0
2550,0.0,0.0,0.1,0.1,0.1,0.1,0.25,0.25,0.0,0.0,0.0,0.0,0.25,0.25,0.12,0.0,0.0,0.0,0.0
2557,0.0,0.0,0.05,0.1,0.05,0.1,0.12,0.25,0.0,0.0,0.15,0.1,0.12,0.25,0.25,0.0,0.0,0.15,0.1
2565,0.15,0.1,0.12,0.25,0.05,0.1,0.0,0.0,0.0,0.0,0.0,0.0,0.05,0.1,0.25,0.0,0.0,0.0,0.0
2573,0.0,0.0,0.12,0.25,0.05,0.1,0.0,0.0,0.0,0.0,0.0,0.0,0.12,0.25,0.25,0.0,0.0,0.0,0.0
2582,0.15,0.1,0.25,0.25,0.1,0.1,0.25,0.25,0.0,0.0,0.0,0.0,0.25,0.25,0.05,0.0,0.0,0.0,0.0
2589,0.0,0.0,0.12,0.25,0.05,0.1,0.12,0.25,0.0,0.0,0.15,0.1,0.12,0.25,0.1,0.0,0.0,0.0,0.0
2598,0.38,0.25,0.25,0.25,0.1,0.1,0.1,0.1,0.0,0.0,0.15,0.1,0.25,0.25,0.12,0.0,0.0,0.15,0.1
2606,0.15,0.1,0.25,0.25,0.1,0.1,0.25,0.25,0.0,0.0,0.15,0.1,0.25,0.25,0.12,0.0,0.0,0.15,0.1
2616,0.25,0.25,0.0,0.0,0.12,0.25,0.05,0.1,0.0,0.0,0.0,0.0,0.0,0.0,0.12,0.0,0.0,0.0,0.0
2622,0.38,0.25,0.0,0.0,0.25,0.25,0.1,0.1,0.0,0.0,0.0,0.0,0.0,0.0,0.12,0.0,0.0,0.0,0.0
2630,0.15,0.1,0.0,0.0,0.25,0.25,0.0,0.0,0.0,0.0,0.0,0.0,0.1,0.1,0.05,0.0,0.0,0.0,0.0
2646,0.15,0.1,0.0,0.0,0.25,0.25,0.0,0.0,0.0,0.0,0.0,0.0,0.25,0.25,0.12,0.0,0.0,0.0,0.0
2654,0.0,0.0,0.0,0.0,0.25,0.25,0.1,0.1,0.0,0.0,0.0,0.0,0.25,0.25,0.12,0.0,0.0,0.0,0.0
2661,0.38,0.25,0.0,0.0,0.12,0.25,0.05,0.1,0.0,0.0,0.15,0.1,0.05,0.1,0.25,0.0,0.0,0.15,0.1
2670,0.15,0.1,0.0,0.0,0.25,0.25,0.25,0.25,0.0,0.0,0.15,0.1,0.1,0.1,0.12,0.0,0.0,0.15,0.1
2678,0.0,0.0,0.0,0.0,0.25,0.25,0.0,0.0,0.0,0.0,0.15,0.1,0.25,0.25,0.05,0.0,0.0,0.15,0.1
2686,0.38,0.25,0.0,0.0,0.25,0.25,0.25,0.25,0.0,0.0,0.15,0.1,0.25,0.25,0.05,0.0,0.0,0.15,0.1
2694,0.0,0.0,0.0,0.0,0.25,0.25,0.1,0.1,0.0,0.0,0.0,0.0,0.1,0.1,0.12,0.0,0.0,0.38,0.25
2703,0.38,0.25,0.0,0.0,0.25,0.25,0.25,0.25,0.0,0.0,0.0,0.0,0.1,0.1,0.1,0.0,0.0,0.38,0.25
2711,0.15,0.1,0.0,0.0,0.25,0.25,0.0,0.0,0.0,0.0,0.0,0.0,0.25,0.25,0.25,0.0,0.0,0.38,0.25
2720,0.1,0.1,0.05,0.1,0.12,0.25,0.12,0.25,0.0,0.0,0.0,0.0,0.0,0.0,0.05,0.0,0.0,0.0,0.0
2727,0.15,0.1,0.1,0.1,0.25,0.25,0.25,0.25,0.0,0.0,0.0,0.0,0.0,0.0,0.1,0.0,0.0,0.0,0.0
2748,0.0,0.0,0.05,0.1,0.12,0.25,0.0,0.0,0.0,0.0,0.0,0.0,0.12,0.25,0.12,0.0,0.0,0.0,0.0
2755,0.25,0.25,0.1,0.1,0.25,0.25,0.25,0.25,0.0,0.0,0.1,0.1,0.1,0.1,0.1,0.0,0.0,0.0,0.0
2763,0.25,0.25,0.1,0.1,0.25,0.25,0.25,0.25,0.0,0.0,0.1,0.1,0.25,0.25,0.1,0.0,0.0,0.0,0.0
2770,0.25,0.25,0.1,0.1,0.25,0.25,0.25,0.25,0.0,0.0,0.0,0.0,0.0,0.0,0.05,0.0,0.0,0.1,0.1
2778,0.1,0.1,0.1,0.1,0.25,0.25,0.1,0.1,0.0,0.0,0.0,0.0,0.1,0.1,0.05,0.0,0.0,0.1,0.1
2790,0.0,0.0,0.1,0.1,0.25,0.25,0.0,0.0,0.0,0.0,0.15,0.1,0.1,0.1,0.12,0.0,0.0,0.15,0.1
2798,0.15,0.1,0.1,0.1,0.25,0.25,0.0,0.0,0.0,0.0,0.15,0.1,0.25,0.25,0.12,0.0,0.0,0.15,0.1
2806,0.0,0.0,0.1,0.1,0.25,0.25,0.1,0.1,0.0,0.0,0.15,0.1,0.25,0.25,0.12,0.0,0.0,0.15,0.1
2814,0.38,0.25,0.1,0.1,0.25,0.25,0.1,0.1,0.0,0.0,0.0,0.0,0.1,0.1,0.12,0.0,0.0,0.38,0.25
2824,0.0,0.0,0.05,0.1,0.12,0.25,0.0,0.0,0.0,0.0,0.0,0.0,0.12,0.25,0.12,0.0,0.0,0.25,0.25
2833,0.1,0.1,0.05,0.1,0.12,0.25,0.12,0.25,0.0,0.0,0.0,0.0,0.12,0.25,0.1,0.0,0.0,0.25,0.25
2844,0.38,0.25,0.12,0.25,0.12,0.25,0.0,0.0,0.0,0.0,0.0,0.0,0.0,0.0,0.12,0.0,0.0,0.0,0.0
2852,0.0,0.0,0.12,0.25,0.12,0.25,0.12,0.25,0.0,0.0,0.0,0.0,0.0,0.0,0.12,0.0,0.0,0.0,0.0
2861,0.38,0.25,0.12,0.25,0.12,0.25,0.05,0.1,0.0,0.0,0.0,0.0,0.05,0.1,0.1,0.0,0.0,0.0,0.0
2870,0.15,0.1,0.25,0.25,0.25,0.25,0.0,0.0,0.0,0.0,0.0,0.0,0.25,0.25,0.12,0.0,0.0,0.0,0.0
2878,0.0,0.0,0.25,0.25,0.25,0.25,0.1,0.1,0.0,0.0,0.0,0.0,0.25,0.25,0.12,0.0,0.0,0.0,0.0
2895,0.38,0.25,0.25,0.25,0.25,0.25,0.25,0.25,0.15,0.1,0.0,0.0,0.25,0.25,0.25,0.0,0.0,0.0,0.0
2903,0.38,0.25,0.25,0.25,0.25,0.25,0.1,0.1,0.0,0.0,0.15,0.1,0.0,0.0,0.25,0.0,0.0,0.0,0.0
2911,0.15,0.1,0.25,0.25,0.25,0.25,0.25,0.25,0.0,0.0,0.15,0.1,0.0,0.0,0.25,0.0,0.0,0.0,0.0
2919,0.15,0.1,0.25,0.25,0.25,0.25,0.0,0.0,0.0,0.0,0.15,0.1,0.1,0.1,0.1,0.0,0.0,0.0,0.0
2931,0.0,0.0,0.25,0.25,0.25,0.25,0.0,0.0,0.0,0.0,0.1,0.1,0.25,0.25,0.1,0.0,0.0,0.0,0.0
2939,0.0,0.0,0.25,0.25,0.25,0.25,0.1,0.1,0.0,0.0,0.1,0.1,0.25,0.25,0.1,0.0,0.0,0.0,0.0
2947,0.0,0.0,0.25,0.25,0.25,0.25,0.25,0.25,0.0,0.0,0.1,0.1,0.25,0.25,0.0,0.0,0.0,0.0,0.0
2959,0.0,0.0,0.25,0.25,0.25,0.25,0.1,0.1,0.0,0.0,0.15,0.1,0.25,0.25,0.1,0.15,0.1,0.0,0.0
2966,0.0,0.0,0.25,0.25,0.25,0.25,0.1,0.1,0.0,0.0,0.0,0.0,0.0,0.0,0.12,0.0,0.0,0.15,0.1
2975,0.38,0.25,0.25,0.25,0.25,0.25,0.25,0.25,0.0,0.0,0.0,0.0,0.0,0.0,0.1,0.0,0.0,0.15,0.1
2983,0.38,0.25,0.25,0.25,0.25,0.25,0.25,0.25,0.0,0.0,0.0,0.0,0.1,0.1,0.25,0.0,0.0,0.15,0.1
3007,0.38,0.25,0.25,0.25,0.25,0.25,0.1,0.1,0.0,0.0,0.15,0.1,0.25,0.25,0.25,0.15,0.1,0.15,0.1
3015,0.0,0.0,0.25,0.25,0.25,0.25,0.25,0.25,0.0,0.0,0.38,0.25,0.1,0.1,0.25,0.0,0.0,0.15,0.1
3024,0.1,0.1,0.12,0.25,0.12,0.25,0.12,0.25,0.0,0.0,0.0,0.0,0.0,0.0,0.05,0.0,0.0,0.25,0.25
3036,0.15,0.1,0.12,0.25,0.12,0.25,0.0,0.0,0.0,0.0,0.0,0.0,0.05,0.1,0.12,0.0,0.0,0.38,0.25
3055,0.38,0.25,0.25,0.25,0.25,0.25,0.0,0.0,0.0,0.0,0.0,0.0,0.25,0.25,0.25,0.0,0.0,0.38,0.25
3063,0.15,0.1,0.25,0.25,0.25,0.25,0.1,0.1,0.0,0.0,0.0,0.0,0.25,0.25,0.25,0.0,0.0,0.38,0.25
3070,0.0,0.0,0.25,0.25,0.25,0.25,0.25,0.25,0.0,0.0,0.0,0.0,0.25,0.25,0.12,0.0,0.0,0.38,0.25
3087,0.38,0.25,0.25,0.25,0.0,0.0,0.25,0.25,0.0,0.0,0.0,0.0,0.25,0.25,0.25,0.0,0.0,0.0,0.0
3095,0.0,0.0,0.0,0.0,0.1,0.1,0.1,0.1,0.0,0.0,0.0,0.0,0.25,0.25,0.25,0.0,0.0,0.0,0.0
3107,0.0,0.0,0.25,0.25,0.1,0.1,0.0,0.0,0.0,0.0,0.0,0.0,0.1,0.1,0.25,0.0,0.0,0.0,0.0
3116,0.38,0.25,0.12,0.25,0.05,0.1,0.05,0.1,0.0,0.0,0.0,0.0,0.12,0.25,0.12,0.0,0.0,0.0,0.0
3125,0.15,0.1,0.12,0.25,0.05,0.1,0.12,0.25,0.0,0.0,0.0,0.0,0.12,0.25,0.25,0.0,0.0,0.0,0.0
3132,0.15,0.1,0.12,0.25,0.05,0.1,0.05,0.1,0.0,0.0,0.15,0.1,0.12,0.25,0.12,0.0,0.0,0.15,0.1
3140,0.0,0.0,0.12,0.25,0.05,0.1,0.12,0.25,0.0,0.0,0.15,0.1,0.12,0.25,0.12,0.0,0.0,0.15,0.1
3148,0.15,0.1,0.0,0.0,0.12,0.25,0.0,0.0,0.0,0.0,0.0,0.0,0.05,0.1,0.0,0.0,0.0,0.0,0.0
3156,0.38,0.25,0.0,0.0,0.12,0.25,0.05,0.1,0.0,0.0,0.0,0.0,0.05,0.1,0.12,0.0,0.0,0.0,0.0
3164,0.15,0.1,0.0,0.0,0.12,0.25,0.12,0.25,0.0,0.0,0.0,0.0,0.05,0.1,0.12,0.0,0.0,0.0,0.0
3172,0.38,0.25,0.0,0.0,0.12,0.25,0.0,0.0,0.0,0.0,0.0,0.0,0.12,0.25,0.05,0.0,0.0,0.0,0.0
3182,0.38,0.25,0.0,0.0,0.25,0.25,0.1,0.1,0.0,0.0,0.0,0.0,0.25,0.25,0.0,0.0,0.0,0.0,0.0
3190,0.38,0.25,0.0,0.0,0.25,0.25,0.1,0.1,0.0,0.0,0.0,0.0,0.25,0.25,0.12,0.15,0.1,0.0,0.0
3198,0.15,0.1,0.0,0.0,0.25,0.25,0.25,0.25,0.0,0.0,0.0,0.0,0.25,0.25,0.12,0.15,0.1,0.0,0.0
3208,0.1,0.1,0.0,0.0,0.12,0.25,0.05,0.1,0.0,0.0,0.0,0.0,0.05,0.1,0.05,0.0,0.0,0.1,0.1
3220,0.0,0.0,0.0,0.0,0.12,0.25,0.12,0.25,0.0,0.0,0.0,0.0,0.05,0.1,0.05,0.0,0.0,0.15,0.1
3230,0.0,0.0,0.0,0.0,0.25,0.25,0.0,0.0,0.0,0.0,0.0,0.0,0.25,0.25,0.12,0.0,0.0,0.15,0.1
3238,0.38,0.25,0.0,0.0,0.25,0.25,0.1,0.1,0.0,0.0,0.15,0.1,0.25,0.25,0.05,0.0,0.0,0.15,0.1
3247,0.15,0.1,0.0,0.0,0.25,0.25,0.25,0.25,0.0,0.0,0.0,0.0,0.0,0.0,0.1,0.0,0.0,0.38,0.25
3254,0.0,0.0,0.0,0.0,0.25,0.25,0.25,0.25,0.0,0.0,0.0,0.0,0.1,0.1,0.12,0.0,0.0,0.38,0.25
3262,0.38,0.25,0.1,0.1,0.25,0.25,0.0,0.0,0.0,0.0,0.0,0.0,0.0,0.0,0.12,0.0,0.0,0.0,0.0
3270,0.15,0.1,0.1,0.1,0.25,0.25,0.1,0.1,0.0,0.0,0.0,0.0,0.0,0.0,0.12,0.0,0.0,0.0,0.0
3283,0.25,0.25,0.1,0.1,0.25,0.25,0.0,0.0,0.0,0.0,0.0,0.0,0.1,0.1,0.25,0.1,0.1,0.0,0.0
3291,0.1,0.1,0.1,0.1,0.25,0.25,0.1,0.1,0.0,0.0,0.0,0.0,0.1,0.1,0.25,0.1,0.1,0.0,0.0
3298,0.25,0.25,0.1,0.1,0.25,0.25,0.0,0.0,0.0,0.0,0.0,0.0,0.25,0.25,0.05,0.0,0.0,0.0,0.0
3307,0.25,0.25,0.1,0.1,0.25,0.25,0.25,0.25,0.0,0.0,0.0,0.0,0.25,0.25,0.0,0.0,0.0,0.0,0.0
3319,0.38,0.25,0.1,0.1,0.25,0.25,0.25,0.25,0.0,0.0,0.15,0.1,0.0,0.0,0.25,0.0,0.0,0.0,0.0
3329,0.0,0.0,0.05,0.1,0.12,0.25,0.05,0.1,0.0,0.0,0.1,0.1,0.12,0.25,0.1,0.0,0.0,0.0,0.0
3343,0.0,0.0,0.1,0.1,0.25,0.25,0.25,0.25,0.0,0.0,0.15,0.1,0.25,0.25,0.0,0.0,0.0,0.0,0.0
3352,0.0,0.0,0.05,0.1,0.12,0.25,0.12,0.25,0.0,0.0,0.0,0.0,0.0,0.0,0.05,0.0,0.0,0.1,0.1
3361,0.25,0.25,0.05,0.1,0.12,0.25,0.0,0.0,0.0,0.0,0.0,0.0,0.05,0.1,0.25,0.0,0.0,0.1,0.1
3369,0.1,0.1,0.05,0.1,0.12,0.25,0.05,0.1,0.0,0.0,0.0,0.0,0.05,0.1,0.25,0.0,0.0,0.1,0.1
3377,0.0,0.0,0.05,0.1,0.12,0.25,0.12,0.25,0.0,0.0,0.0,0.0,0.05,0.1,0.25,0.0,0.0,0.1,0.1
3385,0.25,0.25,0.05,0.1,0.12,0.25,0.05,0.1,0.0,0.0,0.1,0.1,0.05,0.1,0.25,0.0,0.0,0.1,0.1
3402,0.25,0.25,0.1,0.1,0.25,0.25,0.0,0.0,0.0,0.0,0.1,0.1,0.25,0.25,0.12,0.0,0.0,0.1,0.1
3410,0.1,0.1,0.1,0.1,0.25,0.25,0.1,0.1,0.0,0.0,0.1,0.1,0.25,0.25,0.12,0.0,0.0,0.1,0.1
3418,0.0,0.0,0.1,0.1,0.25,0.25,0.25,0.25,0.0,0.0,0.1,0.1,0.25,0.25,0.12,0.0,0.0,0.1,0.1
3427,0.25,0.25,0.1,0.1,0.25,0.25,0.25,0.25,0.0,0.0,0.1,0.1,0.25,0.25,0.25,0.1,0.1,0.1,0.1
3434,0.1,0.1,0.1,0.1,0.25,0.25,0.1,0.1,0.0,0.0,0.0,0.0,0.1,0.1,0.05,0.0,0.0,0.25,0.25
3450,0.25,0.25,0.1,0.1,0.25,0.25,0.25,0.25,0.0,0.0,0.0,0.0,0.25,0.25,0.12,0.0,0.0,0.25,0.25
3467,0.0,0.0,0.25,0.25,0.25,0.25,0.0,0.0,0.0,0.0,0.0,0.0,0.0,0.0,0.1,0.0,0.0,0.0,0.0
3477,0.38,0.25,0.12,0.25,0.12,0.25,0.0,0.0,0.0,0.0,0.0,0.0,0.05,0.1,0.25,0.0,0.0,0.0,0.0
3483,0.1,0.1,0.25,0.25,0.25,0.25,0.1,0.1,0.0,0.0,0.0,0.0,0.1,0.1,0.25,0.0,0.0,0.0,0.0
3490,0.0,0.0,0.25,0.25,0.25,0.25,0.25,0.25,0.0,0.0,0.0,0.0,0.1,0.1,0.12,0.0,0.0,0.0,0.0
3497,0.25,0.25,0.12,0.25,0.12,0.25,0.05,0.1,0.0,0.0,0.0,0.0,0.12,0.25,0.0,0.1,0.1,0.0,0.0
3506,0.25,0.25,0.25,0.25,0.25,0.25,0.25,0.25,0.0,0.0,0.1,0.1,0.0,0.0,0.12,0.0,0.0,0.0,0.0
3513,0.25,0.25,0.12,0.25,0.12,0.25,0.0,0.0,0.0,0.0,0.1,0.1,0.05,0.1,0.1,0.0,0.0,0.0,0.0
3521,0.1,0.1,0.12,0.25,0.12,0.25,0.05,0.1,0.0,0.0,0.1,0.1,0.05,0.1,0.1,0.0,0.0,0.0,0.0
3529,0.25,0.25,0.12,0.25,0.12,0.25,0.12,0.25,0.0,0.0,0.1,0.1,0.05,0.1,0.25,0.0,0.0,0.0,0.0
3539,0.0,0.0,0.25,0.25,0.25,0.25,0.1,0.1,0.0,0.0,0.1,0.1,0.1,0.1,0.25,0.1,0.1,0.0,0.0
3550,0.38,0.25,0.25,0.25,0.25,0.25,0.0,0.0,0.0,0.0,0.15,0.1,0.25,0.25,0.0,0.0,0.0,0.0,0.0
3559,0.15,0.1,0.25,0.25,0.25,0.25,0.1,0.1,0.0,0.0,0.15,0.1,0.25,0.25,0.0,0.0,0.0,0.0,0.0
3569,0.1,0.1,0.12,0.25,0.12,0.25,0.12,0.25,0.0,0.0,0.0,0.0,0.0,0.0,0.25,0.0,0.0,0.1,0.1
3577,0.1,0.1,0.12,0.25,0.12,0.25,0.05,0.1,0.0,0.0,0.0,0.0,0.05,0.1,0.1,0.0,0.0,0.1,0.1
3583,0.15,0.1,0.25,0.25,0.25,0.25,0.1,0.1,0.0,0.0,0.0,0.0,0.1,0.1,0.1,0.0,0.0,0.15,0.1
3591,0.15,0.1,0.25,0.25,0.25,0.25,0.25,0.25,0.0,0.0,0.0,0.0,0.1,0.1,0.1,0.0,0.0,0.15,0.1
3598,0.38,0.25,0.25,0.25,0.25,0.25,0.25,0.25,0.0,0.0,0.0,0.0,0.25,0.25,0.12,0.0,0.0,0.15,0.1
3604,0.0,0.0,0.12,0.25,0.12,0.25,0.05,0.1,0.0,0.0,0.0,0.0,0.12,0.25,0.12,0.15,0.1,0.15,0.1
3612,0.0,0.0,0.12,0.25,0.12,0.25,0.12,0.25,0.0,0.0,0.0,0.0,0.12,0.25,0.12,0.15,0.1,0.15,0.1
3637,0.0,0.0,0.12,0.25,0.12,0.25,0.12,0.25,0.0,0.0,0.0,0.0,0.05,0.1,0.1,0.0,0.0,0.38,0.25
3645,0.38,0.25,0.12,0.25,0.12,0.25,0.0,0.0,0.0,0.0,0.38,0.25,0.12,0.25,0.25,0.0,0.0,0.38,0.25
3653,0.15,0.1,0.12,0.25,0.0,0.0,0.12,0.25,0.0,0.0,0.0,0.0,0.05,0.1,0.25,0.0,0.0,0.0,0.0
3662,0.15,0.1,0.0,0.0,0.1,0.1,0.25,0.25,0.0,0.0,0.0,0.0,0.1,0.1,0.12,0.0,0.0,0.0,0.0
3670,0.38,0.25,0.1,0.1,0.1,0.1,0.25,0.25,0.0,0.0,0.0,0.0,0.25,0.25,0.12,0.0,0.0,0.0,0.0
3677,0.0,0.0,0.12,0.25,0.05,0.1,0.0,0.0,0.0,0.0,0.0,0.0,0.0,0.0,0.25,0.0,0.0,0.0,0.0
3687,0.0,0.0,0.25,0.25,0.1,0.1,0.1,0.1,0.0,0.0,0.15,0.1,0.25,0.25,0.1,0.0,0.0,0.0,0.0
3695,0.15,0.1,0.25,0.25,0.1,0.1,0.0,0.0,0.0,0.0,0.15,0.1,0.25,0.25,0.25,0.0,0.0,0.15,0.1
3703,0.0,0.0,0.25,0.25,0.1,0.1,0.1,0.1,0.0,0.0,0.15,0.1,0.25,0.25,0.25,0.0,0.0,0.15,0.1
3710,0.38,0.25,0.0,0.0,0.25,0.25,0.0,0.0,0.0,0.0,0.0,0.0,0.1,0.1,0.12,0.0,0.0,0.0,0.0
3718,0.15,0.1,0.0,0.0,0.25,0.25,0.1,0.1,0.0,0.0,0.0,0.0,0.1,0.1,0.12,0.0,0.0,0.0,0.0
3726,0.0,0.0,0.0,0.0,0.25,0.25,0.25,0.25,0.0,0.0,0.0,0.0,0.1,0.1,0.12,0.0,0.0,0.0,0.0
3734,0.15,0.1,0.0,0.0,0.25,0.25,0.0,0.0,0.0,0.0,0.0,0.0,0.25,0.25,0.05,0.0,0.0,0.0,0.0
3745,0.25,0.25,0.0,0.0,0.12,0.25,0.12,0.25,0.0,0.0,0.0,0.0,0.12,0.25,0.25,0.0,0.0,0.0,0.0
3753,0.1,0.1,0.0,0.0,0.12,0.25,0.0,0.0,0.0,0.0,0.0,0.0,0.12,0.25,0.25,0.1,0.1,0.0,0.0
3762,0.1,0.1,0.0,0.0,0.25,0.25,0.1,0.1,0.0,0.0,0.0,0.0,0.25,0.25,0.12,0.1,0.1,0.0,0.0
3769,0.0,0.0,0.0,0.0,0.12,0.25,0.12,0.25,0.0,0.0,0.0,0.0,0.12,0.25,0.25,0.1,0.1,0.0,0.0
3776,0.1,0.1,0.0,0.0,0.12,0.25,0.0,0.0,0.0,0.0,0.0,0.0,0.05,0.1,0.12,0.0,0.0,0.1,0.1
3784,0.0,0.0,0.0,0.0,0.12,0.25,0.05,0.1,0.0,0.0,0.0,0.0,0.05,0.1,0.12,0.0,0.0,0.1,0.1
3795,0.25,0.25,0.0,0.0,0.25,0.25,0.1,0.1,0.0,0.0,0.0,0.0,0.25,0.25,0.25,0.0,0.0,0.1,0.1
3802,0.1,0.1,0.0,0.0,0.25,0.25,0.25,0.25,0.0,0.0,0.0,0.0,0.25,0.25,0.12,0.0,0.0,0.1,0.1
3810,0.1,0.1,0.0,0.0,0.25,0.25,0.0,0.0,0.0,0.0,0.1,0.1,0.1,0.1,0.12,0.0,0.0,0.1,0.1
3818,0.0,0.0,0.0,0.0,0.25,0.25,0.1,0.1,0.0,0.0,0.1,0.1,0.1,0.1,0.12,0.0,0.0,0.1,0.1
3826,0.1,0.1,0.0,0.0,0.25,0.25,0.1,0.1,0.0,0.0,0.1,0.1,0.25,0.25,0.12,0.0,0.0,0.1,0.1
3834,0.0,0.0,0.0,0.0,0.25,0.25,0.25,0.25,0.0,0.0,0.1,0.1,0.25,0.25,0.12,0.0,0.0,0.1,0.1
3842,0.0,0.0,0.0,0.0,0.25,0.25,0.1,0.1,0.0,0.0,0.0,0.0,0.1,0.1,0.05,0.0,0.0,0.25,0.25
3854,0.38,0.25,0.0,0.0,0.25,0.25,0.25,0.25,0.0,0.0,0.0,0.0,0.1,0.1,0.12,0.0,0.0,0.38,0.25
3861,0.38,0.25,0.0,0.0,0.12,0.25,0.0,0.0,0.0,0.0,0.0,0.0,0.12,0.25,0.25,0.0,0.0,0.38,0.25
3868,0.15,0.1,0.0,0.0,0.12,0.25,0.05,0.1,0.0,0.0,0.0,0.0,0.12,0.25,0.12,0.0,0.0,0.38,0.25
3886,0.38,0.25,0.1,0.1,0.25,0.25,0.1,0.1,0.0,0.0,0.0,0.0,0.0,0.0,0.12,0.0,0.0,0.0,0.0
3894,0.0,0.0,0.1,0.1,0.25,0.25,0.0,0.0,0.0,0.0,0.0,0.0,0.1,0.1,0.12,0.0,0.0,0.0,0.0
3904,0.25,0.25,0.05,0.1,0.12,0.25,0.12,0.25,0.0,0.0,0.0,0.0,0.12,0.25,0.12,0.0,0.0,0.0,0.0
3911,0.38,0.25,0.1,0.1,0.25,0.25,0.25,0.25,0.0,0.0,0.0,0.0,0.25,0.25,0.25,0.0,0.0,0.0,0.0
3919,0.15,0.1,0.1,0.1,0.25,0.25,0.0,0.0,0.0,0.0,0.0,0.0,0.25,0.25,0.25,0.15,0.1,0.0,0.0
3925,0.0,0.0,0.05,0.1,0.12,0.25,0.05,0.1,0.0,0.0,0.0,0.0,0.12,0.25,0.25,0.15,0.1,0.0,0.0
3933,0.15,0.1,0.05,0.1,0.12,0.25,0.05,0.1,0.0,0.0,0.15,0.1,0.05,0.1,0.1,0.0,0.0,0.0,0.0
3941,0.0,0.0,0.05,0.1,0.12,0.25,0.12,0.25,0.0,0.0,0.15,0.1,0.05,0.1,0.1,0.0,0.0,0.0,0.0
3949,0.0,0.0,0.05,0.1,0.12,0.25,0.0,0.0,0.0,0.0,0.15,0.1,0.12,0.25,0.1,0.0,0.0,0.0,0.0
3957,0.15,0.1,0.05,0.1,0.12,0.25,0.05,0.1,0.0,0.0,0.15,0.1,0.12,0.25,0.0,0.0,0.0,0.0,0.0
3965,0.15,0.1,0.05,0.1,0.12,0.25,0.12,0.25,0.0,0.0,0.15,0.1,0.12,0.25,0.1,0.0,0.0,0.0,0.0
3973,0.15,0.1,0.05,0.1,0.12,0.25,0.12,0.25,0.0,0.0,0.0,0.0,0.0,0.0,0.1,0.0,0.0,0.15,0.1
3981,0.15,0.1,0.05,0.1,0.12,0.25,0.0,0.0,0.0,0.0,0.0,0.0,0.12,0.25,0.25,0.0,0.0,0.15,0.1
3989,0.0,0.0,0.05,0.1,0.12,0.25,0.05,0.1,0.0,0.0,0.0,0.0,0.12,0.25,0.25,0.0,0.0,0.15,0.1
3999,0.38,0.25,0.1,0.1,0.25,0.25,0.0,0.0,0.0,0.0,0.15,0.1,0.1,0.1,0.25,0.0,0.0,0.15,0.1
4007,0.15,0.1,0.1,0.1,0.25,0.25,0.1,0.1,0.0,0.0,0.15,0.1,0.1,0.1,0.25,0.0,0.0,0.15,0.1
4024,0.25,0.25,0.05,0.1,0.12,0.25,0.12,0.25,0.0,0.0,0.1,0.1,0.12,0.25,0.12,0.0,0.0,0.1,0.1
4033,0.0,0.0,0.05,0.1,0.12,0.25,0.05,0.1,0.0,0.0,0.1,0.1,0.12,0.25,0.25,0.1,0.1,0.1,0.1
4047,0.0,0.0,0.1,0.1,0.25,0.25,0.1,0.1,0.0,0.0,0.0,0.0,0.0,0.0,0.1,0.0,0.0,0.38,0.25
4058,0.25,0.25,0.1,0.1,0.25,0.25,0.0,0.0,0.0,0.0,0.0,0.0,0.25,0.25,0.12,0.0,0.0,0.25,0.25
4062,0.38,0.25,0.1,0.1,0.25,0.25,0.0,0.0,0.0,0.0,0.0,0.0,0.25,0.25,0.12,0.0,0.0,0.38,0.25
4070,0.15,0.1,0.1,0.1,0.25,0.25,0.1,0.1,0.0,0.0,0.0,0.0,0.25,0.25,0.12,0.0,0.0,0.38,0.25
4079,0.0,0.0,0.1,0.1,0.25,0.25,0.25,0.25,0.0,0.0,0.0,0.0,0.25,0.25,0.25,0.0,0.0,0.38,0.25
4087,0.15,0.1,0.25,0.25,0.25,0.25,0.0,0.0,0.0,0.0,0.0,0.0,0.0,0.0,0.25,0.0,0.0,0.0,0.0
4095,0.38,0.25,0.25,0.25,0.25,0.25,0.1,0.1,0.0,0.0,0.0,0.0,0.0,0.0,0.1,0.0,0.0,0.0,0.0
4104,0.0,0.0,0.12,0.25,0.12,0.25,0.05,0.1,0.0,0.0,0.0,0.0,0.05,0.1,0.12,0.0,0.0,0.0,0.0
4112,0.25,0.25,0.12,0.25,0.12,0.25,0.12,0.25,0.0,0.0,0.0,0.0,0.05,0.1,0.05,0.0,0.0,0.0,0.0
4119,0.38,0.25,0.25,0.25,0.25,0.25,0.25,0.25,0.0,0.0,0.0,0.0,0.1,0.1,0.1,0.0,0.0,0.0,0.0
4128,0.1,0.1,0.12,0.25,0.12,0.25,0.12,0.25,0.0,0.0,0.0,0.0,0.12,0.25,0.12,0.0,0.0,0.0,0.0
4136,0.0,0.0,0.12,0.25,0.12,0.25,0.0,0.0,0.0,0.0,0.0,0.0,0.12,0.25,0.12,0.1,0.1,0.0,0.0
4143,0.0,0.0,0.25,0.25,0.25,0.25,0.0,0.0,0.0,0.0,0.0,0.0,0.25,0.25,0.25,0.15,0.1,0.0,0.0
4157,0.0,0.0,0.12,0.25,0.12,0.25,0.0,0.0,0.0,0.0,0.15,0.1,0.05,0.1,0.0,0.0,0.0,0.0,0.0
4167,0.38,0.25,0.25,0.25,0.25,0.25,0.0,0.0,0.0,0.0,0.15,0.1,0.1,0.1,0.25,0.0,0.0,0.0,0.0
4175,0.0,0.0,0.25,0.25,0.25,0.25,0.1,0.1,0.0,0.0,0.15,0.1,0.1,0.1,0.25,0.0,0.0,0.0,0.0
4194,0.1,0.1,0.25,0.25,0.25,0.25,0.1,0.1,0.0,0.0,0.1,0.1,0.25,0.25,0.12,0.0,0.0,0.0,0.0
4202,0.0,0.0,0.25,0.25,0.25,0.25,0.25,0.25,0.0,0.0,0.1,0.1,0.25,0.25,0.12,0.0,0.0,0.0,0.0
4209,0.0,0.0,0.12,0.25,0.12,0.25,0.12,0.25,0.0,0.0,0.1,0.1,0.12,0.25,0.1,0.1,0.1,0.0,0.0
4219,0.1,0.1,0.25,0.25,0.25,0.25,0.1,0.1,0.0,0.0,0.0,0.0,0.0,0.0,0.1,0.0,0.0,0.1,0.1
4225,0.0,0.0,0.12,0.25,0.12,0.25,0.12,0.25,0.0,0.0,0.0,0.0,0.0,0.0,0.1,0.0,0.0,0.1,0.1
4233,0.0,0.0,0.12,0.25,0.12,0.25,0.0,0.0,0.0,0.0,0.0,0.0,0.05,0.1,0.25,0.0,0.0,0.1,0.1
4241,0.25,0.25,0.12,0.25,0.12,0.25,0.05,0.1,0.0,0.0,0.0,0.0,0.05,0.1,0.1,0.0,0.0,0.1,0.1
4250,0.0,0.0,0.25,0.25,0.25,0.25,0.25,0.25,0.0,0.0,0.0,0.0,0.1,0.1,0.05,0.0,0.0,0.1,0.1
4266,0.0,0.0,0.25,0.25,0.25,0.25,0.0,0.0,0.0,0.0,0.1,0.1,0.1,0.1,0.12,0.0,0.0,0.1,0.1
4274,0.0,0.0,0.25,0.25,0.25,0.25,0.0,0.0,0.0,0.0,0.1,0.1,0.25,0.25,0.12,0.0,0.0,0.1,0.1
4288,0.25,0.25,0.12,0.25,0.12,0.25,0.0,0.0,0.0,0.0,0.1,0.1,0.12,0.25,0.12,0.1,0.1,0.1,0.1
4295,0.38,0.25,0.25,0.25,0.25,0.25,0.0,0.0,0.0,0.0,0.15,0.1,0.25,0.25,0.25,0.15,0.1,0.15,0.1
4302,0.15,0.1,0.25,0.25,0.25,0.25,0.1,0.1,0.0,0.0,0.15,0.1,0.25,0.25,0.12,0.15,0.1,0.15,0.1
4312,0.0,0.0,0.12,0.25,0.12,0.25,0.12,0.25,0.0,0.0,0.0,0.0,0.0,0.0,0.12,0.0,0.0,0.25,0.25
4330,0.1,0.1,0.25,0.25,0.25,0.25,0.25,0.25,0.0,0.0,0.0,0.0,0.1,0.1,0.12,0.0,0.0,0.25,0.25
4338,0.1,0.1,0.25,0.25,0.25,0.25,0.1,0.1,0.0,0.0,0.0,0.0,0.25,0.25,0.05,0.0,0.0,0.25,0.25
4360,0.1,0.1,0.12,0.25,0.0,0.0,0.12,0.25,0.0,0.0,0.0,0.0,0.12,0.25,0.12,0.0,0.0,0.0,0.0
4365,0.15,0.1,0.12,0.25,0.0,0.0,0.12,0.25,0.0,0.0,0.0,0.0,0.12,0.25,0.25,0.0,0.0,0.0,0.0
4374,0.15,0.1,0.0,0.0,0.1,0.1,0.25,0.25,0.0,0.0,0.0,0.0,0.25,0.25,0.12,0.0,0.0,0.0,0.0
4382,0.15,0.1,0.1,0.1,0.1,0.1,0.1,0.1,0.0,0.0,0.0,0.0,0.1,0.1,0.12,0.0,0.0,0.0,0.0
4389,0.0,0.0,0.05,0.1,0.05,0.1,0.12,0.25,0.0,0.0,0.0,0.0,0.05,0.1,0.25,0.0,0.0,0.0,0.0
4398,0.15,0.1,0.1,0.1,0.1,0.1,0.25,0.25,0.0,0.0,0.15,0.1,0.25,0.25,0.12,0.0,0.0,0.15,0.1
4407,0.0,0.0,0.25,0.25,0.1,0.1,0.1,0.1,0.0,0.0,0.0,0.0,0.1,0.1,0.25,0.0,0.0,0.0,0.0
4415,0.15,0.1,0.25,0.25,0.1,0.1,0.1,0.1,0.0,0.0,0.0,0.0,0.25,0.25,0.1,0.0,0.0,0.0,0.0
4422,0.0,0.0,0.25,0.25,0.1,0.1,0.25,0.25,0.0,0.0,0.15,0.1,0.0,0.0,0.12,0.0,0.0,0.0,0.0
4432,0.1,0.1,0.12,0.25,0.05,0.1,0.12,0.25,0.0,0.0,0.0,0.0,0.12,0.25,0.05,0.0,0.0,0.1,0.1
4442,0.0,0.0,0.0,0.0,0.25,0.25,0.0,0.0,0.0,0.0,0.0,0.0,0.1,0.1,0.12,0.0,0.0,0.0,0.0
4450,0.25,0.25,0.0,0.0,0.25,0.25,0.0,0.0,0.0,0.0,0.0,0.0,0.25,0.25,0.0,0.0,0.0,0.0,0.0
4462,0.38,0.25,0.0,0.0,0.25,0.25,0.25,0.25,0.0,0.0,0.0,0.0,0.25,0.25,0.0,0.0,0.0,0.0,0.0
4472,0.0,0.0,0.0,0.0,0.12,0.25,0.12,0.25,0.0,0.0,0.1,0.1,0.12,0.25,0.05,0.0,0.0,0.0,0.0
4480,0.0,0.0,0.0,0.0,0.12,0.25,0.12,0.25,0.0,0.0,0.0,0.0,0.0,0.0,0.05,0.0,0.0,0.1,0.1
4489,0.25,0.25,0.0,0.0,0.12,0.25,0.0,0.0,0.0,0.0,0.0,0.0,0.05,0.1,0.25,0.0,0.0,0.1,0.1
4499,0.1,0.1,0.0,0.0,0.25,0.25,0.1,0.1,0.0,0.0,0.0,0.0,0.1,0.1,0.25,0.0,0.0,0.1,0.1
4506,0.0,0.0,0.0,0.0,0.25,0.25,0.25,0.25,0.0,0.0,0.0,0.0,0.1,0.1,0.12,0.0,0.0,0.1,0.1
4515,0.25,0.25,0.0,0.0,0.25,0.25,0.0,0.0,0.0,0.0,0.0,0.0,0.25,0.25,0.25,0.0,0.0,0.1,0.1
4522,0.1,0.1,0.0,0.0,0.25,0.25,0.1,0.1,0.0,0.0,0.0,0.0,0.25,0.25,0.12,0.0,0.0,0.1,0.1
4531,0.0,0.0,0.0,0.0,0.25,0.25,0.25,0.25,0.0,0.0,0.0,0.0,0.25,0.25,0.25,0.0,0.0,0.1,0.1
4538,0.25,0.25,0.0,0.0,0.25,0.25,0.0,0.0,0.0,0.0,0.1,0.1,0.25,0.25,0.05,0.0,0.0,0.1,0.1
4550,0.0,0.0,0.0,0.0,0.25,0.25,0.1,0.1,0.0,0.0,0.15,0.1,0.25,0.25,0.05,0.0,0.0,0.15,0.1
4566,0.38,0.25,0.0,0.0,0.25,0.25,0.25,0.25,0.0,0.0,0.15,0.1,0.25,0.25,0.12,0.0,0.0,0.15,0.1
4573,0.0,0.0,0.0,0.0,0.12,0.25,0.12,0.25,0.0,0.0,0.15,0.1,0.12,0.25,0.25,0.15,0.1,0.15,0.1
4599,0.38,0.25,0.0,0.0,0.25,0.25,0.1,0.1,0.0,0.0,0.0,0.0,0.25,0.25,0.25,0.0,0.0,0.38,0.25
4607,0.15,0.1,0.0,0.0,0.25,0.25,0.25,0.25,0.0,0.0,0.0,0.0,0.25,0.25,0.25,0.0,0.0,0.38,0.25
4614,0.15,0.1,0.1,0.1,0.25,0.25,0.0,0.0,0.0,0.0,0.0,0.0,0.1,0.1,0.12,0.0,0.0,0.0,0.0
4623,0.0,0.0,0.1,0.1,0.25,0.25,0.1,0.1,0.0,0.0,0.0,0.0,0.1,0.1,0.25,0.0,0.0,0.0,0.0
4629,0.38,0.25,0.05,0.1,0.12,0.25,0.05,0.1,0.0,0.0,0.0,0.0,0.05,0.1,0.25,0.15,0.1,0.0,0.0
4638,0.38,0.25,0.1,0.1,0.25,0.25,0.0,0.0,0.0,0.0,0.0,0.0,0.25,0.25,0.12,0.15,0.1,0.0,0.0
4648,0.0,0.0,0.05,0.1,0.12,0.25,0.12,0.25,0.0,0.0,0.1,0.1,0.0,0.0,0.12,0.0,0.0,0.0,0.0
4656,0.0,0.0,0.05,0.1,0.12,0.25,0.05,0.1,0.0,0.0,0.1,0.1,0.05,0.1,0.05,0.0,0.0,0.0,0.0
4679,0.38,0.25,0.1,0.1,0.25,0.25,0.25,0.25,0.0,0.0,0.15,0.1,0.1,0.1,0.25,0.0,0.0,0.0,0.0
4689,0.0,0.0,0.05,0.1,0.12,0.25,0.0,0.0,0.0,0.0,0.1,0.1,0.12,0.25,0.25,0.1,0.1,0.0,0.0
4697,0.0,0.0,0.05,0.1,0.12,0.25,0.0,0.0,0.0,0.0,0.0,0.0,0.05,0.1,0.25,0.0,0.0,0.1,0.1
4706,0.25,0.25,0.1,0.1,0.25,0.25,0.1,0.1,0.0,0.0,0.0,0.0,0.1,0.1,0.05,0.0,0.0,0.1,0.1
4715,0.1,0.1,0.1,0.1,0.25,0.25,0.25,0.25,0.0,0.0,0.0,0.0,0.1,0.1,0.1,0.0,0.0,0.1,0.1
4721,0.25,0.25,0.05,0.1,0.12,0.25,0.12,0.25,0.0,0.0,0.0,0.0,0.12,0.25,0.25,0.0,0.0,0.1,0.1
4727,0.38,0.25,0.1,0.1,0.25,0.25,0.25,0.25,0.0,0.0,0.0,0.0,0.25,0.25,0.25,0.0,0.0,0.15,0.1
4734,0.15,0.1,0.1,0.1,0.25,0.25,0.0,0.0,0.0,0.0,0.15,0.1,0.1,0.1,0.12,0.0,0.0,0.15,0.1
4746,0.0,0.0,0.1,0.1,0.25,0.25,0.0,0.0,0.0,0.0,0.1,0.1,0.25,0.25,0.12,0.0,0.0,0.1,0.1
4754,0.25,0.25,0.1,0.1,0.25,0.25,0.1,0.1,0.0,0.0,0.1,0.1,0.25,0.25,0.05,0.0,0.0,0.1,0.1
4762,0.1,0.1,0.1,0.1,0.25,0.25,0.25,0.25,0.0,0.0,0.1,0.1,0.25,0.25,0.12,0.1,0.1,0.1,0.1
4776,0.1,0.1,0.05,0.1,0.12,0.25,0.0,0.0,0.0,0.0,0.0,0.0,0.05,0.1,0.12,0.0,0.0,0.25,0.25
4784,0.0,0.0,0.05,0.1,0.12,0.25,0.05,0.1,0.0,0.0,0.0,0.0,0.05,0.1,0.12,0.0,0.0,0.25,0.25
4793,0.25,0.25,0.05,0.1,0.12,0.25,0.12,0.25,0.0,0.0,0.0,0.0,0.05,0.1,0.1,0.0,0.0,0.25,0.25
4803,0.1,0.1,0.1,0.1,0.25,0.25,0.1,0.1,0.0,0.0,0.0,0.0,0.25,0.25,0.1,0.0,0.0,0.25,0.25
4817,0.1,0.1,0.12,0.25,0.12,0.25,0.12,0.25,0.0,0.0,0.0,0.0,0.0,0.0,0.25,0.0,0.0,0.0,0.0
4823,0.15,0.1,0.25,0.25,0.25,0.25,0.25,0.25,0.0,0.0,0.0,0.0,0.0,0.0,0.25,0.0,0.0,0.0,0.0
4831,0.38,0.25,0.25,0.25,0.25,0.25,0.1,0.1,0.0,0.0,0.0,0.0,0.1,0.1,0.25,0.0,0.0,0.0,0.0
4838,0.15,0.1,0.25,0.25,0.25,0.25,0.25,0.25,0.0,0.0,0.0,0.0,0.1,0.1,0.12,0.0,0.0,0.0,0.0
4845,0.0,0.0,0.12,0.25,0.12,0.25,0.0,0.0,0.0,0.0,0.0,0.0,0.05,0.1,0.25,0.15,0.1,0.0,0.0
4853,0.0,0.0,0.12,0.25,0.12,0.25,0.0,0.0,0.0,0.0,0.0,0.0,0.12,0.25,0.25,0.0,0.0,0.0,0.0
4860,0.0,0.0,0.12,0.25,0.12,0.25,0.0,0.0,0.0,0.0,0.15,0.1,0.05,0.1,0.05,0.0,0.0,0.0,0.0
4873,0.25,0.25,0.12,0.25,0.12,0.25,0.05,0.1,0.0,0.0,0.1,0.1,0.05,0.1,0.25,0.0,0.0,0.0,0.0
4882,0.1,0.1,0.25,0.25,0.25,0.25,0.25,0.25,0.0,0.0,0.1,0.1,0.1,0.1,0.12,0.0,0.0,0.0,0.0
4889,0.1,0.1,0.12,0.25,0.12,0.25,0.0,0.0,0.0,0.0,0.1,0.1,0.12,0.25,0.1,0.0,0.0,0.0,0.0
4897,0.25,0.25,0.12,0.25,0.12,0.25,0.05,0.1,0.0,0.0,0.1,0.1,0.12,0.25,0.0,0.0,0.0,0.0,0.0
4905,0.0,0.0,0.12,0.25,0.12,0.25,0.12,0.25,0.0,0.0,0.1,0.1,0.12,0.25,0.1,0.0,0.0,0.0,0.0
4913,0.25,0.25,0.12,0.25,0.12,0.25,0.12,0.25,0.0,0.0,0.1,0.1,0.12,0.25,0.25,0.0,0.0,0.0,0.0
4922,0.1,0.1,0.25,0.25,0.25,0.25,0.25,0.25,0.0,0.0,0.1,0.1,0.25,0.25,0.12,0.1,0.1,0.0,0.0
4926,0.15,0.1,0.25,0.25,0.25,0.25,0.25,0.25,0.0,0.0,0.15,0.1,0.25,0.25,0.12,0.15,0.1,0.0,0.0
4933,0.15,0.1,0.12,0.25,0.12,0.25,0.12,0.25,0.0,0.0,0.0,0.0,0.0,0.0,0.0,0.0,0.0,0.15,0.1
4942,0.15,0.1,0.25,0.25,0.25,0.25,0.0,0.0,0.0,0.0,0.0,0.0,0.1,0.1,0.12,0.0,0.0,0.15,0.1
4950,0.0,0.0,0.25,0.25,0.25,0.25,0.1,0.1,0.0,0.0,0.0,0.0,0.1,0.1,0.12,0.0,0.0,0.15,0.1
4957,0.38,0.25,0.12,0.25,0.12,0.25,0.12,0.25,0.0,0.0,0.0,0.0,0.05,0.1,0.1,0.0,0.0,0.15,0.1
4965,0.0,0.0,0.12,0.25,0.12,0.25,0.0,0.0,0.0,0.0,0.0,0.0,0.12,0.25,0.25,0.0,0.0,0.15,0.1
4974,0.0,0.0,0.25,0.25,0.25,0.25,0.1,0.1,0.0,0.0,0.0,0.0,0.25,0.25,0.12,0.0,0.0,0.15,0.1
4982,0.38,0.25,0.25,0.25,0.25,0.25,0.25,0.25,0.0,0.0,0.0,0.0,0.25,0.25,0.12,0.15,0.1,0.15,0.1
4993,0.25,0.25,0.12,0.25,0.12,0.25,0.0,0.0,0.0,0.0,0.1,0.1,0.12,0.25,0.25,0.0,0.0,0.1,0.1
5000,0.1,0.1,0.12,0.25,0.12,0.25,0.05,0.1,0.0,0.0,0.1,0.1,0.12,0.25,0.12,0.0,0.0,0.1,0.1
5008,0.0,0.0,0.12,0.25,0.12,0.25,0.12,0.25,0.0,0.0,0.1,0.1,0.12,0.25,0.12,0.0,0.0,0.1,0.1
5016,0.25,0.25,0.12,0.25,0.12,0.25,0.05,0.1,0.0,0.0,0.0,0.0,0.05,0.1,0.12,0.0,0.0,0.25,0.25
5024,0.25,0.25,0.12,0.25,0.12,0.25,0.12,0.25,0.0,0.0,0.0,0.0,0.05,0.1,0.12,0.0,0.0,0.25,0.25
5035,0.25,0.25,0.25,0.25,0.25,0.25,0.1,0.1,0.0,0.0,0.0,0.0,0.25,0.25,0.25,0.0,0.0,0.25,0.25
5042,0.1,0.1,0.25,0.25,0.25,0.25,0.25,0.25,0.0,0.0,0.0,0.0,0.25,0.25,0.12,0.0,0.0,0.25,0.25
5051,0.1,0.1,0.25,0.25,0.25,0.25,0.0,0.0,0.0,0.0,0.25,0.25,0.25,0.25,0.25,0.0,0.0,0.25,0.25
