0,0.0,0.0,0.0,0.0,0.05,0.1,0.0,0.0,0.0,0.0,0.0,0.0,0.12,0.25,0.05,0.0,0.0,0.0,0.0
2,0.0,0.0,0.0,0.0,0.1,0.1,0.0,0.0,0.0,0.0,0.0,0.0,0.25,0.25,0.05,0.0,0.0,0.0,0.0
7,0.0,0.0,0.0,0.0,0.1,0.1,0.0,0.0,0.0,0.0,0.0,0.0,0.25,0.25,0.1,0.0,0.0,0.0,0.0
15,0.15,0.1,0.1,0.1,0.1,0.1,0.25,0.25,0.0,0.0,0.0,0.0,0.1,0.1,0.25,0.0,0.0,0.0,0.0
22,0.38,0.25,0.1,0.1,0.1,0.1,0.0,0.0,0.0,0.0,0.0,0.0,0.25,0.25,0.05,0.0,0.0,0.0,0.0
29,0.15,0.1,0.12,0.25,0.05,0.1,0.0,0.0,0.0,0.0,0.0,0.0,0.0,0.0,0.25,0.0,0.0,0.0,0.0
36,0.38,0.25,0.12,0.25,0.05,0.1,0.05,0.1,0.0,0.0,0.0,0.0,0.05,0.1,0.12,0.0,0.0,0.0,0.0
43,0.1,0.1,0.25,0.25,0.1,0.1,0.25,0.25,0.0,0.0,0.0,0.0,0.1,0.1,0.25,0.0,0.0,0.0,0.0
51,0.1,0.1,0.25,0.25,0.1,0.1,0.1,0.1,0.0,0.0,0.1,0.1,0.25,0.25,0.1,0.0,0.0,0.0,0.0
59,0.0,0.0,0.25,0.25,0.1,0.1,0.25,0.25,0.0,0.0,0.0,0.0,0.25,0.25,0.1,0.0,0.0,0.1,0.1
68,0.0,0.0,0.12,0.25,0.05,0.1,0.12,0.25,0.0,0.0,0.0,0.0,0.12,0.25,0.12,0.0,0.0,0.38,0.25
75,0.0,0.0,0.0,0.0,0.25,0.25,0.0,0.0,0.0,0.0,0.0,0.0,0.0,0.0,0.25,0.0,0.0,0.0,0.0
84,0.0,0.0,0.0,0.0,0.12,0.25,0.05,0.1,0.0,0.0,0.0,0.0,0.0,0.0,0.12,0.0,0.0,0.0,0.0
92,0.38,0.25,0.0,0.0,0.12,0.25,0.0,0.0,0.0,0.0,0.0,0.0,0.05,0.1,0.05,0.0,0.0,0.0,0.0
100,0.0,0.0,0.0,0.0,0.12,0.25,0.12,0.25,0.0,0.0,0.0,0.0,0.05,0.1,0.12,0.15,0.1,0.0,0.0
108,0.0,0.0,0.0,0.0,0.12,0.25,0.0,0.0,0.0,0.0,0.0,0.0,0.12,0.25,0.12,0.0,0.0,0.0,0.0
116,0.38,0.25,0.0,0.0,0.12,0.25,0.05,0.1,0.0,0.0,0.0,0.0,0.12,0.25,0.05,0.0,0.0,0.0,0.0
124,0.0,0.0,0.0,0.0,0.12,0.25,0.12,0.25,0.0,0.0,0.15,0.1,0.05,0.1,0.05,0.0,0.0,0.0,0.0
133,0.15,0.1,0.0,0.0,0.12,0.25,0.12,0.25,0.0,0.0,0.0,0.0,0.0,0.0,0.1,0.0,0.0,0.15,0.1
140,0.15,0.1,0.0,0.0,0.12,0.25,0.0,0.0,0.0,0.0,0.0,0.0,0.12,0.25,0.12,0.0,0.0,0.15,0.1
147,0.0,0.0,0.0,0.0,0.25,0.25,0.1,0.1,0.0,0.0,0.0,0.0,0.25,0.25,0.25,0.0,0.0,0.1,0.1
156,0.38,0.25,0.0,0.0,0.12,0.25,0.0,0.0,0.0,0.0,0.15,0.1,0.05,0.1,0.12,0.0,0.0,0.15,0.1
165,0.15,0.1,0.0,0.0,0.12,0.25,0.05,0.1,0.0,0.0,0.15,0.1,0.05,0.1,0.25,0.0,0.0,0.15,0.1
173,0.0,0.0,0.0,0.0,0.12,0.25,0.12,0.25,0.0,0.0,0.15,0.1,0.05,0.1,0.25,0.0,0.0,0.15,0.1
180,0.0,0.0,0.0,0.0,0.12,0.25,0.0,0.0,0.0,0.0,0.15,0.1,0.12,0.25,0.12,0.0,0.0,0.15,0.1
188,0.15,0.1,0.0,0.0,0.12,0.25,0.05,0.1,0.0,0.0,0.15,0.1,0.12,0.25,0.05,0.0,0.0,0.15,0.1
216,0.1,0.1,0.05,0.1,0.12,0.25,0.0,0.0,0.0,0.0,0.0,0.0,0.0,0.0,0.12,0.0,0.0,0.0,0.0
222,0.15,0.1,0.1,0.1,0.25,0.25,0.0,0.0,0.0,0.0,0.0,0.0,0.0,0.0,0.12,0.0,0.0,0.0,0.0
230,0.0,0.0,0.1,0.1,0.25,0.25,0.1,0.1,0.0,0.0,0.0,0.0,0.0,0.0,0.12,0.0,0.0,0.0,0.0
238,0.38,0.25,0.1,0.1,0.25,0.25,0.1,0.1,0.0,0.0,0.0,0.0,0.1,0.1,0.12,0.0,0.0,0.0,0.0
246,0.15,0.1,0.1,0.1,0.25,0.25,0.25,0.25,0.0,0.0,0.0,0.0,0.1,0.1,0.12,0.0,0.0,0.0,0.0
253,0.0,0.0,0.05,0.1,0.12,0.25,0.0,0.0,0.0,0.0,0.0,0.0,0.05,0.1,0.25,0.15,0.1,0.0,0.0
261,0.38,0.25,0.05,0.1,0.12,0.25,0.05,0.1,0.0,0.0,0.0,0.0,0.12,0.25,0.25,0.0,0.0,0.0,0.0
268,0.15,0.1,0.05,0.1,0.12,0.25,0.12,0.25,0.0,0.0,0.0,0.0,0.12,0.25,0.12,0.0,0.0,0.0,0.0
276,0.0,0.0,0.05,0.1,0.12,0.25,0.0,0.0,0.0,0.0,0.0,0.0,0.12,0.25,0.12,0.15,0.1,0.0,0.0
284,0.0,0.0,0.05,0.1,0.12,0.25,0.0,0.0,0.0,0.0,0.15,0.1,0.05,0.1,0.05,0.0,0.0,0.0,0.0
291,0.1,0.1,0.1,0.1,0.25,0.25,0.25,0.25,0.0,0.0,0.1,0.1,0.1,0.1,0.25,0.0,0.0,0.0,0.0
300,0.38,0.25,0.05,0.1,0.12,0.25,0.0,0.0,0.0,0.0,0.15,0.1,0.12,0.25,0.05,0.0,0.0,0.0,0.0
308,0.38,0.25,0.05,0.1,0.12,0.25,0.05,0.1,0.0,0.0,0.15,0.1,0.12,0.25,0.05,0.0,0.0,0.0,0.0
316,0.0,0.0,0.05,0.1,0.12,0.25,0.12,0.25,0.0,0.0,0.0,0.0,0.0,0.0,0.12,0.0,0.0,0.15,0.1
325,0.38,0.25,0.05,0.1,0.12,0.25,0.12,0.25,0.0,0.0,0.0,0.0,0.05,0.1,0.25,0.0,0.0,0.15,0.1
333,0.0,0.0,0.05,0.1,0.12,0.25,0.0,0.0,0.0,0.0,0.0,0.0,0.12,0.25,0.25,0.0,0.0,0.15,0.1
344,0.25,0.25,0.05,0.1,0.12,0.25,0.0,0.0,0.0,0.0,0.1,0.1,0.12,0.25,0.05,0.0,0.0,0.1,0.1
351,0.38,0.25,0.1,0.1,0.25,0.25,0.0,0.0,0.0,0.0,0.15,0.1,0.25,0.25,0.1,0.0,0.0,0.15,0.1
359,0.15,0.1,0.1,0.1,0.25,0.25,0.1,0.1,0.0,0.0,0.0,0.0,0.1,0.1,0.25,0.0,0.0,0.38,0.25
366,0.0,0.0,0.1,0.1,0.25,0.25,0.25,0.25,0.0,0.0,0.0,0.0,0.1,0.1,0.12,0.0,0.0,0.38,0.25
374,0.15,0.1,0.1,0.1,0.25,0.25,0.0,0.0,0.0,0.0,0.0,0.0,0.25,0.25,0.12,0.0,0.0,0.38,0.25
399,0.38,0.25,0.25,0.25,0.25,0.25,0.25,0.25,0.0,0.0,0.0,0.0,0.0,0.0,0.25,0.0,0.0,0.0,0.0
406,0.0,0.0,0.25,0.25,0.25,0.25,0.25,0.25,0.15,0.1,0.0,0.0,0.0,0.0,0.12,0.0,0.0,0.0,0.0
414,0.38,0.25,0.25,0.25,0.25,0.25,0.25,0.25,0.0,0.0,0.0,0.0,0.1,0.1,0.12,0.0,0.0,0.0,0.0
420,0.15,0.1,0.12,0.25,0.12,0.25,0.0,0.0,0.0,0.0,0.0,0.0,0.05,0.1,0.12,0.15,0.1,0.0,0.0
428,0.38,0.25,0.12,0.25,0.12,0.25,0.0,0.0,0.0,0.0,0.0,0.0,0.12,0.25,0.12,0.15,0.1,0.0,0.0
437,0.15,0.1,0.12,0.25,0.12,0.25,0.0,0.0,0.0,0.0,0.15,0.1,0.0,0.0,0.25,0.0,0.0,0.0,0.0
445,0.0,0.0,0.12,0.25,0.12,0.25,0.05,0.1,0.0,0.0,0.15,0.1,0.0,0.0,0.25,0.0,0.0,0.0,0.0
459,0.25,0.25,0.25,0.25,0.25,0.25,0.0,0.0,0.0,0.0,0.1,0.1,0.25,0.25,0.1,0.0,0.0,0.0,0.0
467,0.1,0.1,0.25,0.25,0.25,0.25,0.1,0.1,0.0,0.0,0.1,0.1,0.25,0.25,0.1,0.0,0.0,0.0,0.0
479,0.15,0.1,0.25,0.25,0.25,0.25,0.25,0.25,0.0,0.0,0.15,0.1,0.25,0.25,0.0,0.0,0.0,0.0,0.0
488,0.25,0.25,0.12,0.25,0.12,0.25,0.12,0.25,0.1,0.1,0.1,0.1,0.12,0.25,0.05,0.0,0.0,0.0,0.0
495,0.38,0.25,0.25,0.25,0.25,0.25,0.25,0.25,0.15,0.1,0.15,0.1,0.25,0.25,0.1,0.0,0.0,0.0,0.0
505,0.25,0.25,0.12,0.25,0.12,0.25,0.0,0.0,0.0,0.0,0.0,0.0,0.12,0.25,0.25,0.0,0.0,0.1,0.1
509,0.38,0.25,0.12,0.25,0.12,0.25,0.0,0.0,0.0,0.0,0.0,0.0,0.12,0.25,0.25,0.0,0.0,0.15,0.1
516,0.15,0.1,0.12,0.25,0.12,0.25,0.05,0.1,0.0,0.0,0.0,0.0,0.12,0.25,0.12,0.0,0.0,0.15,0.1
523,0.0,0.0,0.25,0.25,0.25,0.25,0.25,0.25,0.0,0.0,0.0,0.0,0.25,0.25,0.25,0.0,0.0,0.1,0.1
532,0.15,0.1,0.12,0.25,0.12,0.25,0.0,0.0,0.0,0.0,0.15,0.1,0.12,0.25,0.12,0.0,0.0,0.15,0.1
541,0.15,0.1,0.12,0.25,0.12,0.25,0.12,0.25,0.0,0.0,0.15,0.1,0.12,0.25,0.25,0.0,0.0,0.15,0.1
549,0.0,0.0,0.12,0.25,0.12,0.25,0.0,0.0,0.0,0.0,0.15,0.1,0.12,0.25,0.25,0.15,0.1,0.15,0.1
561,0.0,0.0,0.12,0.25,0.12,0.25,0.12,0.25,0.0,0.0,0.0,0.0,0.0,0.0,0.1,0.0,0.0,0.25,0.25
572,0.38,0.25,0.12,0.25,0.12,0.25,0.0,0.0,0.0,0.0,0.0,0.0,0.05,0.1,0.12,0.0,0.0,0.38,0.25
579,0.1,0.1,0.25,0.25,0.25,0.25,0.1,0.1,0.0,0.0,0.0,0.0,0.1,0.1,0.25,0.0,0.0,0.25,0.25
585,0.25,0.25,0.12,0.25,0.12,0.25,0.12,0.25,0.0,0.0,0.0,0.0,0.05,0.1,0.1,0.0,0.0,0.25,0.25
601,0.25,0.25,0.12,0.25,0.12,0.25,0.12,0.25,0.0,0.0,0.0,0.0,0.12,0.25,0.25,0.0,0.0,0.25,0.25
609,0.1,0.1,0.12,0.25,0.0,0.0,0.05,0.1,0.0,0.0,0.0,0.0,0.12,0.25,0.25,0.0,0.0,0.0,0.0
616,0.0,0.0,0.12,0.25,0.0,0.0,0.12,0.25,0.0,0.0,0.0,0.0,0.12,0.25,0.12,0.0,0.0,0.0,0.0
623,0.0,0.0,0.25,0.25,0.0,0.0,0.25,0.25,0.0,0.0,0.0,0.0,0.25,0.25,0.25,0.0,0.0,0.0,0.0
631,0.0,0.0,0.0,0.0,0.1,0.1,0.25,0.25,0.0,0.0,0.0,0.0,0.0,0.0,0.25,0.0,0.0,0.0,0.0
639,0.38,0.25,0.0,0.0,0.1,0.1,0.25,0.25,0.0,0.0,0.0,0.0,0.25,0.25,0.25,0.0,0.0,0.0,0.0
647,0.0,0.0,0.1,0.1,0.1,0.1,0.1,0.1,0.0,0.0,0.0,0.0,0.1,0.1,0.25,0.0,0.0,0.0,0.0
654,0.15,0.1,0.1,0.1,0.1,0.1,0.0,0.0,0.0,0.0,0.0,0.0,0.25,0.25,0.12,0.0,0.0,0.0,0.0
664,0.25,0.25,0.12,0.25,0.05,0.1,0.0,0.0,0.0,0.0,0.0,0.0,0.0,0.0,0.12,0.0,0.0,0.0,0.0
672,0.25,0.25,0.12,0.25,0.05,0.1,0.12,0.25,0.0,0.0,0.0,0.0,0.12,0.25,0.12,0.0,0.0,0.0,0.0
679,0.38,0.25,0.25,0.25,0.1,0.1,0.25,0.25,0.0,0.0,0.0,0.0,0.25,0.25,0.25,0.0,0.0,0.0,0.0
687,0.15,0.1,0.25,0.25,0.1,0.1,0.0,0.0,0.0,0.0,0.0,0.0,0.25,0.25,0.25,0.15,0.1,0.0,0.0
694,0.0,0.0,0.25,0.25,0.1,0.1,0.0,0.0,0.0,0.0,0.15,0.1,0.25,0.25,0.12,0.0,0.0,0.0,0.0
702,0.15,0.1,0.25,0.25,0.1,0.1,0.25,0.25,0.0,0.0,0.15,0.1,0.25,0.25,0.05,0.0,0.0,0.0,0.0
710,0.0,0.0,0.25,0.25,0.1,0.1,0.25,0.25,0.0,0.0,0.0,0.0,0.25,0.25,0.12,0.0,0.0,0.15,0.1
716,0.0,0.0,0.12,0.25,0.05,0.1,0.0,0.0,0.0,0.0,0.15,0.1,0.05,0.1,0.12,0.0,0.0,0.15,0.1
725,0.38,0.25,0.0,0.0,0.12,0.25,0.0,0.0,0.0,0.0,0.0,0.0,0.0,0.0,0.25,0.0,0.0,0.0,0.0
733,0.15,0.1,0.0,0.0,0.12,0.25,0.05,0.1,0.0,0.0,0.0,0.0,0.0,0.0,0.25,0.0,0.0,0.0,0.0
741,0.0,0.0,0.0,0.0,0.12,0.25,0.12,0.25,0.0,0.0,0.0,0.0,0.0,0.0,0.25,0.0,0.0,0.0,0.0
749,0.15,0.1,0.0,0.0,0.12,0.25,0.0,0.0,0.0,0.0,0.0,0.0,0.05,0.1,0.25,0.0,0.0,0.0,0.0
757,0.0,0.0,0.0,0.0,0.12,0.25,0.05,0.1,0.0,0.0,0.0,0.0,0.05,0.1,0.25,0.0,0.0,0.0,0.0
766,0.38,0.25,0.0,0.0,0.25,0.25,0.25,0.25,0.0,0.0,0.0,0.0,0.1,0.1,0.12,0.15,0.1,0.0,0.0
774,0.15,0.1,0.0,0.0,0.25,0.25,0.0,0.0,0.0,0.0,0.0,0.0,0.25,0.25,0.0,0.0,0.0,0.0,0.0
783,0.38,0.25,0.0,0.0,0.25,0.25,0.1,0.1,0.0,0.0,0.0,0.0,0.25,0.25,0.25,0.0,0.0,0.0,0.0
792,0.0,0.0,0.0,0.0,0.12,0.25,0.0,0.0,0.0,0.0,0.0,0.0,0.12,0.25,0.12,0.1,0.1,0.0,0.0
799,0.0,0.0,0.0,0.0,0.25,0.25,0.0,0.0,0.0,0.0,0.0,0.0,0.25,0.25,0.25,0.15,0.1,0.0,0.0
809,0.0,0.0,0.0,0.0,0.12,0.25,0.12,0.25,0.0,0.0,0.0,0.0,0.0,0.0,0.25,0.0,0.0,0.1,0.1
816,0.0,0.0,0.0,0.0,0.12,0.25,0.0,0.0,0.0,0.0,0.0,0.0,0.05,0.1,0.12,0.0,0.0,0.1,0.1
824,0.1,0.1,0.0,0.0,0.12,0.25,0.12,0.25,0.0,0.0,0.0,0.0,0.05,0.1,0.05,0.0,0.0,0.1,0.1
831,0.15,0.1,0.0,0.0,0.25,0.25,0.25,0.25,0.0,0.0,0.0,0.0,0.1,0.1,0.1,0.0,0.0,0.15,0.1
839,0.38,0.25,0.0,0.0,0.25,0.25,0.25,0.25,0.0,0.0,0.0,0.0,0.25,0.25,0.25,0.0,0.0,0.15,0.1
847,0.0,0.0,0.0,0.0,0.25,0.25,0.0,0.0,0.0,0.0,0.15,0.1,0.1,0.1,0.25,0.0,0.0,0.15,0.1
855,0.15,0.1,0.0,0.0,0.25,0.25,0.0,0.0,0.0,0.0,0.15,0.1,0.25,0.25,0.1,0.0,0.0,0.15,0.1
863,0.0,0.0,0.0,0.0,0.25,0.25,0.25,0.25,0.0,0.0,0.0,0.0,0.0,0.0,0.1,0.0,0.0,0.38,0.25
871,0.15,0.1,0.0,0.0,0.25,0.25,0.1,0.1,0.0,0.0,0.0,0.0,0.1,0.1,0.25,0.0,0.0,0.38,0.25
878,0.15,0.1,0.0,0.0,0.25,0.25,0.25,0.25,0.0,0.0,0.0,0.0,0.1,0.1,0.12,0.0,0.0,0.38,0.25
892,0.15,0.1,0.0,0.0,0.12,0.25,0.12,0.25,0.0,0.0,0.0,0.0,0.12,0.25,0.05,0.0,0.0,0.38,0.25
904,0.25,0.25,0.05,0.1,0.12,0.25,0.0,0.0,0.0,0.0,0.0,0.0,0.05,0.1,0.12,0.0,0.0,0.0,0.0
913,0.1,0.1,0.05,0.1,0.12,0.25,0.05,0.1,0.0,0.0,0.0,0.0,0.05,0.1,0.25,0.0,0.0,0.0,0.0
923,0.0,0.0,0.1,0.1,0.25,0.25,0.25,0.25,0.0,0.0,0.0,0.0,0.1,0.1,0.25,0.0,0.0,0.0,0.0
929,0.25,0.25,0.05,0.1,0.12,0.25,0.05,0.1,0.0,0.0,0.0,0.0,0.12,0.25,0.0,0.0,0.0,0.0,0.0
942,0.15,0.1,0.1,0.1,0.25,0.25,0.1,0.1,0.15,0.1,0.0,0.0,0.25,0.25,0.05,0.0,0.0,0.0,0.0
950,0.15,0.1,0.1,0.1,0.25,0.25,0.0,0.0,0.0,0.0,0.15,0.1,0.25,0.25,0.05,0.0,0.0,0.0,0.0
958,0.0,0.0,0.1,0.1,0.25,0.25,0.25,0.25,0.0,0.0,0.15,0.1,0.25,0.25,0.05,0.0,0.0,0.0,0.0
966,0.0,0.0,0.1,0.1,0.25,0.25,0.1,0.1,0.0,0.0,0.0,0.0,0.0,0.0,0.05,0.0,0.0,0.15,0.1
976,0.1,0.1,0.05,0.1,0.12,0.25,0.05,0.1,0.0,0.0,0.0,0.0,0.12,0.25,0.12,0.0,0.0,0.1,0.1
984,0.0,0.0,0.05,0.1,0.12,0.25,0.12,0.25,0.0,0.0,0.0,0.0,0.12,0.25,0.12,0.0,0.0,0.1,0.1
992,0.0,0.0,0.05,0.1,0.12,0.25,0.0,0.0,0.0,0.0,0.1,0.1,0.12,0.25,0.05,0.0,0.0,0.1,0.1
1016,0.25,0.25,0.05,0.1,0.12,0.25,0.12,0.25,0.0,0.0,0.0,0.0,0.0,0.0,0.05,0.0,0.0,0.25,0.25
1027,0.0,0.0,0.1,0.1,0.25,0.25,0.0,0.0,0.0,0.0,0.0,0.0,0.1,0.1,0.25,0.0,0.0,0.25,0.25
1034,0.25,0.25,0.1,0.1,0.25,0.25,0.1,0.1,0.0,0.0,0.0,0.0,0.1,0.1,0.05,0.0,0.0,0.25,0.25
1051,0.25,0.25,0.1,0.1,0.25,0.25,0.1,0.1,0.0,0.0,0.0,0.0,0.25,0.25,0.25,0.0,0.0,0.25,0.25
1060,0.15,0.1,0.05,0.1,0.12,0.25,0.12,0.25,0.0,0.0,0.0,0.0,0.12,0.25,0.12,0.0,0.0,0.38,0.25
1070,0.0,0.0,0.25,0.25,0.25,0.25,0.0,0.0,0.0,0.0,0.0,0.0,0.0,0.0,0.12,0.0,0.0,0.0,0.0
1078,0.15,0.1,0.25,0.25,0.25,0.25,0.25,0.25,0.0,0.0,0.0,0.0,0.0,0.0,0.05,0.0,0.0,0.0,0.0
1086,0.0,0.0,0.25,0.25,0.25,0.25,0.0,0.0,0.0,0.0,0.0,0.0,0.1,0.1,0.12,0.0,0.0,0.0,0.0
1101,0.38,0.25,0.12,0.25,0.12,0.25,0.12,0.25,0.0,0.0,0.0,0.0,0.12,0.25,0.25,0.0,0.0,0.0,0.0
1110,0.15,0.1,0.25,0.25,0.25,0.25,0.0,0.0,0.0,0.0,0.0,0.0,0.25,0.25,0.12,0.15,0.1,0.0,0.0
1121,0.1,0.1,0.12,0.25,0.12,0.25,0.05,0.1,0.0,0.0,0.1,0.1,0.0,0.0,0.25,0.0,0.0,0.0,0.0
1129,0.0,0.0,0.12,0.25,0.12,0.25,0.12,0.25,0.0,0.0,0.1,0.1,0.0,0.0,0.25,0.0,0.0,0.0,0.0
1138,0.1,0.1,0.25,0.25,0.25,0.25,0.0,0.0,0.0,0.0,0.1,0.1,0.1,0.1,0.12,0.0,0.0,0.0,0.0
1147,0.1,0.1,0.25,0.25,0.25,0.25,0.1,0.1,0.0,0.0,0.1,0.1,0.1,0.1,0.25,0.0,0.0,0.0,0.0
1156,0.0,0.0,0.12,0.25,0.12,0.25,0.12,0.25,0.0,0.0,0.15,0.1,0.05,0.1,0.12,0.0,0.0,0.0,0.0
1164,0.0,0.0,0.12,0.25,0.12,0.25,0.0,0.0,0.0,0.0,0.15,0.1,0.12,0.25,0.12,0.0,0.0,0.0,0.0
1172,0.38,0.25,0.12,0.25,0.12,0.25,0.05,0.1,0.0,0.0,0.15,0.1,0.12,0.25,0.05,0.0,0.0,0.0,0.0
1180,0.15,0.1,0.12,0.25,0.12,0.25,0.12,0.25,0.0,0.0,0.15,0.1,0.12,0.25,0.05,0.0,0.0,0.0,0.0
1188,0.38,0.25,0.12,0.25,0.12,0.25,0.05,0.1,0.0,0.0,0.0,0.0,0.0,0.0,0.05,0.0,0.0,0.15,0.1
1196,0.15,0.1,0.12,0.25,0.12,0.25,0.12,0.25,0.0,0.0,0.0,0.0,0.0,0.0,0.05,0.0,0.0,0.15,0.1
1205,0.15,0.1,0.12,0.25,0.12,0.25,0.0,0.0,0.0,0.0,0.15,0.1,0.05,0.1,0.25,0.0,0.0,0.15,0.1
1214,0.38,0.25,0.25,0.25,0.25,0.25,0.0,0.0,0.0,0.0,0.15,0.1,0.25,0.25,0.05,0.0,0.0,0.15,0.1
1222,0.0,0.0,0.25,0.25,0.25,0.25,0.1,0.1,0.0,0.0,0.15,0.1,0.25,0.25,0.12,0.0,0.0,0.15,0.1
1234,0.1,0.1,0.25,0.25,0.25,0.25,0.25,0.25,0.0,0.0,0.0,0.0,0.0,0.0,0.12,0.0,0.0,0.25,0.25
1261,0.0,0.0,0.12,0.25,0.0,0.0,0.05,0.1,0.0,0.0,0.0,0.0,0.05,0.1,0.25,0.0,0.0,0.0,0.0
1269,0.0,0.0,0.12,0.25,0.0,0.0,0.12,0.25,0.0,0.0,0.0,0.0,0.05,0.1,0.25,0.0,0.0,0.0,0.0
1276,0.0,0.0,0.12,0.25,0.0,0.0,0.05,0.1,0.0,0.0,0.15,0.1,0.12,0.25,0.12,0.15,0.1,0.0,0.0
1283,0.0,0.0,0.0,0.0,0.1,0.1,0.25,0.25,0.0,0.0,0.0,0.0,0.1,0.1,0.25,0.0,0.0,0.0,0.0
1291,0.0,0.0,0.0,0.0,0.1,0.1,0.25,0.25,0.0,0.0,0.0,0.0,0.25,0.25,0.25,0.0,0.0,0.0,0.0
1299,0.0,0.0,0.1,0.1,0.1,0.1,0.0,0.0,0.0,0.0,0.0,0.0,0.25,0.25,0.25,0.0,0.0,0.0,0.0
1308,0.0,0.0,0.05,0.1,0.05,0.1,0.05,0.1,0.0,0.0,0.0,0.0,0.12,0.25,0.12,0.0,0.0,0.0,0.0
1315,0.25,0.25,0.25,0.25,0.1,0.1,0.25,0.25,0.0,0.0,0.0,0.0,0.1,0.1,0.25,0.0,0.0,0.0,0.0
1323,0.1,0.1,0.25,0.25,0.1,0.1,0.0,0.0,0.0,0.0,0.0,0.0,0.25,0.25,0.25,0.0,0.0,0.0,0.0
1336,0.0,0.0,0.12,0.25,0.05,0.1,0.0,0.0,0.0,0.0,0.1,0.1,0.12,0.25,0.12,0.0,0.0,0.1,0.1
1343,0.0,0.0,0.25,0.25,0.1,0.1,0.0,0.0,0.0,0.0,0.15,0.1,0.25,0.25,0.25,0.0,0.0,0.15,0.1
1351,0.38,0.25,0.25,0.25,0.1,0.1,0.25,0.25,0.0,0.0,0.15,0.1,0.25,0.25,0.25,0.0,0.0,0.15,0.1
1358,0.15,0.1,0.0,0.0,0.25,0.25,0.1,0.1,0.0,0.0,0.0,0.0,0.1,0.1,0.0,0.0,0.0,0.0,0.0
1365,0.38,0.25,0.0,0.0,0.12,0.25,0.12,0.25,0.0,0.0,0.0,0.0,0.05,0.1,0.25,0.0,0.0,0.0,0.0
1373,0.0,0.0,0.0,0.0,0.12,0.25,0.05,0.1,0.0,0.0,0.0,0.0,0.05,0.1,0.25,0.15,0.1,0.0,0.0
1382,0.15,0.1,0.0,0.0,0.25,0.25,0.1,0.1,0.0,0.0,0.0,0.0,0.25,0.25,0.0,0.0,0.0,0.0,0.0
1390,0.38,0.25,0.0,0.0,0.25,0.25,0.0,0.0,0.0,0.0,0.0,0.0,0.25,0.25,0.12,0.15,0.1,0.0,0.0
1397,0.0,0.0,0.0,0.0,0.12,0.25,0.05,0.1,0.0,0.0,0.0,0.0,0.12,0.25,0.25,0.15,0.1,0.0,0.0
1404,0.15,0.1,0.0,0.0,0.12,0.25,0.12,0.25,0.0,0.0,0.0,0.0,0.05,0.1,0.12,0.0,0.0,0.15,0.1
1433,0.25,0.25,0.0,0.0,0.12,0.25,0.05,0.1,0.0,0.0,0.1,0.1,0.12,0.25,0.25,0.0,0.0,0.1,0.1
1443,0.1,0.1,0.0,0.0,0.25,0.25,0.25,0.25,0.0,0.0,0.1,0.1,0.25,0.25,0.25,0.0,0.0,0.1,0.1
1451,0.1,0.1,0.0,0.0,0.25,0.25,0.1,0.1,0.0,0.0,0.0,0.0,0.1,0.1,0.1,0.0,0.0,0.25,0.25
1482,0.25,0.25,0.1,0.1,0.25,0.25,0.0,0.0,0.0,0.0,0.0,0.0,0.1,0.1,0.05,0.0,0.0,0.0,0.0
1488,0.1,0.1,0.05,0.1,0.12,0.25,0.0,0.0,0.0,0.0,0.0,0.0,0.12,0.25,0.12,0.0,0.0,0.0,0.0
1497,0.0,0.0,0.05,0.1,0.12,0.25,0.05,0.1,0.0,0.0,0.0,0.0,0.12,0.25,0.25,0.0,0.0,0.0,0.0
1505,0.25,0.25,0.05,0.1,0.12,0.25,0.05,0.1,0.0,0.0,0.0,0.0,0.12,0.25,0.25,0.1,0.1,0.0,0.0
1514,0.0,0.0,0.1,0.1,0.25,0.25,0.25,0.25,0.0,0.0,0.1,0.1,0.1,0.1,0.12,0.0,0.0,0.0,0.0
1523,0.1,0.1,0.1,0.1,0.25,0.25,0.1,0.1,0.0,0.0,0.1,0.1,0.25,0.25,0.1,0.0,0.0,0.0,0.0
1530,0.25,0.25,0.1,0.1,0.25,0.25,0.1,0.1,0.0,0.0,0.0,0.0,0.1,0.1,0.12,0.0,0.0,0.1,0.1
1538,0.1,0.1,0.1,0.1,0.25,0.25,0.25,0.25,0.0,0.0,0.0,0.0,0.1,0.1,0.12,0.0,0.0,0.1,0.1
1551,0.38,0.25,0.1,0.1,0.25,0.25,0.0,0.0,0.0,0.0,0.0,0.0,0.25,0.25,0.0,0.0,0.0,0.15,0.1
1562,0.1,0.1,0.1,0.1,0.25,0.25,0.25,0.25,0.0,0.0,0.0,0.0,0.25,0.25,0.12,0.0,0.0,0.1,0.1
1572,0.15,0.1,0.05,0.1,0.12,0.25,0.0,0.0,0.0,0.0,0.15,0.1,0.12,0.25,0.05,0.0,0.0,0.15,0.1
1580,0.15,0.1,0.05,0.1,0.12,0.25,0.05,0.1,0.0,0.0,0.15,0.1,0.12,0.25,0.12,0.15,0.1,0.15,0.1
1588,0.0,0.0,0.05,0.1,0.12,0.25,0.12,0.25,0.0,0.0,0.15,0.1,0.12,0.25,0.12,0.15,0.1,0.15,0.1
1600,0.0,0.0,0.05,0.1,0.12,0.25,0.05,0.1,0.0,0.0,0.0,0.0,0.05,0.1,0.05,0.0,0.0,0.25,0.25
1612,0.15,0.1,0.05,0.1,0.12,0.25,0.12,0.25,0.0,0.0,0.0,0.0,0.05,0.1,0.05,0.0,0.0,0.38,0.25
1628,0.15,0.1,0.12,0.25,0.12,0.25,0.0,0.0,0.0,0.0,0.0,0.0,0.0,0.0,0.05,0.0,0.0,0.0,0.0
1636,0.15,0.1,0.12,0.25,0.12,0.25,0.05,0.1,0.0,0.0,0.0,0.0,0.0,0.0,0.05,0.0,0.0,0.0,0.0
1643,0.25,0.25,0.25,0.25,0.25,0.25,0.25,0.25,0.0,0.0,0.0,0.0,0.0,0.0,0.1,0.0,0.0,0.0,0.0
1651,0.25,0.25,0.25,0.25,0.25,0.25,0.0,0.0,0.0,0.0,0.0,0.0,0.25,0.25,0.25,0.0,0.0,0.0,0.0
1659,0.1,0.1,0.25,0.25,0.25,0.25,0.1,0.1,0.0,0.0,0.0,0.0,0.25,0.25,0.25,0.0,0.0,0.0,0.0
1668,0.0,0.0,0.12,0.25,0.12,0.25,0.12,0.25,0.0,0.0,0.0,0.0,0.12,0.25,0.12,0.0,0.0,0.0,0.0
1679,0.0,0.0,0.25,0.25,0.25,0.25,0.25,0.25,0.15,0.1,0.0,0.0,0.25,0.25,0.25,0.0,0.0,0.0,0.0
1686,0.0,0.0,0.25,0.25,0.25,0.25,0.0,0.0,0.0,0.0,0.15,0.1,0.0,0.0,0.12,0.0,0.0,0.0,0.0
1694,0.38,0.25,0.25,0.25,0.25,0.25,0.1,0.1,0.0,0.0,0.15,0.1,0.1,0.1,0.0,0.0,0.0,0.0,0.0
1702,0.0,0.0,0.25,0.25,0.25,0.25,0.25,0.25,0.0,0.0,0.15,0.1,0.1,0.1,0.12,0.15,0.1,0.0,0.0
1709,0.15,0.1,0.12,0.25,0.12,0.25,0.0,0.0,0.0,0.0,0.15,0.1,0.12,0.25,0.0,0.0,0.0,0.0,0.0
1719,0.0,0.0,0.25,0.25,0.25,0.25,0.1,0.1,0.0,0.0,0.15,0.1,0.25,0.25,0.0,0.0,0.0,0.0,0.0
1728,0.1,0.1,0.12,0.25,0.12,0.25,0.12,0.25,0.0,0.0,0.1,0.1,0.12,0.25,0.12,0.0,0.0,0.0,0.0
1736,0.1,0.1,0.12,0.25,0.12,0.25,0.12,0.25,0.0,0.0,0.1,0.1,0.12,0.25,0.05,0.1,0.1,0.0,0.0
1744,0.1,0.1,0.12,0.25,0.12,0.25,0.12,0.25,0.1,0.1,0.1,0.1,0.12,0.25,0.05,0.0,0.0,0.0,0.0
1752,0.0,0.0,0.12,0.25,0.12,0.25,0.05,0.1,0.0,0.0,0.0,0.0,0.0,0.0,0.05,0.0,0.0,0.1,0.1
1761,0.25,0.25,0.12,0.25,0.12,0.25,0.12,0.25,0.0,0.0,0.0,0.0,0.0,0.0,0.25,0.0,0.0,0.1,0.1
1769,0.25,0.25,0.12,0.25,0.12,0.25,0.05,0.1,0.0,0.0,0.0,0.0,0.05,0.1,0.25,0.0,0.0,0.1,0.1
1782,0.15,0.1,0.25,0.25,0.25,0.25,0.25,0.25,0.0,0.0,0.0,0.0,0.1,0.1,0.12,0.0,0.0,0.15,0.1
1792,0.1,0.1,0.12,0.25,0.12,0.25,0.12,0.25,0.0,0.0,0.0,0.0,0.12,0.25,0.05,0.0,0.0,0.1,0.1
1802,0.25,0.25,0.25,0.25,0.25,0.25,0.0,0.0,0.0,0.0,0.1,0.1,0.1,0.1,0.12,0.0,0.0,0.1,0.1
1811,0.0,0.0,0.25,0.25,0.25,0.25,0.1,0.1,0.0,0.0,0.1,0.1,0.25,0.25,0.0,0.0,0.0,0.1,0.1
1823,0.38,0.25,0.25,0.25,0.25,0.25,0.1,0.1,0.0,0.0,0.15,0.1,0.25,0.25,0.25,0.0,0.0,0.15,0.1
1833,0.1,0.1,0.12,0.25,0.12,0.25,0.0,0.0,0.0,0.0,0.1,0.1,0.12,0.25,0.25,0.1,0.1,0.1,0.1
1839,0.15,0.1,0.25,0.25,0.25,0.25,0.0,0.0,0.0,0.0,0.15,0.1,0.25,0.25,0.25,0.15,0.1,0.15,0.1
1845,0.0,0.0,0.12,0.25,0.12,0.25,0.05,0.1,0.0,0.0,0.15,0.1,0.12,0.25,0.25,0.15,0.1,0.15,0.1
1859,0.25,0.25,0.25,0.25,0.25,0.25,0.1,0.1,0.0,0.0,0.0,0.0,0.1,0.1,0.1,0.0,0.0,0.25,0.25
1874,0.25,0.25,0.25,0.25,0.25,0.25,0.1,0.1,0.0,0.0,0.0,0.0,0.25,0.25,0.05,0.0,0.0,0.25,0.25
1883,0.0,0.0,0.25,0.25,0.25,0.25,0.25,0.25,0.0,0.0,0.0,0.0,0.25,0.25,0.1,0.0,0.0,0.25,0.25
1893,0.38,0.25,0.12,0.25,0.12,0.25,0.12,0.25,0.0,0.0,0.0,0.0,0.12,0.25,0.25,0.15,0.1,0.38,0.25
1910,0.0,0.0,0.25,0.25,0.0,0.0,0.1,0.1,0.0,0.0,0.0,0.0,0.25,0.25,0.12,0.0,0.0,0.0,0.0
1918,0.15,0.1,0.1,0.1,0.1,0.1,0.1,0.1,0.0,0.0,0.0,0.0,0.0,0.0,0.12,0.0,0.0,0.0,0.0
1926,0.38,0.25,0.1,0.1,0.1,0.1,0.1,0.1,0.0,0.0,0.0,0.0,0.25,0.25,0.12,0.0,0.0,0.0,0.0
1934,0.15,0.1,0.1,0.1,0.1,0.1,0.25,0.25,0.0,0.0,0.0,0.0,0.25,0.25,0.12,0.0,0.0,0.0,0.0
1942,0.0,0.0,0.1,0.1,0.1,0.1,0.25,0.25,0.0,0.0,0.15,0.1,0.25,0.25,0.12,0.15,0.1,0.0,0.0
1947,0.25,0.25,0.25,0.25,0.1,0.1,0.0,0.0,0.0,0.0,0.0,0.0,0.1,0.1,0.25,0.0,0.0,0.0,0.0
1955,0.1,0.1,0.25,0.25,0.1,0.1,0.1,0.1,0.0,0.0,0.0,0.0,0.1,0.1,0.25,0.0,0.0,0.0,0.0
1963,0.0,0.0,0.25,0.25,0.1,0.1,0.25,0.25,0.0,0.0,0.0,0.0,0.1,0.1,0.25,0.0,0.0,0.0,0.0
1971,0.25,0.25,0.25,0.25,0.1,0.1,0.0,0.0,0.0,0.0,0.0,0.0,0.25,0.25,0.25,0.0,0.0,0.0,0.0
1980,0.15,0.1,0.12,0.25,0.05,0.1,0.05,0.1,0.0,0.0,0.0,0.0,0.12,0.25,0.12,0.0,0.0,0.0,0.0
1989,0.0,0.0,0.12,0.25,0.05,0.1,0.12,0.25,0.0,0.0,0.0,0.0,0.12,0.25,0.25,0.0,0.0,0.0,0.0
1996,0.38,0.25,0.12,0.25,0.05,0.1,0.12,0.25,0.0,0.0,0.15,0.1,0.12,0.25,0.05,0.0,0.0,0.0,0.0
2004,0.15,0.1,0.0,0.0,0.12,0.25,0.0,0.0,0.0,0.0,0.0,0.0,0.0,0.0,0.12,0.0,0.0,0.0,0.0
2013,0.38,0.25,0.0,0.0,0.12,0.25,0.0,0.0,0.0,0.0,0.0,0.0,0.05,0.1,0.0,0.0,0.0,0.0,0.0
2027,0.1,0.1,0.0,0.0,0.25,0.25,0.25,0.25,0.0,0.0,0.0,0.0,0.1,0.1,0.25,0.1,0.1,0.0,0.0
2033,0.25,0.25,0.0,0.0,0.12,0.25,0.0,0.0,0.0,0.0,0.0,0.0,0.12,0.25,0.25,0.0,0.0,0.0,0.0
2041,0.1,0.1,0.0,0.0,0.12,0.25,0.05,0.1,0.0,0.0,0.0,0.0,0.12,0.25,0.25,0.0,0.0,0.0,0.0
2049,0.0,0.0,0.0,0.0,0.12,0.25,0.12,0.25,0.0,0.0,0.0,0.0,0.12,0.25,0.25,0.0,0.0,0.0,0.0
2057,0.25,0.25,0.0,0.0,0.12,0.25,0.12,0.25,0.0,0.0,0.0,0.0,0.12,0.25,0.25,0.1,0.1,0.0,0.0
2065,0.0,0.0,0.0,0.0,0.12,0.25,0.05,0.1,0.0,0.0,0.1,0.1,0.12,0.25,0.25,0.1,0.1,0.0,0.0
2076,0.38,0.25,0.0,0.0,0.12,0.25,0.12,0.25,0.0,0.0,0.0,0.0,0.05,0.1,0.12,0.0,0.0,0.15,0.1
2093,0.15,0.1,0.0,0.0,0.12,0.25,0.0,0.0,0.0,0.0,0.15,0.1,0.12,0.25,0.25,0.0,0.0,0.15,0.1
2102,0.0,0.0,0.0,0.0,0.25,0.25,0.1,0.1,0.0,0.0,0.15,0.1,0.25,0.25,0.12,0.0,0.0,0.15,0.1
2114,0.25,0.25,0.0,0.0,0.25,0.25,0.25,0.25,0.0,0.0,0.0,0.0,0.25,0.25,0.12,0.0,0.0,0.25,0.25
2121,0.0,0.0,0.05,0.1,0.12,0.25,0.0,0.0,0.0,0.0,0.0,0.0,0.0,0.0,0.25,0.0,0.0,0.0,0.0
2126,0.0,0.0,0.1,0.1,0.25,0.25,0.0,0.0,0.0,0.0,0.0,0.0,0.0,0.0,0.12,0.0,0.0,0.0,0.0
2134,0.15,0.1,0.1,0.1,0.25,0.25,0.1,0.1,0.0,0.0,0.0,0.0,0.0,0.0,0.05,0.0,0.0,0.0,0.0
2142,0.38,0.25,0.1,0.1,0.25,0.25,0.25,0.25,0.0,0.0,0.0,0.0,0.1,0.1,0.12,0.0,0.0,0.0,0.0
2152,0.0,0.0,0.05,0.1,0.12,0.25,0.05,0.1,0.0,0.0,0.0,0.0,0.05,0.1,0.12,0.1,0.1,0.0,0.0
2159,0.0,0.0,0.1,0.1,0.25,0.25,0.1,0.1,0.0,0.0,0.0,0.0,0.1,0.1,0.25,0.15,0.1,0.0,0.0
2168,0.1,0.1,0.05,0.1,0.12,0.25,0.05,0.1,0.0,0.0,0.0,0.0,0.12,0.25,0.12,0.0,0.0,0.0,0.0
2176,0.0,0.0,0.05,0.1,0.12,0.25,0.12,0.25,0.0,0.0,0.0,0.0,0.12,0.25,0.12,0.0,0.0,0.0,0.0
2182,0.0,0.0,0.1,0.1,0.25,0.25,0.25,0.25,0.0,0.0,0.0,0.0,0.25,0.25,0.12,0.0,0.0,0.0,0.0
2189,0.15,0.1,0.05,0.1,0.12,0.25,0.12,0.25,0.0,0.0,0.15,0.1,0.0,0.0,0.25,0.0,0.0,0.0,0.0
2198,0.38,0.25,0.1,0.1,0.25,0.25,0.1,0.1,0.0,0.0,0.15,0.1,0.1,0.1,0.05,0.0,0.0,0.0,0.0
2207,0.15,0.1,0.1,0.1,0.25,0.25,0.25,0.25,0.0,0.0,0.15,0.1,0.1,0.1,0.1,0.0,0.0,0.0,0.0
2215,0.0,0.0,0.1,0.1,0.25,0.25,0.25,0.25,0.0,0.0,0.15,0.1,0.25,0.25,0.25,0.0,0.0,0.0,0.0
2223,0.15,0.1,0.1,0.1,0.25,0.25,0.25,0.25,0.0,0.0,0.0,0.0,0.0,0.0,0.25,0.0,0.0,0.15,0.1
2231,0.15,0.1,0.1,0.1,0.25,0.25,0.0,0.0,0.0,0.0,0.0,0.0,0.1,0.1,0.25,0.0,0.0,0.15,0.1
2239,0.0,0.0,0.1,0.1,0.25,0.25,0.1,0.1,0.0,0.0,0.0,0.0,0.1,0.1,0.25,0.0,0.0,0.15,0.1
2246,0.38,0.25,0.1,0.1,0.25,0.25,0.25,0.25,0.0,0.0,0.0,0.0,0.1,0.1,0.05,0.0,0.0,0.15,0.1
2263,0.38,0.25,0.1,0.1,0.25,0.25,0.1,0.1,0.0,0.0,0.15,0.1,0.25,0.25,0.25,0.0,0.0,0.15,0.1
2269,0.15,0.1,0.05,0.1,0.12,0.25,0.12,0.25,0.0,0.0,0.15,0.1,0.12,0.25,0.25,0.0,0.0,0.15,0.1
2278,0.0,0.0,0.1,0.1,0.25,0.25,0.0,0.0,0.0,0.0,0.15,0.1,0.25,0.25,0.12,0.15,0.1,0.15,0.1
2285,0.15,0.1,0.05,0.1,0.12,0.25,0.0,0.0,0.0,0.0,0.0,0.0,0.05,0.1,0.1,0.0,0.0,0.38,0.25
2299,0.25,0.25,0.1,0.1,0.25,0.25,0.25,0.25,0.0,0.0,0.0,0.0,0.1,0.1,0.25,0.0,0.0,0.25,0.25
2308,0.0,0.0,0.12,0.25,0.12,0.25,0.05,0.1,0.0,0.0,0.0,0.0,0.0,0.0,0.05,0.0,0.0,0.0,0.0
2317,0.0,0.0,0.12,0.25,0.12,0.25,0.12,0.25,0.0,0.0,0.0,0.0,0.0,0.0,0.1,0.0,0.0,0.0,0.0
2324,0.15,0.1,0.12,0.25,0.12,0.25,0.12,0.25,0.15,0.1,0.0,0.0,0.0,0.0,0.12,0.0,0.0,0.0,0.0
2332,0.38,0.25,0.12,0.25,0.12,0.25,0.0,0.0,0.0,0.0,0.0,0.0,0.05,0.1,0.12,0.15,0.1,0.0,0.0
2346,0.25,0.25,0.25,0.25,0.25,0.25,0.25,0.25,0.0,0.0,0.0,0.0,0.25,0.25,0.0,0.0,0.0,0.0,0.0
2358,0.15,0.1,0.25,0.25,0.25,0.25,0.25,0.25,0.15,0.1,0.0,0.0,0.25,0.25,0.12,0.0,0.0,0.0,0.0
2367,0.0,0.0,0.25,0.25,0.25,0.25,0.0,0.0,0.0,0.0,0.15,0.1,0.1,0.1,0.25,0.0,0.0,0.0,0.0
2375,0.38,0.25,0.25,0.25,0.25,0.25,0.1,0.1,0.0,0.0,0.15,0.1,0.1,0.1,0.1,0.0,0.0,0.0,0.0
2387,0.1,0.1,0.25,0.25,0.25,0.25,0.0,0.0,0.0,0.0,0.1,0.1,0.25,0.25,0.25,0.0,0.0,0.0,0.0
2392,0.0,0.0,0.12,0.25,0.12,0.25,0.05,0.1,0.0,0.0,0.1,0.1,0.12,0.25,0.12,0.0,0.0,0.0,0.0
2401,0.25,0.25,0.12,0.25,0.12,0.25,0.12,0.25,0.0,0.0,0.1,0.1,0.12,0.25,0.1,0.0,0.0,0.0,0.0
2409,0.0,0.0,0.12,0.25,0.12,0.25,0.12,0.25,0.0,0.0,0.1,0.1,0.12,0.25,0.25,0.1,0.1,0.0,0.0
2418,0.1,0.1,0.25,0.25,0.25,0.25,0.1,0.1,0.0,0.0,0.0,0.0,0.0,0.0,0.12,0.0,0.0,0.1,0.1
2426,0.0,0.0,0.25,0.25,0.25,0.25,0.25,0.25,0.0,0.0,0.0,0.0,0.0,0.0,0.12,0.0,0.0,0.1,0.1
2436,0.38,0.25,0.12,0.25,0.12,0.25,0.0,0.0,0.0,0.0,0.0,0.0,0.05,0.1,0.12,0.0,0.0,0.15,0.1
2443,0.1,0.1,0.25,0.25,0.25,0.25,0.1,0.1,0.0,0.0,0.0,0.0,0.1,0.1,0.25,0.0,0.0,0.1,0.1
2450,0.0,0.0,0.25,0.25,0.25,0.25,0.25,0.25,0.0,0.0,0.0,0.0,0.1,0.1,0.12,0.0,0.0,0.1,0.1
2455,0.0,0.0,0.25,0.25,0.25,0.25,0.25,0.25,0.0,0.0,0.0,0.0,0.1,0.1,0.25,0.0,0.0,0.15,0.1
2462,0.38,0.25,0.25,0.25,0.25,0.25,0.1,0.1,0.0,0.0,0.0,0.0,0.25,0.25,0.12,0.0,0.0,0.15,0.1
2469,0.15,0.1,0.12,0.25,0.12,0.25,0.12,0.25,0.0,0.0,0.0,0.0,0.12,0.25,0.25,0.0,0.0,0.15,0.1
2483,0.25,0.25,0.25,0.25,0.25,0.25,0.1,0.1,0.0,0.0,0.1,0.1,0.25,0.25,0.1,0.0,0.0,0.1,0.1
2505,0.1,0.1,0.12,0.25,0.12,0.25,0.05,0.1,0.0,0.0,0.0,0.0,0.05,0.1,0.1,0.0,0.0,0.25,0.25
2522,0.0,0.0,0.0,0.0,0.1,0.1,0.25,0.25,0.0,0.0,0.1,0.1,0.25,0.25,0.12,0.1,0.1,0.0,0.0
2529,0.0,0.0,0.05,0.1,0.05,0.1,0.05,0.1,0.0,0.0,0.0,0.0,0.0,0.0,0.25,0.0,0.0,0.0,0.0
2538,0.1,0.1,0.1,0.1,0.1,0.1,0.1,0.1,0.0,0.0,0.0,0.0,0.25,0.25,0.12,0.0,0.0,0.0,0.0
2544,0.0,0.0,0.05,0.1,0.05,0.1,0.12,0.25,0.0,0.0,0.0,0.0,0.12,0.25,0.12,0.0,0.0,0.0,0.0
2553,0.0,0.0,0.05,0.1,0.05,0.1,0.12,0.25,0.0,0.0,0.1,0.1,0.12,0.25,0.25,0.0,0.0,0.1,0.1
2560,0.1,0.1,0.12,0.25,0.05,0.1,0.0,0.0,0.0,0.0,0.0,0.0,0.05,0.1,0.12,0.0,0.0,0.0,0.0
2568,0.0,0.0,0.12,0.25,0.05,0.1,0.0,0.0,0.0,0.0,0.0,0.0,0.12,0.25,0.12,0.0,0.0,0.0,0.0
2576,0.1,0.1,0.12,0.25,0.05,0.1,0.12,0.25,0.0,0.0,0.0,0.0,0.12,0.25,0.05,0.0,0.0,0.0,0.0
2584,0.0,0.0,0.12,0.25,0.05,0.1,0.12,0.25,0.0,0.0,0.1,0.1,0.12,0.25,0.05,0.0,0.0,0.0,0.0
2591,0.0,0.0,0.25,0.25,0.1,0.1,0.25,0.25,0.0,0.0,0.15,0.1,0.25,0.25,0.1,0.0,0.0,0.0,0.0
2600,0.1,0.1,0.12,0.25,0.05,0.1,0.12,0.25,0.0,0.0,0.1,0.1,0.12,0.25,0.12,0.0,0.0,0.1,0.1
2610,0.0,0.0,0.25,0.25,0.1,0.1,0.25,0.25,0.0,0.0,0.0,0.0,0.25,0.25,0.05,0.0,0.0,0.25,0.25
2619,0.25,0.25,0.0,0.0,0.25,0.25,0.1,0.1,0.0,0.0,0.0,0.0,0.0,0.0,0.25,0.0,0.0,0.0,0.0
2629,0.15,0.1,0.0,0.0,0.12,0.25,0.0,0.0,0.0,0.0,0.0,0.0,0.05,0.1,0.1,0.0,0.0,0.0,0.0
2641,0.1,0.1,0.0,0.0,0.12,0.25,0.0,0.0,0.0,0.0,0.0,0.0,0.12,0.25,0.25,0.0,0.0,0.0,0.0
2652,0.0,0.0,0.0,0.0,0.12,0.25,0.05,0.1,0.0,0.0,0.0,0.0,0.12,0.25,0.12,0.0,0.0,0.0,0.0
2660,0.38,0.25,0.0,0.0,0.12,0.25,0.05,0.1,0.0,0.0,0.15,0.1,0.05,0.1,0.12,0.0,0.0,0.15,0.1
2669,0.15,0.1,0.0,0.0,0.12,0.25,0.12,0.25,0.0,0.0,0.15,0.1,0.05,0.1,0.25,0.0,0.0,0.15,0.1
2677,0.0,0.0,0.0,0.0,0.12,0.25,0.0,0.0,0.0,0.0,0.15,0.1,0.12,0.25,0.1,0.0,0.0,0.15,0.1
2685,0.38,0.25,0.0,0.0,0.12,0.25,0.12,0.25,0.0,0.0,0.15,0.1,0.12,0.25,0.1,0.0,0.0,0.15,0.1
2692,0.0,0.0,0.0,0.0,0.12,0.25,0.05,0.1,0.0,0.0,0.0,0.0,0.05,0.1,0.12,0.0,0.0,0.38,0.25
2705,0.1,0.1,0.0,0.0,0.12,0.25,0.0,0.0,0.0,0.0,0.0,0.0,0.12,0.25,0.25,0.0,0.0,0.25,0.25
2712,0.0,0.0,0.0,0.0,0.12,0.25,0.05,0.1,0.0,0.0,0.0,0.0,0.12,0.25,0.12,0.0,0.0,0.25,0.25
2719,0.0,0.0,0.0,0.0,0.25,0.25,0.1,0.1,0.0,0.0,0.0,0.0,0.25,0.25,0.25,0.0,0.0,0.38,0.25
2730,0.25,0.25,0.1,0.1,0.25,0.25,0.0,0.0,0.0,0.0,0.0,0.0,0.1,0.1,0.0,0.0,0.0,0.0,0.0
2750,0.0,0.0,0.1,0.1,0.25,0.25,0.0,0.0,0.0,0.0,0.0,0.0,0.25,0.25,0.12,0.0,0.0,0.0,0.0
2757,0.38,0.25,0.05,0.1,0.12,0.25,0.12,0.25,0.0,0.0,0.15,0.1,0.05,0.1,0.1,0.0,0.0,0.0,0.0
2765,0.38,0.25,0.05,0.1,0.12,0.25,0.12,0.25,0.0,0.0,0.15,0.1,0.12,0.25,0.1,0.0,0.0,0.0,0.0
2772,0.38,0.25,0.05,0.1,0.12,0.25,0.12,0.25,0.0,0.0,0.0,0.0,0.0,0.0,0.05,0.0,0.0,0.15,0.1
2780,0.15,0.1,0.05,0.1,0.12,0.25,0.05,0.1,0.0,0.0,0.0,0.0,0.05,0.1,0.05,0.0,0.0,0.15,0.1
2788,0.0,0.0,0.05,0.1,0.12,0.25,0.0,0.0,0.0,0.0,0.15,0.1,0.05,0.1,0.12,0.0,0.0,0.15,0.1
2797,0.15,0.1,0.05,0.1,0.12,0.25,0.0,0.0,0.0,0.0,0.15,0.1,0.12,0.25,0.25,0.0,0.0,0.15,0.1
2805,0.0,0.0,0.05,0.1,0.12,0.25,0.05,0.1,0.0,0.0,0.15,0.1,0.12,0.25,0.25,0.0,0.0,0.15,0.1
2812,0.38,0.25,0.05,0.1,0.12,0.25,0.05,0.1,0.0,0.0,0.0,0.0,0.05,0.1,0.12,0.0,0.0,0.38,0.25
2820,0.15,0.1,0.05,0.1,0.12,0.25,0.12,0.25,0.0,0.0,0.0,0.0,0.05,0.1,0.12,0.0,0.0,0.38,0.25
2829,0.0,0.0,0.05,0.1,0.12,0.25,0.0,0.0,0.0,0.0,0.0,0.0,0.12,0.25,0.25,0.0,0.0,0.38,0.25
2837,0.15,0.1,0.05,0.1,0.12,0.25,0.12,0.25,0.0,0.0,0.0,0.0,0.12,0.25,0.1,0.0,0.0,0.38,0.25
2846,0.38,0.25,0.25,0.25,0.25,0.25,0.0,0.0,0.0,0.0,0.0,0.0,0.0,0.0,0.12,0.0,0.0,0.0,0.0
2854,0.0,0.0,0.25,0.25,0.25,0.25,0.25,0.25,0.0,0.0,0.0,0.0,0.0,0.0,0.12,0.0,0.0,0.0,0.0
2867,0.1,0.1,0.25,0.25,0.25,0.25,0.0,0.0,0.0,0.0,0.0,0.0,0.25,0.25,0.25,0.0,0.0,0.0,0.0
2877,0.0,0.0,0.12,0.25,0.12,0.25,0.05,0.1,0.0,0.0,0.0,0.0,0.12,0.25,0.25,0.0,0.0,0.0,0.0
2893,0.38,0.25,0.12,0.25,0.12,0.25,0.12,0.25,0.15,0.1,0.0,0.0,0.12,0.25,0.25,0.0,0.0,0.0,0.0
2901,0.38,0.25,0.12,0.25,0.12,0.25,0.05,0.1,0.0,0.0,0.15,0.1,0.0,0.0,0.25,0.0,0.0,0.0,0.0
2909,0.15,0.1,0.12,0.25,0.12,0.25,0.12,0.25,0.0,0.0,0.15,0.1,0.0,0.0,0.25,0.0,0.0,0.0,0.0
2918,0.15,0.1,0.25,0.25,0.25,0.25,0.0,0.0,0.0,0.0,0.15,0.1,0.1,0.1,0.05,0.0,0.0,0.0,0.0
2928,0.0,0.0,0.12,0.25,0.12,0.25,0.0,0.0,0.0,0.0,0.1,0.1,0.12,0.25,0.05,0.0,0.0,0.0,0.0
2934,0.0,0.0,0.25,0.25,0.25,0.25,0.0,0.0,0.0,0.0,0.15,0.1,0.25,0.25,0.05,0.0,0.0,0.0,0.0
2942,0.0,0.0,0.25,0.25,0.25,0.25,0.1,0.1,0.0,0.0,0.15,0.1,0.25,0.25,0.05,0.0,0.0,0.0,0.0
2955,0.0,0.0,0.25,0.25,0.25,0.25,0.1,0.1,0.0,0.0,0.1,0.1,0.25,0.25,0.1,0.1,0.1,0.0,0.0
2962,0.0,0.0,0.25,0.25,0.25,0.25,0.1,0.1,0.0,0.0,0.0,0.0,0.0,0.0,0.12,0.0,0.0,0.1,0.1
2973,0.38,0.25,0.12,0.25,0.12,0.25,0.12,0.25,0.0,0.0,0.0,0.0,0.0,0.0,0.1,0.0,0.0,0.15,0.1
2981,0.38,0.25,0.12,0.25,0.12,0.25,0.12,0.25,0.0,0.0,0.0,0.0,0.05,0.1,0.25,0.0,0.0,0.15,0.1
3006,0.38,0.25,0.25,0.25,0.25,0.25,0.1,0.1,0.0,0.0,0.15,0.1,0.25,0.25,0.12,0.15,0.1,0.15,0.1
3014,0.0,0.0,0.25,0.25,0.25,0.25,0.25,0.25,0.0,0.0,0.38,0.25,0.1,0.1,0.12,0.0,0.0,0.15,0.1
3022,0.0,0.0,0.25,0.25,0.25,0.25,0.1,0.1,0.0,0.0,0.38,0.25,0.25,0.25,0.05,0.0,0.0,0.15,0.1
3031,0.15,0.1,0.25,0.25,0.25,0.25,0.25,0.25,0.0,0.0,0.0,0.0,0.0,0.0,0.1,0.0,0.0,0.38,0.25
3042,0.0,0.0,0.25,0.25,0.25,0.25,0.1,0.1,0.0,0.0,0.0,0.0,0.1,0.1,0.12,0.0,0.0,0.25,0.25
3050,0.25,0.25,0.25,0.25,0.25,0.25,0.0,0.0,0.0,0.0,0.0,0.0,0.25,0.25,0.12,0.0,0.0,0.25,0.25
3057,0.1,0.1,0.12,0.25,0.12,0.25,0.05,0.1,0.0,0.0,0.0,0.0,0.12,0.25,0.25,0.0,0.0,0.25,0.25
3080,0.25,0.25,0.12,0.25,0.0,0.0,0.12,0.25,0.0,0.0,0.0,0.0,0.12,0.25,0.12,0.0,0.0,0.0,0.0
3089,0.0,0.0,0.0,0.0,0.05,0.1,0.05,0.1,0.0,0.0,0.0,0.0,0.12,0.25,0.25,0.0,0.0,0.0,0.0
3097,0.25,0.25,0.05,0.1,0.05,0.1,0.12,0.25,0.0,0.0,0.0,0.0,0.05,0.1,0.25,0.0,0.0,0.0,0.0
3105,0.0,0.0,0.12,0.25,0.05,0.1,0.0,0.0,0.0,0.0,0.0,0.0,0.05,0.1,0.25,0.0,0.0,0.0,0.0
3114,0.25,0.25,0.25,0.25,0.1,0.1,0.1,0.1,0.0,0.0,0.0,0.0,0.25,0.25,0.12,0.0,0.0,0.0,0.0
3120,0.1,0.1,0.12,0.25,0.05,0.1,0.12,0.25,0.0,0.0,0.0,0.0,0.12,0.25,0.12,0.0,0.0,0.0,0.0
3131,0.1,0.1,0.25,0.25,0.1,0.1,0.1,0.1,0.0,0.0,0.1,0.1,0.25,0.25,0.25,0.0,0.0,0.1,0.1
3137,0.0,0.0,0.12,0.25,0.05,0.1,0.12,0.25,0.0,0.0,0.1,0.1,0.12,0.25,0.25,0.0,0.0,0.1,0.1
3144,0.1,0.1,0.0,0.0,0.12,0.25,0.0,0.0,0.0,0.0,0.0,0.0,0.05,0.1,0.0,0.0,0.0,0.0,0.0
3152,0.25,0.25,0.0,0.0,0.12,0.25,0.05,0.1,0.0,0.0,0.0,0.0,0.05,0.1,0.12,0.0,0.0,0.0,0.0
3159,0.38,0.25,0.0,0.0,0.25,0.25,0.1,0.1,0.0,0.0,0.0,0.0,0.1,0.1,0.25,0.0,0.0,0.0,0.0
3171,0.25,0.25,0.0,0.0,0.25,0.25,0.0,0.0,0.0,0.0,0.0,0.0,0.25,0.25,0.1,0.0,0.0,0.0,0.0
3183,0.38,0.25,0.0,0.0,0.25,0.25,0.1,0.1,0.0,0.0,0.0,0.0,0.25,0.25,0.0,0.0,0.0,0.0,0.0
3191,0.38,0.25,0.0,0.0,0.25,0.25,0.1,0.1,0.0,0.0,0.0,0.0,0.25,0.25,0.25,0.15,0.1,0.0,0.0
3196,0.15,0.1,0.0,0.0,0.12,0.25,0.12,0.25,0.0,0.0,0.0,0.0,0.12,0.25,0.12,0.15,0.1,0.0,0.0
3206,0.15,0.1,0.0,0.0,0.25,0.25,0.25,0.25,0.0,0.0,0.15,0.1,0.1,0.1,0.05,0.0,0.0,0.0,0.0
3214,0.15,0.1,0.0,0.0,0.25,0.25,0.1,0.1,0.0,0.0,0.0,0.0,0.1,0.1,0.05,0.0,0.0,0.15,0.1
3223,0.0,0.0,0.0,0.0,0.25,0.25,0.25,0.25,0.0,0.0,0.0,0.0,0.1,0.1,0.1,0.0,0.0,0.15,0.1
3231,0.0,0.0,0.0,0.0,0.25,0.25,0.0,0.0,0.0,0.0,0.0,0.0,0.25,0.25,0.25,0.0,0.0,0.15,0.1
3239,0.38,0.25,0.0,0.0,0.25,0.25,0.1,0.1,0.0,0.0,0.15,0.1,0.25,0.25,0.1,0.0,0.0,0.15,0.1
3249,0.0,0.0,0.0,0.0,0.12,0.25,0.12,0.25,0.0,0.0,0.0,0.0,0.05,0.1,0.25,0.0,0.0,0.25,0.25
3256,0.25,0.25,0.05,0.1,0.12,0.25,0.0,0.0,0.0,0.0,0.0,0.0,0.0,0.0,0.12,0.0,0.0,0.0,0.0
3264,0.1,0.1,0.05,0.1,0.12,0.25,0.05,0.1,0.0,0.0,0.0,0.0,0.0,0.0,0.12,0.0,0.0,0.0,0.0
3272,0.25,0.25,0.05,0.1,0.12,0.25,0.05,0.1,0.0,0.0,0.0,0.0,0.05,0.1,0.0,0.0,0.0,0.0,0.0
3280,0.25,0.25,0.05,0.1,0.12,0.25,0.0,0.0,0.0,0.0,0.0,0.0,0.05,0.1,0.12,0.1,0.1,0.0,0.0
3288,0.1,0.1,0.05,0.1,0.12,0.25,0.05,0.1,0.0,0.0,0.0,0.0,0.05,0.1,0.12,0.1,0.1,0.0,0.0
3296,0.25,0.25,0.05,0.1,0.12,0.25,0.0,0.0,0.0,0.0,0.0,0.0,0.12,0.25,0.05,0.0,0.0,0.0,0.0
3314,0.25,0.25,0.1,0.1,0.25,0.25,0.25,0.25,0.0,0.0,0.1,0.1,0.0,0.0,0.12,0.0,0.0,0.0,0.0
3321,0.1,0.1,0.05,0.1,0.12,0.25,0.0,0.0,0.0,0.0,0.1,0.1,0.05,0.1,0.1,0.0,0.0,0.0,0.0
3331,0.0,0.0,0.1,0.1,0.25,0.25,0.1,0.1,0.0,0.0,0.1,0.1,0.25,0.25,0.1,0.0,0.0,0.0,0.0
3344,0.1,0.1,0.05,0.1,0.12,0.25,0.05,0.1,0.0,0.0,0.0,0.0,0.0,0.0,0.05,0.0,0.0,0.1,0.1
3354,0.0,0.0,0.1,0.1,0.25,0.25,0.25,0.25,0.0,0.0,0.0,0.0,0.0,0.0,0.05,0.0,0.0,0.1,0.1
3362,0.25,0.25,0.1,0.1,0.25,0.25,0.0,0.0,0.0,0.0,0.0,0.0,0.1,0.1,0.12,0.0,0.0,0.1,0.1
3368,0.1,0.1,0.05,0.1,0.12,0.25,0.05,0.1,0.0,0.0,0.0,0.0,0.05,0.1,0.12,0.0,0.0,0.1,0.1
3379,0.0,0.0,0.1,0.1,0.25,0.25,0.25,0.25,0.0,0.0,0.0,0.0,0.1,0.1,0.25,0.0,0.0,0.1,0.1
3387,0.25,0.25,0.1,0.1,0.25,0.25,0.1,0.1,0.0,0.0,0.1,0.1,0.1,0.1,0.25,0.0,0.0,0.1,0.1
3400,0.25,0.25,0.05,0.1,0.12,0.25,0.0,0.0,0.0,0.0,0.1,0.1,0.12,0.25,0.12,0.0,0.0,0.1,0.1
3408,0.1,0.1,0.05,0.1,0.12,0.25,0.05,0.1,0.0,0.0,0.1,0.1,0.12,0.25,0.12,0.0,0.0,0.1,0.1
3416,0.0,0.0,0.05,0.1,0.12,0.25,0.12,0.25,0.0,0.0,0.1,0.1,0.12,0.25,0.12,0.0,0.0,0.1,0.1
3425,0.25,0.25,0.05,0.1,0.12,0.25,0.12,0.25,0.0,0.0,0.1,0.1,0.12,0.25,0.25,0.1,0.1,0.1,0.1
3433,0.1,0.1,0.05,0.1,0.12,0.25,0.05,0.1,0.0,0.0,0.0,0.0,0.05,0.1,0.1,0.0,0.0,0.25,0.25
3441,0.0,0.0,0.05,0.1,0.12,0.25,0.12,0.25,0.0,0.0,0.0,0.0,0.05,0.1,0.1,0.0,0.0,0.25,0.25
3453,0.38,0.25,0.05,0.1,0.12,0.25,0.12,0.25,0.0,0.0,0.0,0.0,0.12,0.25,0.25,0.0,0.0,0.38,0.25
3470,0.0,0.0,0.25,0.25,0.25,0.25,0.0,0.0,0.0,0.0,0.0,0.0,0.0,0.0,0.05,0.0,0.0,0.0,0.0
3478,0.38,0.25,0.25,0.25,0.25,0.25,0.0,0.0,0.0,0.0,0.0,0.0,0.1,0.1,0.12,0.0,0.0,0.0,0.0
3486,0.15,0.1,0.25,0.25,0.25,0.25,0.1,0.1,0.0,0.0,0.0,0.0,0.1,0.1,0.12,0.0,0.0,0.0,0.0
3496,0.25,0.25,0.12,0.25,0.12,0.25,0.05,0.1,0.0,0.0,0.0,0.0,0.12,0.25,0.0,0.1,0.1,0.0,0.0
3505,0.25,0.25,0.12,0.25,0.12,0.25,0.12,0.25,0.0,0.0,0.1,0.1,0.0,0.0,0.25,0.0,0.0,0.0,0.0
3515,0.25,0.25,0.25,0.25,0.25,0.25,0.0,0.0,0.0,0.0,0.1,0.1,0.1,0.1,0.1,0.0,0.0,0.0,0.0
3523,0.1,0.1,0.25,0.25,0.25,0.25,0.1,0.1,0.0,0.0,0.1,0.1,0.1,0.1,0.1,0.0,0.0,0.0,0.0
3531,0.25,0.25,0.25,0.25,0.25,0.25,0.25,0.25,0.0,0.0,0.1,0.1,0.1,0.1,0.25,0.0,0.0,0.0,0.0
3540,0.0,0.0,0.12,0.25,0.12,0.25,0.05,0.1,0.0,0.0,0.15,0.1,0.05,0.1,0.12,0.15,0.1,0.0,0.0
3548,0.38,0.25,0.12,0.25,0.12,0.25,0.0,0.0,0.0,0.0,0.15,0.1,0.12,0.25,0.0,0.0,0.0,0.0,0.0
3560,0.25,0.25,0.12,0.25,0.12,0.25,0.12,0.25,0.0,0.0,0.1,0.1,0.12,0.25,0.0,0.0,0.0,0.0,0.0
3570,0.1,0.1,0.25,0.25,0.25,0.25,0.25,0.25,0.0,0.0,0.0,0.0,0.0,0.0,0.12,0.0,0.0,0.1,0.1
3580,0.15,0.1,0.12,0.25,0.12,0.25,0.05,0.1,0.0,0.0,0.0,0.0,0.05,0.1,0.05,0.0,0.0,0.15,0.1
3589,0.15,0.1,0.12,0.25,0.12,0.25,0.12,0.25,0.0,0.0,0.0,0.0,0.05,0.1,0.1,0.0,0.0,0.15,0.1
3599,0.38,0.25,0.25,0.25,0.25,0.25,0.25,0.25,0.0,0.0,0.0,0.0,0.25,0.25,0.25,0.0,0.0,0.15,0.1
3609,0.0,0.0,0.12,0.25,0.12,0.25,0.12,0.25,0.0,0.0,0.0,0.0,0.12,0.25,0.25,0.1,0.1,0.1,0.1
3615,0.0,0.0,0.25,0.25,0.25,0.25,0.25,0.25,0.0,0.0,0.0,0.0,0.25,0.25,0.25,0.15,0.1,0.15,0.1
3633,0.0,0.0,0.12,0.25,0.12,0.25,0.12,0.25,0.0,0.0,0.0,0.0,0.05,0.1,0.1,0.0,0.0,0.25,0.25
3642,0.25,0.25,0.25,0.25,0.25,0.25,0.0,0.0,0.0,0.0,0.25,0.25,0.25,0.25,0.12,0.0,0.0,0.25,0.25
3651,0.1,0.1,0.25,0.25,0.0,0.0,0.25,0.25,0.0,0.0,0.0,0.0,0.1,0.1,0.25,0.0,0.0,0.0,0.0
3659,0.1,0.1,0.0,0.0,0.1,0.1,0.25,0.25,0.0,0.0,0.0,0.0,0.1,0.1,0.25,0.0,0.0,0.0,0.0
3667,0.25,0.25,0.1,0.1,0.1,0.1,0.25,0.25,0.0,0.0,0.0,0.0,0.25,0.25,0.25,0.0,0.0,0.0,0.0
3675,0.0,0.0,0.25,0.25,0.1,0.1,0.0,0.0,0.0,0.0,0.0,0.0,0.0,0.0,0.25,0.0,0.0,0.0,0.0
3683,0.0,0.0,0.25,0.25,0.1,0.1,0.1,0.1,0.0,0.0,0.1,0.1,0.25,0.25,0.1,0.0,0.0,0.0,0.0
3691,0.1,0.1,0.25,0.25,0.1,0.1,0.0,0.0,0.0,0.0,0.1,0.1,0.25,0.25,0.25,0.0,0.0,0.1,0.1
3699,0.0,0.0,0.25,0.25,0.1,0.1,0.1,0.1,0.0,0.0,0.1,0.1,0.25,0.25,0.25,0.0,0.0,0.1,0.1
3707,0.25,0.25,0.0,0.0,0.25,0.25,0.0,0.0,0.0,0.0,0.0,0.0,0.1,0.1,0.25,0.0,0.0,0.0,0.0
3713,0.1,0.1,0.0,0.0,0.12,0.25,0.05,0.1,0.0,0.0,0.0,0.0,0.05,0.1,0.25,0.0,0.0,0.0,0.0
3723,0.0,0.0,0.0,0.0,0.25,0.25,0.25,0.25,0.0,0.0,0.0,0.0,0.1,0.1,0.25,0.0,0.0,0.0,0.0
3731,0.1,0.1,0.0,0.0,0.25,0.25,0.0,0.0,0.0,0.0,0.0,0.0,0.25,0.25,0.1,0.0,0.0,0.0,0.0
3738,0.1,0.1,0.0,0.0,0.25,0.25,0.25,0.25,0.0,0.0,0.0,0.0,0.25,0.25,0.0,0.0,0.0,0.0,0.0
3746,0.25,0.25,0.0,0.0,0.25,0.25,0.25,0.25,0.0,0.0,0.0,0.0,0.25,0.25,0.12,0.0,0.0,0.0,0.0
3752,0.1,0.1,0.0,0.0,0.12,0.25,0.0,0.0,0.0,0.0,0.0,0.0,0.12,0.25,0.12,0.1,0.1,0.0,0.0
3761,0.1,0.1,0.0,0.0,0.12,0.25,0.05,0.1,0.0,0.0,0.0,0.0,0.12,0.25,0.25,0.1,0.1,0.0,0.0
3770,0.0,0.0,0.0,0.0,0.25,0.25,0.25,0.25,0.0,0.0,0.0,0.0,0.25,0.25,0.12,0.1,0.1,0.0,0.0
3778,0.1,0.1,0.0,0.0,0.25,0.25,0.0,0.0,0.0,0.0,0.0,0.0,0.1,0.1,0.12,0.0,0.0,0.1,0.1
3783,0.15,0.1,0.0,0.0,0.25,0.25,0.0,0.0,0.0,0.0,0.0,0.0,0.1,0.1,0.25,0.0,0.0,0.15,0.1
3791,0.0,0.0,0.0,0.0,0.25,0.25,0.1,0.1,0.0,0.0,0.0,0.0,0.1,0.1,0.25,0.0,0.0,0.15,0.1
3798,0.38,0.25,0.0,0.0,0.25,0.25,0.1,0.1,0.0,0.0,0.0,0.0,0.25,0.25,0.12,0.0,0.0,0.15,0.1
3805,0.15,0.1,0.0,0.0,0.12,0.25,0.12,0.25,0.0,0.0,0.0,0.0,0.12,0.25,0.25,0.0,0.0,0.15,0.1
3815,0.15,0.1,0.0,0.0,0.25,0.25,0.0,0.0,0.0,0.0,0.15,0.1,0.1,0.1,0.25,0.0,0.0,0.15,0.1
3823,0.0,0.0,0.0,0.0,0.25,0.25,0.1,0.1,0.0,0.0,0.15,0.1,0.1,0.1,0.25,0.0,0.0,0.15,0.1
3831,0.15,0.1,0.0,0.0,0.25,0.25,0.1,0.1,0.0,0.0,0.15,0.1,0.25,0.25,0.25,0.0,0.0,0.15,0.1
3840,0.0,0.0,0.0,0.0,0.12,0.25,0.05,0.1,0.0,0.0,0.0,0.0,0.05,0.1,0.05,0.0,0.0,0.25,0.25
3853,0.38,0.25,0.0,0.0,0.12,0.25,0.12,0.25,0.0,0.0,0.0,0.0,0.05,0.1,0.25,0.0,0.0,0.38,0.25
3863,0.38,0.25,0.0,0.0,0.25,0.25,0.0,0.0,0.0,0.0,0.0,0.0,0.25,0.25,0.25,0.0,0.0,0.38,0.25
3872,0.0,0.0,0.0,0.0,0.12,0.25,0.12,0.25,0.0,0.0,0.0,0.0,0.12,0.25,0.12,0.0,0.0,0.25,0.25
3880,0.25,0.25,0.05,0.1,0.12,0.25,0.05,0.1,0.0,0.0,0.0,0.0,0.0,0.0,0.12,0.0,0.0,0.0,0.0
3887,0.38,0.25,0.1,0.1,0.25,0.25,0.1,0.1,0.0,0.0,0.0,0.0,0.0,0.0,0.25,0.0,0.0,0.0,0.0
3895,0.0,0.0,0.1,0.1,0.25,0.25,0.0,0.0,0.0,0.0,0.0,0.0,0.1,0.1,0.25,0.0,0.0,0.0,0.0
3907,0.25,0.25,0.1,0.1,0.25,0.25,0.25,0.25,0.0,0.0,0.0,0.0,0.25,0.25,0.25,0.0,0.0,0.0,0.0
3915,0.1,0.1,0.1,0.1,0.25,0.25,0.0,0.0,0.0,0.0,0.0,0.0,0.25,0.25,0.25,0.1,0.1,0.0,0.0
3923,0.0,0.0,0.1,0.1,0.25,0.25,0.1,0.1,0.0,0.0,0.0,0.0,0.25,0.25,0.25,0.1,0.1,0.0,0.0
3931,0.1,0.1,0.1,0.1,0.25,0.25,0.1,0.1,0.0,0.0,0.1,0.1,0.1,0.1,0.1,0.0,0.0,0.0,0.0
3940,0.0,0.0,0.05,0.1,0.12,0.25,0.12,0.25,0.0,0.0,0.15,0.1,0.05,0.1,0.05,0.0,0.0,0.0,0.0
3948,0.0,0.0,0.05,0.1,0.12,0.25,0.0,0.0,0.0,0.0,0.15,0.1,0.12,0.25,0.05,0.0,0.0,0.0,0.0
3956,0.15,0.1,0.05,0.1,0.12,0.25,0.05,0.1,0.0,0.0,0.15,0.1,0.12,0.25,0.0,0.0,0.0,0.0,0.0
3964,0.15,0.1,0.05,0.1,0.12,0.25,0.12,0.25,0.0,0.0,0.15,0.1,0.12,0.25,0.05,0.0,0.0,0.0,0.0
3972,0.15,0.1,0.05,0.1,0.12,0.25,0.12,0.25,0.0,0.0,0.0,0.0,0.0,0.0,0.05,0.0,0.0,0.15,0.1
3980,0.15,0.1,0.05,0.1,0.12,0.25,0.0,0.0,0.0,0.0,0.0,0.0,0.12,0.25,0.12,0.0,0.0,0.15,0.1
3986,0.0,0.0,0.1,0.1,0.25,0.25,0.1,0.1,0.0,0.0,0.0,0.0,0.25,0.25,0.12,0.0,0.0,0.1,0.1
3994,0.25,0.25,0.1,0.1,0.25,0.25,0.0,0.0,0.0,0.0,0.1,0.1,0.1,0.1,0.12,0.0,0.0,0.1,0.1
4003,0.1,0.1,0.1,0.1,0.25,0.25,0.1,0.1,0.0,0.0,0.1,0.1,0.1,0.1,0.25,0.0,0.0,0.1,0.1
4019,0.0,0.0,0.1,0.1,0.25,0.25,0.1,0.1,0.0,0.0,0.1,0.1,0.25,0.25,0.0,0.0,0.0,0.1,0.1
4031,0.38,0.25,0.1,0.1,0.25,0.25,0.25,0.25,0.0,0.0,0.15,0.1,0.25,0.25,0.25,0.0,0.0,0.15,0.1
4045,0.0,0.0,0.05,0.1,0.12,0.25,0.05,0.1,0.0,0.0,0.0,0.0,0.0,0.0,0.1,0.0,0.0,0.38,0.25
4057,0.25,0.25,0.05,0.1,0.12,0.25,0.0,0.0,0.0,0.0,0.0,0.0,0.12,0.25,0.25,0.0,0.0,0.25,0.25
4064,0.1,0.1,0.05,0.1,0.12,0.25,0.05,0.1,0.0,0.0,0.0,0.0,0.12,0.25,0.12,0.0,0.0,0.25,0.25
4074,0.0,0.0,0.1,0.1,0.25,0.25,0.25,0.25,0.0,0.0,0.0,0.0,0.25,0.25,0.12,0.0,0.0,0.25,0.25
4082,0.1,0.1,0.25,0.25,0.25,0.25,0.0,0.0,0.0,0.0,0.0,0.0,0.0,0.0,0.12,0.0,0.0,0.0,0.0
4092,0.38,0.25,0.12,0.25,0.12,0.25,0.05,0.1,0.0,0.0,0.0,0.0,0.0,0.0,0.05,0.0,0.0,0.0,0.0
4101,0.15,0.1,0.12,0.25,0.12,0.25,0.0,0.0,0.0,0.0,0.0,0.0,0.05,0.1,0.25,0.0,0.0,0.0,0.0
4108,0.0,0.0,0.12,0.25,0.12,0.25,0.05,0.1,0.0,0.0,0.0,0.0,0.05,0.1,0.12,0.0,0.0,0.0,0.0
4114,0.25,0.25,0.25,0.25,0.25,0.25,0.25,0.25,0.0,0.0,0.0,0.0,0.1,0.1,0.05,0.0,0.0,0.0,0.0
4124,0.38,0.25,0.12,0.25,0.12,0.25,0.05,0.1,0.0,0.0,0.0,0.0,0.12,0.25,0.12,0.0,0.0,0.0,0.0
4132,0.15,0.1,0.12,0.25,0.12,0.25,0.12,0.25,0.0,0.0,0.0,0.0,0.12,0.25,0.12,0.0,0.0,0.0,0.0
4142,0.0,0.0,0.25,0.25,0.25,0.25,0.0,0.0,0.0,0.0,0.0,0.0,0.25,0.25,0.12,0.15,0.1,0.0,0.0
4161,0.25,0.25,0.12,0.25,0.12,0.25,0.0,0.0,0.0,0.0,0.1,0.1,0.05,0.1,0.25,0.0,0.0,0.0,0.0
4171,0.0,0.0,0.25,0.25,0.25,0.25,0.1,0.1,0.0,0.0,0.1,0.1,0.1,0.1,0.25,0.0,0.0,0.0,0.0
4179,0.25,0.25,0.25,0.25,0.25,0.25,0.25,0.25,0.0,0.0,0.1,0.1,0.1,0.1,0.25,0.1,0.1,0.0,0.0
4191,0.0,0.0,0.25,0.25,0.25,0.25,0.0,0.0,0.0,0.0,0.15,0.1,0.25,0.25,0.0,0.0,0.0,0.0,0.0
4199,0.15,0.1,0.25,0.25,0.25,0.25,0.1,0.1,0.0,0.0,0.15,0.1,0.25,0.25,0.25,0.0,0.0,0.0,0.0
4207,0.0,0.0,0.25,0.25,0.25,0.25,0.25,0.25,0.0,0.0,0.15,0.1,0.25,0.25,0.25,0.0,0.0,0.0,0.0
4216,0.1,0.1,0.12,0.25,0.12,0.25,0.05,0.1,0.0,0.0,0.0,0.0,0.0,0.0,0.05,0.0,0.0,0.1,0.1
4226,0.0,0.0,0.25,0.25,0.25,0.25,0.25,0.25,0.0,0.0,0.0,0.0,0.0,0.0,0.05,0.0,0.0,0.1,0.1
4235,0.0,0.0,0.25,0.25,0.25,0.25,0.0,0.0,0.0,0.0,0.0,0.0,0.1,0.1,0.25,0.0,0.0,0.1,0.1
4243,0.25,0.25,0.25,0.25,0.25,0.25,0.1,0.1,0.0,0.0,0.0,0.0,0.1,0.1,0.1,0.0,0.0,0.1,0.1
4251,0.0,0.0,0.25,0.25,0.25,0.25,0.25,0.25,0.0,0.0,0.0,0.0,0.1,0.1,0.1,0.0,0.0,0.1,0.1
4265,0.0,0.0,0.12,0.25,0.12,0.25,0.0,0.0,0.0,0.0,0.1,0.1,0.05,0.1,0.25,0.0,0.0,0.1,0.1
4273,0.0,0.0,0.12,0.25,0.12,0.25,0.0,0.0,0.0,0.0,0.1,0.1,0.12,0.25,0.25,0.0,0.0,0.1,0.1
4285,0.38,0.25,0.12,0.25,0.12,0.25,0.05,0.1,0.0,0.0,0.15,0.1,0.12,0.25,0.0,0.0,0.0,0.15,0.1
4300,0.15,0.1,0.12,0.25,0.12,0.25,0.05,0.1,0.0,0.0,0.15,0.1,0.12,0.25,0.12,0.15,0.1,0.15,0.1
4308,0.0,0.0,0.12,0.25,0.12,0.25,0.12,0.25,0.15,0.1,0.15,0.1,0.12,0.25,0.12,0.0,0.0,0.15,0.1
4316,0.0,0.0,0.12,0.25,0.12,0.25,0.12,0.25,0.0,0.0,0.0,0.0,0.0,0.0,0.12,0.0,0.0,0.38,0.25
4329,0.1,0.1,0.12,0.25,0.12,0.25,0.12,0.25,0.0,0.0,0.0,0.0,0.05,0.1,0.25,0.0,0.0,0.25,0.25
4354,0.0,0.0,0.25,0.25,0.25,0.25,0.0,0.0,0.0,0.0,0.25,0.25,0.25,0.25,0.12,0.0,0.0,0.25,0.25
4363,0.1,0.1,0.25,0.25,0.0,0.0,0.25,0.25,0.0,0.0,0.0,0.0,0.25,0.25,0.25,0.0,0.0,0.0,0.0
4371,0.1,0.1,0.0,0.0,0.1,0.1,0.25,0.25,0.0,0.0,0.0,0.0,0.25,0.25,0.25,0.0,0.0,0.0,0.0
4379,0.1,0.1,0.1,0.1,0.1,0.1,0.1,0.1,0.0,0.0,0.0,0.0,0.1,0.1,0.25,0.0,0.0,0.0,0.0
4387,0.0,0.0,0.1,0.1,0.1,0.1,0.25,0.25,0.0,0.0,0.0,0.0,0.1,0.1,0.25,0.0,0.0,0.0,0.0
4395,0.1,0.1,0.1,0.1,0.1,0.1,0.25,0.25,0.0,0.0,0.1,0.1,0.25,0.25,0.25,0.0,0.0,0.1,0.1
4405,0.0,0.0,0.12,0.25,0.05,0.1,0.05,0.1,0.0,0.0,0.0,0.0,0.05,0.1,0.25,0.0,0.0,0.0,0.0
4414,0.15,0.1,0.25,0.25,0.1,0.1,0.1,0.1,0.0,0.0,0.0,0.0,0.25,0.25,0.05,0.0,0.0,0.0,0.0
4421,0.0,0.0,0.12,0.25,0.05,0.1,0.12,0.25,0.0,0.0,0.15,0.1,0.0,0.0,0.25,0.0,0.0,0.0,0.0
4430,0.0,0.0,0.25,0.25,0.1,0.1,0.0,0.0,0.0,0.0,0.15,0.1,0.25,0.25,0.12,0.15,0.1,0.0,0.0
4437,0.15,0.1,0.12,0.25,0.05,0.1,0.12,0.25,0.0,0.0,0.0,0.0,0.12,0.25,0.1,0.0,0.0,0.15,0.1
4445,0.0,0.0,0.0,0.0,0.12,0.25,0.0,0.0,0.0,0.0,0.0,0.0,0.05,0.1,0.25,0.0,0.0,0.0,0.0
4459,0.25,0.25,0.0,0.0,0.25,0.25,0.25,0.25,0.0,0.0,0.0,0.0,0.25,0.25,0.0,0.0,0.0,0.0,0.0
4467,0.0,0.0,0.0,0.0,0.25,0.25,0.1,0.1,0.0,0.0,0.1,0.1,0.25,0.25,0.25,0.0,0.0,0.0,0.0
4475,0.0,0.0,0.0,0.0,0.25,0.25,0.25,0.25,0.0,0.0,0.1,0.1,0.25,0.25,0.1,0.0,0.0,0.0,0.0
4483,0.0,0.0,0.0,0.0,0.25,0.25,0.25,0.25,0.0,0.0,0.0,0.0,0.0,0.0,0.1,0.0,0.0,0.1,0.1
4491,0.25,0.25,0.0,0.0,0.25,0.25,0.0,0.0,0.0,0.0,0.0,0.0,0.1,0.1,0.25,0.0,0.0,0.1,0.1
4498,0.1,0.1,0.0,0.0,0.25,0.25,0.1,0.1,0.0,0.0,0.0,0.0,0.1,0.1,0.12,0.0,0.0,0.1,0.1
4505,0.0,0.0,0.0,0.0,0.12,0.25,0.12,0.25,0.0,0.0,0.0,0.0,0.05,0.1,0.25,0.0,0.0,0.1,0.1
4513,0.25,0.25,0.0,0.0,0.12,0.25,0.0,0.0,0.0,0.0,0.0,0.0,0.12,0.25,0.25,0.0,0.0,0.1,0.1
4520,0.1,0.1,0.0,0.0,0.12,0.25,0.05,0.1,0.0,0.0,0.0,0.0,0.12,0.25,0.12,0.0,0.0,0.1,0.1
4528,0.0,0.0,0.0,0.0,0.12,0.25,0.12,0.25,0.0,0.0,0.0,0.0,0.12,0.25,0.12,0.0,0.0,0.1,0.1
4536,0.25,0.25,0.0,0.0,0.12,0.25,0.0,0.0,0.0,0.0,0.1,0.1,0.12,0.25,0.05,0.0,0.0,0.1,0.1
4543,0.38,0.25,0.0,0.0,0.25,0.25,0.0,0.0,0.0,0.0,0.15,0.1,0.25,0.25,0.1,0.0,0.0,0.15,0.1
4551,0.0,0.0,0.0,0.0,0.25,0.25,0.1,0.1,0.0,0.0,0.15,0.1,0.25,0.25,0.1,0.0,0.0,0.15,0.1
4564,0.38,0.25,0.0,0.0,0.12,0.25,0.12,0.25,0.0,0.0,0.15,0.1,0.12,0.25,0.12,0.0,0.0,0.15,0.1
4572,0.0,0.0,0.0,0.0,0.12,0.25,0.12,0.25,0.0,0.0,0.15,0.1,0.12,0.25,0.12,0.15,0.1,0.15,0.1
4577,0.25,0.25,0.0,0.0,0.12,0.25,0.05,0.1,0.0,0.0,0.0,0.0,0.05,0.1,0.1,0.0,0.0,0.25,0.25
4584,0.1,0.1,0.0,0.0,0.12,0.25,0.12,0.25,0.0,0.0,0.0,0.0,0.05,0.1,0.05,0.0,0.0,0.25,0.25
4603,0.1,0.1,0.0,0.0,0.25,0.25,0.25,0.25,0.0,0.0,0.0,0.0,0.25,0.25,0.25,0.0,0.0,0.25,0.25
4611,0.1,0.1,0.1,0.1,0.25,0.25,0.0,0.0,0.0,0.0,0.0,0.0,0.1,0.1,0.25,0.0,0.0,0.0,0.0
4622,0.0,0.0,0.1,0.1,0.25,0.25,0.1,0.1,0.0,0.0,0.0,0.0,0.1,0.1,0.12,0.0,0.0,0.0,0.0
4628,0.38,0.25,0.05,0.1,0.12,0.25,0.05,0.1,0.0,0.0,0.0,0.0,0.05,0.1,0.12,0.15,0.1,0.0,0.0
4636,0.38,0.25,0.05,0.1,0.12,0.25,0.0,0.0,0.0,0.0,0.0,0.0,0.12,0.25,0.12,0.15,0.1,0.0,0.0
4644,0.15,0.1,0.05,0.1,0.12,0.25,0.05,0.1,0.0,0.0,0.0,0.0,0.12,0.25,0.12,0.15,0.1,0.0,0.0
4652,0.0,0.0,0.05,0.1,0.12,0.25,0.12,0.25,0.0,0.0,0.15,0.1,0.0,0.0,0.12,0.0,0.0,0.0,0.0
4660,0.0,0.0,0.05,0.1,0.12,0.25,0.05,0.1,0.0,0.0,0.15,0.1,0.05,0.1,0.05,0.0,0.0,0.0,0.0
4672,0.25,0.25,0.05,0.1,0.12,0.25,0.12,0.25,0.0,0.0,0.1,0.1,0.05,0.1,0.12,0.0,0.0,0.0,0.0
4684,0.15,0.1,0.05,0.1,0.12,0.25,0.12,0.25,0.0,0.0,0.15,0.1,0.12,0.25,0.12,0.0,0.0,0.0,0.0
4694,0.0,0.0,0.1,0.1,0.25,0.25,0.0,0.0,0.0,0.0,0.15,0.1,0.25,0.25,0.12,0.15,0.1,0.0,0.0
4700,0.0,0.0,0.05,0.1,0.12,0.25,0.0,0.0,0.0,0.0,0.0,0.0,0.05,0.1,0.12,0.0,0.0,0.15,0.1
4708,0.38,0.25,0.05,0.1,0.12,0.25,0.05,0.1,0.0,0.0,0.0,0.0,0.05,0.1,0.05,0.0,0.0,0.15,0.1
4716,0.15,0.1,0.05,0.1,0.12,0.25,0.12,0.25,0.0,0.0,0.0,0.0,0.05,0.1,0.05,0.0,0.0,0.15,0.1
4724,0.38,0.25,0.05,0.1,0.12,0.25,0.12,0.25,0.0,0.0,0.0,0.0,0.12,0.25,0.12,0.0,0.0,0.15,0.1
4733,0.15,0.1,0.05,0.1,0.12,0.25,0.0,0.0,0.0,0.0,0.15,0.1,0.05,0.1,0.25,0.0,0.0,0.15,0.1
4741,0.0,0.0,0.05,0.1,0.12,0.25,0.05,0.1,0.0,0.0,0.15,0.1,0.05,0.1,0.25,0.0,0.0,0.15,0.1
4749,0.0,0.0,0.05,0.1,0.12,0.25,0.0,0.0,0.0,0.0,0.15,0.1,0.12,0.25,0.25,0.0,0.0,0.15,0.1
4757,0.38,0.25,0.05,0.1,0.12,0.25,0.05,0.1,0.0,0.0,0.15,0.1,0.12,0.25,0.1,0.0,0.0,0.15,0.1
4765,0.15,0.1,0.05,0.1,0.12,0.25,0.12,0.25,0.0,0.0,0.15,0.1,0.12,0.25,0.25,0.15,0.1,0.15,0.1
4781,0.15,0.1,0.05,0.1,0.12,0.25,0.0,0.0,0.0,0.0,0.0,0.0,0.05,0.1,0.25,0.0,0.0,0.38,0.25
4789,0.0,0.0,0.05,0.1,0.12,0.25,0.05,0.1,0.0,0.0,0.0,0.0,0.05,0.1,0.25,0.0,0.0,0.38,0.25
4802,0.1,0.1,0.1,0.1,0.25,0.25,0.1,0.1,0.0,0.0,0.0,0.0,0.25,0.25,0.05,0.0,0.0,0.25,0.25
4811,0.0,0.0,0.1,0.1,0.25,0.25,0.25,0.25,0.0,0.0,0.0,0.0,0.25,0.25,0.1,0.0,0.0,0.25,0.25
4820,0.15,0.1,0.12,0.25,0.12,0.25,0.12,0.25,0.0,0.0,0.0,0.0,0.0,0.0,0.12,0.0,0.0,0.0,0.0
4828,0.38,0.25,0.12,0.25,0.12,0.25,0.05,0.1,0.0,0.0,0.0,0.0,0.05,0.1,0.12,0.0,0.0,0.0,0.0
4835,0.1,0.1,0.25,0.25,0.25,0.25,0.25,0.25,0.0,0.0,0.0,0.0,0.1,0.1,0.25,0.0,0.0,0.0,0.0
4846,0.0,0.0,0.25,0.25,0.25,0.25,0.0,0.0,0.0,0.0,0.0,0.0,0.1,0.1,0.12,0.15,0.1,0.0,0.0
4857,0.0,0.0,0.12,0.25,0.12,0.25,0.0,0.0,0.0,0.0,0.1,0.1,0.05,0.1,0.1,0.0,0.0,0.0,0.0
4875,0.25,0.25,0.25,0.25,0.25,0.25,0.1,0.1,0.0,0.0,0.1,0.1,0.1,0.1,0.25,0.0,0.0,0.0,0.0
4884,0.15,0.1,0.12,0.25,0.12,0.25,0.12,0.25,0.0,0.0,0.15,0.1,0.05,0.1,0.12,0.0,0.0,0.0,0.0
4892,0.15,0.1,0.12,0.25,0.12,0.25,0.0,0.0,0.0,0.0,0.15,0.1,0.12,0.25,0.05,0.0,0.0,0.0,0.0
4900,0.38,0.25,0.12,0.25,0.12,0.25,0.05,0.1,0.0,0.0,0.15,0.1,0.12,0.25,0.0,0.0,0.0,0.0,0.0
4907,0.0,0.0,0.25,0.25,0.25,0.25,0.25,0.25,0.0,0.0,0.1,0.1,0.25,0.25,0.1,0.0,0.0,0.0,0.0
4915,0.25,0.25,0.25,0.25,0.25,0.25,0.25,0.25,0.0,0.0,0.1,0.1,0.25,0.25,0.25,0.0,0.0,0.0,0.0
4920,0.1,0.1,0.12,0.25,0.12,0.25,0.12,0.25,0.0,0.0,0.1,0.1,0.12,0.25,0.12,0.1,0.1,0.0,0.0
4936,0.1,0.1,0.12,0.25,0.12,0.25,0.0,0.0,0.0,0.0,0.0,0.0,0.05,0.1,0.12,0.0,0.0,0.1,0.1
4945,0.0,0.0,0.12,0.25,0.12,0.25,0.05,0.1,0.0,0.0,0.0,0.0,0.05,0.1,0.25,0.0,0.0,0.1,0.1
4954,0.25,0.25,0.25,0.25,0.25,0.25,0.25,0.25,0.0,0.0,0.0,0.0,0.1,0.1,0.05,0.0,0.0,0.1,0.1
4966,0.0,0.0,0.25,0.25,0.25,0.25,0.0,0.0,0.0,0.0,0.0,0.0,0.25,0.25,0.12,0.0,0.0,0.15,0.1
4972,0.0,0.0,0.12,0.25,0.12,0.25,0.05,0.1,0.0,0.0,0.0,0.0,0.12,0.25,0.12,0.0,0.0,0.15,0.1
4980,0.38,0.25,0.12,0.25,0.12,0.25,0.12,0.25,0.0,0.0,0.0,0.0,0.12,0.25,0.12,0.15,0.1,0.15,0.1
4994,0.25,0.25,0.25,0.25,0.25,0.25,0.0,0.0,0.0,0.0,0.1,0.1,0.25,0.25,0.12,0.0,0.0,0.1,0.1
4999,0.38,0.25,0.25,0.25,0.25,0.25,0.0,0.0,0.0,0.0,0.15,0.1,0.25,0.25,0.25,0.0,0.0,0.15,0.1
5005,0.15,0.1,0.12,0.25,0.12,0.25,0.05,0.1,0.0,0.0,0.15,0.1,0.12,0.25,0.25,0.0,0.0,0.15,0.1
5014,0.0,0.0,0.25,0.25,0.25,0.25,0.25,0.25,0.0,0.0,0.15,0.1,0.25,0.25,0.12,0.0,0.0,0.15,0.1
5023,0.38,0.25,0.25,0.25,0.25,0.25,0.1,0.1,0.0,0.0,0.0,0.0,0.1,0.1,0.25,0.0,0.0,0.38,0.25
5030,0.38,0.25,0.25,0.25,0.25,0.25,0.25,0.25,0.0,0.0,0.0,0.0,0.1,0.1,0.12,0.0,0.0,0.38,0.25
5044,0.15,0.1,0.12,0.25,0.12,0.25,0.12,0.25,0.0,0.0,0.0,0.0,0.12,0.25,0.12,0.0,0.0,0.38,0.25
5053,0.15,0.1,0.12,0.25,0.12,0.25,0.0,0.0,0.0,0.0,0.38,0.25,0.12,0.25,0.25,0.0,0.0,0.38,0.25
